0
79.99
61.89
40.27
41.05
44.3
43.7
36.45
39.29
38.07
28.02
43.01
42.33
47.81
39.36
56.14
42.62
41.84
28.24
8.06
44.21
52.52
53.3
52.12
55.26
41.72
53.69
30.08
37.72
42.23
36.25
50.46
39.0
53.1
41.54
35.08
26.26
32.82
46.93
33.12
50.95
33.02
54.38
51.73
50.66
48.7
44.7
30.28
40.86
71.99
34.4
28.8
36.3
37.8
41.3
25.2
41.1
28.6
24.4
39.3
35.3
24.1
46.2
42.8
49.2
46.8
45.7
49.2
46.9
49.2
55.9
49.8
47.1
55.9
38.0
55.9
56.1
35.1
61.09
59.8
60.29
61.8
56.7
68.3
66.9
60.29
50.7
56.4
71.3
74.7
52.2
67.7
71.3
66.0
71.3
63.4
64.9
64.9
72.3
64.3
55.2
58.8
66.1
73.7
77.3
80.2
54.9
72.99
77.3
66.6
66.7
74.19
65.2
57.6
65.2
68.1
75.5
79.3
56.5
79.3
73.3
82.6
79.3
67.8
11.58
24.89
40.71
10.38
22.14
27.66
15.04
21.06
26.4
35.34
40.57
24.9
34.2
39.61
10.03
24.48
31.54
35.34
22.72
28.47
40.39
10.76
21.54
28.63
33.54
7.75
17.82
24.24
32.85
39.23
45.71
50.77
53.9
13.18
40.23
47.13
13.36
31.35
40.86
25.69
30.23
39.59
44.3
13.82
24.92
29.22
38.33
42.35
13.54
31.64
42.92
13.33
25.37
44.4
47.74
31.35
38.5
45.08
47.82
26.77
42.7
45.84
17.22
29.93
36.97
13.12
24.43
36.64
44.21
21.6
27.77
35.57
45.37
7.32
21.5
43.5
7.4
31.12
39.15
48.15
22.5
45.08
41.89
48.28
51.04
55.64
22.95
35.23
39.94
48.72
52.04
21.02
44.14
45.37
15.36
28.68
30.85
42.03
51.06
42.29
50.6
55.83
60.95
42.22
52.5
60.32
66.42
23.8
51.33
21.91
36.99
47.4
17.57
33.73
40.15
46.64
50.08
17.37
33.7
45.94
51.43
59.3
47.71
63.14
66.82
66.95
35.96
55.51
61.99
18.02
52.2
53.96
26.05
30.22
37.27
16.28
25.62
43.06
81.75
64.02
41.37
60.28
51.02
55.55
39.38
55.65
47.28
44.33
52.3
39.4
39.3
67.87
59.0
76.24
69.84
14.4
19.42
14.94
21.29
15.82
12.55
8.49
15.61
12.18
11.98
16.88
34.24
31.81
29.75
32.9
19.42
24.66
20.73
26.2
41.2
33.69
38.2
41.41
37.81
24.85
27.22
44.64
37.27
53.72
48.59
51.72
35.85
48.99
31.72
51.26
43.39
37.96
55.02
49.99
56.06
56.81
33.56
41.16
52.96
44.28
40.15
57.03
44.42
53.39
35.36
52.01
38.02
39.3
61.07
56.14
55.25
54.77
50.24
46.68
46.68
22.75
25.51
45.9
41.67
56.34
44.03
25.61
33.49
29.55
37.92
61.86
62.05
32.01
72.1
39.0
74.36
15.07
13.4
44.52
62.94
59.49
25.12
23.64
35.75
32.07
11.65
19.2
48.85
39.6
43.94
21.86
10.22
14.6
18.75
31.97
23.4
41.68
27.74
8.2
27.94
17.24
19.77
39.44
33.08
24.07
21.82
14.84
32.05
11.96
25.45
39.7
38.7
7.51
18.2
22.63
21.86
12.37
25.73
37.81
21.92
14.54
8.0
10.34
19.77
37.44
11.48
24.44
17.6
10.73
31.38
20.97
35.17
38.89
6.47
12.84
21.95
24.1
25.08
21.26
31.25
32.33
9.31
29.79
34.49
32.92
7.84
12.25
17.34
30.57
14.2
24.5
15.58
38.21
43.7
30.14
12.73
20.87
20.28
19.54
47.71
43.38
6.9
4.9
4.57
24.29
33.95
25.89
31.02
10.39
33.66
19.35
11.39
12.79
39.32
4.78
43.38
20.42
13.57
32.53
15.75
7.68
24.28
36.59
14.14
47.78
16.89
23.52
6.81
17.96
10.79
7.72
41.68
9.56
6.88
30.44
9.73
3.32
26.32
43.25
6.28
32.1
36.96
54.6
21.48
8.37
17.24
27.83
38.7
14.31
37.91
15.87
40.66
40.86
12.05
17.54
18.91
25.18
30.96
54.28
14.5
22.44
12.64
26.06
33.21
44.09
59.76
69.66
74.17
22.53
27.34
29.98
31.35
32.72
6.27
23.22
27.92
39.0
41.24
24.0
37.42
11.47
22.44
14.8
25.18
17.54
14.2
21.65
29.39
16.26
37.23
18.13
42.13
61.92
47.22
51.04
55.16
41.64
19.69
19.11
39.58
24.0
11.47
19.69
14.99
27.92
34.68
37.33
38.11
33.8
42.42
48.4
55.94
58.78
20.77
25.18
29.59
21.75
39.09
24.39
50.51
74.99
37.17
19.99
36.35
33.69
15.42
39.05
27.68
30.12
15.57
44.61
53.52
57.21
65.91
52.82
18.03
37.36
32.84
42.64
41.94
61.23
33.3
52.42
15.09
37.26
35.23
41.54
39.45
37.91
31.18
23.69
32.76
32.4
28.63
36.8
18.28
31.42
25.56
36.44
32.96
26.23
17.95
19.01
8.54
13.46
23.52
29.72
49.77
52.44
40.93
13.2
29.87
56.61
12.46
23.79
13.29
39.42
46.23
44.52
23.74
26.14
15.52
43.57
35.86
41.05
46.24
26.92
10.54
25.1
29.07
9.74
39.84
33.05
24.58
21.91
30.88
15.34
24.34
22.93
28.63
36.8
18.29
28.94
40.93
12.18
36.44
26.23
38.63
19.01
8.54
29.73
49.77
52.45
37.43
56.62
13.29
39.42
46.23
44.52
23.74
26.15
43.58
35.87
41.05
26.92
25.1
29.07
9.74
33.8
37.17
16.5
19.99
38.22
15.42
39.06
26.86
30.12
15.57
44.61
57.22
65.91
52.83
18.03
37.36
35.31
42.64
40.06
43.8
61.24
40.87
38.46
37.27
35.23
42.14
31.88
41.54
39.46
37.92
44.28
31.18
23.7
32.77
32.4
