0
24.0
34.7
33.4
36.2
28.7
22.9
27.1
16.5
18.9
20.4
18.2
23.1
17.5
18.2
19.6
14.5
15.6
16.6
14.8
18.4
21.0
12.7
13.2
18.9
21.0
24.7
30.8
34.9
26.6
25.3
24.7
21.2
14.4
19.4
20.5
25.0
35.4
24.7
31.6
23.3
19.6
22.2
33.0
23.5
22.0
20.9
24.2
21.7
24.1
20.0
20.3
23.9
24.8
22.9
23.9
26.6
22.5
22.2
28.7
22.6
22.0
22.9
25.0
20.6
28.4
21.4
38.7
27.5
18.6
19.3
19.5
19.5
21.7
22.8
18.7
18.5
18.3
19.2
22.0
20.5
17.3
21.4
15.7
16.2
18.0
14.3
19.6
23.0
18.4
15.6
18.1
17.1
13.3
17.8
14.0
14.4
13.4
15.6
13.8
14.6
15.4
21.5
19.6
15.3
15.6
13.1
24.3
23.3
27.0
50.0
50.0
22.7
25.0
50.0
23.8
23.8
22.3
23.1
23.6
22.6
29.4
29.9
37.2
39.8
36.2
29.6
50.0
32.0
30.5
36.4
29.1
50.0
33.3
34.6
34.9
32.9
24.1
42.3
50.0
22.6
24.4
24.4
20.0
21.7
19.3
22.4
28.1
28.7
23.0
21.7
30.1
37.6
46.7
24.3
31.7
41.7
48.3
24.0
25.1
23.7
23.3
22.0
20.1
22.2
23.7
17.6
18.5
24.3
26.2
24.8
42.8
21.9
20.9
50.0
36.0
30.1
48.8
31.0
36.5
22.8
30.7
50.0
43.5
20.7
21.1
24.4
35.2
32.4
32.0
33.2
33.1
29.1
35.1
45.4
35.4
50.0
32.2
20.1
23.2
28.5
27.9
23.9
28.6
20.3
24.8
22.0
33.1
36.1
33.4
28.2
20.3
22.1
19.4
21.6
16.2
19.8
23.1
21.0
23.1
20.4
18.5
24.6
23.0
22.2
19.3
22.6
19.8
17.1
22.2
20.7
21.1
19.5
18.5
20.6
19.0
18.7
23.9
31.2
17.2
23.1
24.5
26.6
24.1
18.6
30.1
18.2
17.8
21.7
22.7
22.6
25.0
20.8
21.9
27.5
21.9
23.1
50.0
50.0
50.0
50.0
13.8
13.8
13.3
13.1
10.4
10.9
7.2
7.4
10.2
15.1
13.8
13.1
12.5
8.5
5.0
6.3
12.1
8.5
11.9
27.9
17.2
15.0
17.9
16.3
7.0
7.2
7.5
8.8
16.7
20.8
13.4
11.7
8.3
10.2
10.9
14.5
14.1
11.7
13.4
8.7
8.4
12.8
10.5
17.1
11.8
14.9
12.6
14.1
13.4
15.2
16.1
14.9
12.7
13.5
16.4
17.7
20.2
21.4
19.1
19.9
19.6
29.8
13.3
16.7
12.0
14.6
21.4
23.7
25.0
21.8
20.6
19.1
20.6
15.2
7.0
8.1
20.1
24.5
23.1
19.7
21.2
16.8
22.4
23.9
22.0
11.9
