0,1,2,3,4,5,6,7,8,9,10
,,0.56,,,,0.19081272084805656,,0.3307086614173227,,
,,,,,,0.12014134275618375,,,,
,0.3287671232876712,,,0.0951585976627713,,0.1872791519434629,,,,
0.2831858407079646,0.3150684931506849,,0.07534246575342465,,,,,0.48818897637795233,0.1437125748502994,0.1692307692307693
,0.3150684931506849,0.08,,0.1419031719532554,,,,,,
0.08849557522123891,0.3390410958904109,,,,0.2112676056338028,,,0.6614173228346458,,
,,,0.04794520547945205,,,0.0812720848056537,,,0.7365269461077846,
,0.3424657534246575,,0.20547945205479448,0.26377295492487485,0.7042253521126761,,,,0.35928143712574856,
0.34513274336283184,,,,0.1335559265442404,,,,0.44094488188976344,0.25149700598802394,
,,,,0.5943238731218697,,,,0.29133858267716484,,0.13846153846153864
,,0.08,0.23972602739726026,0.12353923205342235,0.07042253521126761,,,,,
0.2920353982300885,0.136986301369863,,,0.5492487479131887,0.22535211267605634,,,,,
,0.0684931506849315,,,,0.3943661971830986,0.19081272084805656,,,0.1197604790419162,
0.34513274336283184,0.25342465753424653,,,,,,,0.3385826771653542,,
0.20353982300884965,,0.14,0.10273972602739725,,,,,,,0.19999999999999996
0.1504424778761062,,,,,,,,0.47244094488188937,,0.13846153846153864
,,,,0.15692821368948245,,,,,,0.1692307692307693
,,,0.0684931506849315,0.11352253756260433,,0.10247349823321555,,0.5748031496062991,0.1317365269461078,
,,0.0,,,,0.0353356890459364,,,,
0.18584070796460184,,,,0.12854757929883137,,,0.42070484581498135,,,
0.20353982300884965,,,,0.15525876460767946,0.295774647887324,,0.47944199706314805,,0.1437125748502994,
0.32743362831858414,,,,,0.19718309859154928,,0.47944199706314805,,0.1976047904191617,0.2153846153846155
,,0.0,,,,,0.6262848751835577,,,0.18461538461538463
0.3097345132743363,,,0.0821917808219178,0.09015025041736227,,,,,,
0.09734513274336287,,,0.0410958904109589,,,,0.28854625550661694,,,
,0.226027397260274,,,,,,,0.46456692913385833,0.29940119760479045,0.32307692307692304
0.23893805309734517,,,,0.1035058430717863,,,,0.46456692913385833,0.29940119760479045,
0.256637168141593,,,0.11643835616438356,,0.09859154929577466,,,0.3700787401574801,,
0.3097345132743363,,,0.08904109589041095,,,,,,,
0.19469026548672563,,,,,,0.0176678445229682,,0.5826771653543306,0.1137724550898204,0.1692307692307693
0.2743362831858408,0.5582191780821918,,,,0.295774647887324,,0.5088105726872243,0.40157480314960603,0.2395209580838323,
0.08849557522123891,,,0.03424657534246575,,,,,,,
,,,,0.1035058430717863,,,,,,
,,,,,,,,,,
,,0.04,0.19863013698630136,,0.33802816901408456,0.13780918727915192,,,0.1197604790419162,
,0.2054794520547945,,,0.09682804674457429,,,,,0.17964071856287425,0.18461538461538463
,,,,,,,,0.4094488188976375,,0.15384615384615397
,,0.18,,,0.22535211267605634,,0.5455212922173303,,,
,,0.4,,0.11185308848080133,0.25352112676056343,0.1625441696113074,,,0.18562874251497005,
0.256637168141593,,,,,0.15492957746478872,,0.4941262848751933,,0.17365269461077845,
,,0.05,,,,,,,0.1437125748502994,
0.23008849557522126,,0.05,,,0.04225352112676056,0.0176678445229682,,,0.035928143712574856,
0.256637168141593,0.273972602739726,,0.0410958904109589,,0.14084507042253522,,,0.5354330708661417,,
,,,,,,,,0.47244094488188937,,
0.32743362831858414,0.3801369863013699,0.26,,,,,,0.44881889763779537,0.1197604790419162,0.12307692307692308
0.4513274336283185,,,0.1095890410958904,,0.3802816901408451,,,,,
,,0.64,,,,,,,,0.32307692307692304
0.3716814159292037,,0.64,,0.1352253756260434,,,,,,
0.19469026548672563,,,0.10273972602739725,0.15358931552587646,0.18309859154929578,,,,0.1317365269461078,0.3538461538461537
,,0.47,0.07534246575342465,,,,,0.48818897637795233,,
0.23893805309734517,,,0.06164383561643835,0.6494156928213689,,0.1590106007067138,,,,0.15384615384615397
,,,0.08904109589041095,,,,0.4427312775330421,0.5275590551181102,,0.2615384615384615
,,,,0.16360601001669448,0.26760563380281693,,,,,
0.2743362831858408,,,0.0684931506849315,,0.11267605633802817,0.08833922261484099,,,,0.18461538461538463
0.4159292035398231,0.18493150684931509,,0.0821917808219178,,,,0.567547723935391,,,
0.21238938053097345,,,,,,,0.567547723935391,,,
0.2920353982300885,,0.26,0.0684931506849315,,0.5774647887323944,,,,0.125748502994012,0.1692307692307693
0.35398230088495575,0.25342465753424653,,,,,,,,,0.23076923076923084
0.35398230088495575,0.25342465753424653,,0.07534246575342465,0.16360601001669448,,,,,,0.2153846153846155
0.03539823008849563,,,0.03424657534246575,,,0.2791519434628975,0.2738619676945717,,,0.32307692307692304
,,,,0.07679465776293823,,,0.22980910425845025,,,
,,,,,,,,0.5590551181102361,0.13772455089820365,
0.2654867256637168,,,,,,,,0.5118110236220472,,
0.2831858407079646,0.2602739726027397,,,,,,,,,
0.3097345132743363,0.2910958904109589,,,0.11352253756260433,0.16901408450704225,,,,0.155688622754491,0.0923076923076922
,,,,,,0.20848056537102472,0.48678414096916356,,,0.12307692307692308
0.23008849557522126,,,,,,,,0.46456692913385833,,0.15384615384615397
0.2831858407079646,,0.68,,,,,,,,
0.1415929203539823,,,,0.12687813021702837,,,,,,0.13846153846153864
0.3008849557522124,,,,,,0.26148409893992935,,,,
,,,,,,0.5194346289752649,,,,
,,,,,,0.1448763250883392,,,0.35928143712574856,0.1692307692307693
0.33628318584070804,,0.09,,,,,0.4647577092511028,0.3228346456692912,0.1976047904191617,
,,0.44,,,,,,,0.2035928143712575,
,0.30136986301369867,,,,,0.1448763250883392,0.4647577092511028,,0.35928143712574856,0.1692307692307693
,0.1917808219178082,,0.08904109589041095,0.13021702838063437,0.16901408450704225,,,,,0.32307692307692304
0.32743362831858414,,,,,,,0.567547723935391,,0.16766467065868265,
0.2831858407079646,,,0.07534246575342465,,,,,0.49606299212598426,,0.15384615384615397
,,0.04,,,0.18309859154929578,,,,0.1616766467065868,
0.21238938053097345,,0.08,0.06164383561643835,0.1419031719532554,,,,,,
0.23893805309734517,,0.09,,0.27712854757929883,0.1267605633802817,,,0.44094488188976344,,
,,,,0.17863105175292152,,0.17667844522968196,,,,
,0.39383561643835613,,0.1095890410958904,,0.02816901408450704,0.02473498233215548,,,0.1137724550898204,
,0.40410958904109584,,,0.11352253756260433,0.14084507042253522,,,,,
,,,,,,0.3392226148409894,,,,0.1692307692307693
,,0.04,0.0684931506849315,0.22370617696160264,,,,,0.2215568862275449,
,0.8287671232876712,0.0,0.0547945205479452,,,,,,,
0.3097345132743363,,0.0,0.06164383561643835,,0.02816901408450704,,,,,0.3846153846153846
,,0.16,,0.08848080133555926,,,,,,
0.1327433628318584,,,,,,,,,,
,,,,,,,,,,
,,,0.0958904109589041,,,,,,0.17964071856287425,0.7076923076923076
0.2920353982300885,,,0.08904109589041095,,,,0.42804698972099686,,0.1317365269461078,
,,0.11,,0.13021702838063437,,,0.47209985315713254,,0.2934131736526946,
,0.20205479452054792,,,,0.16901408450704225,,,0.5826771653543306,,
,,,,,,,,,,0.1692307692307693
,,0.19,0.07534246575342465,0.11519198664440736,,,,0.4566929133858264,,0.1692307692307693
,0.40753424657534243,,0.06164383561643835,,,,,,0.26347305389221565,0.1692307692307693
0.05309734513274339,,0.0,,,,,,,,0.8615384615384618
,,0.0,,,0.36619718309859156,,,,0.27544910179640725,
,0.3767123287671233,,0.06164383561643835,0.17529215358931552,0.4366197183098592,,0.4941262848751933,,,
,,,,,,,,0.29133858267716484,,
,,,,,,,,,,
0.256637168141593,0.3287671232876712,,,,,,,,,
,,0.42,0.31506849315068486,0.09682804674457429,,,0.530837004405285,,,
,,0.42,0.31506849315068486,,,,0.530837004405285,,,
0.22123893805309736,,0.42,0.31506849315068486,,,,,,,
0.22123893805309736,0.3835616438356165,0.0,,,,,0.5014684287812088,,,
,,,,0.13021702838063437,,0.04946996466431096,,0.3622047244094486,0.13772455089820365,0.18461538461538463
,,0.02,,,,,,0.3385826771653542,,
,,,,0.09682804674457429,,0.40636042402826855,,0.49606299212598426,,
,0.32191780821917804,,,,0.47887323943661975,,,0.49606299212598426,,0.15384615384615397
0.2831858407079646,,,,,0.18309859154929578,0.31802120141342755,,,0.17365269461077845,
,,,,,0.23943661971830985,,,0.47244094488188937,,
0.23893805309734517,,,0.04794520547945205,,,,,,,
,0.40068493150684925,,,0.5809682804674456,,,,,,
,,,0.06164383561643835,,0.04225352112676056,,,,,
0.3008849557522124,,,,,,,,,0.16766467065868265,
,0.2054794520547945,0.17,,0.10183639398998329,,,,0.43307086614173196,0.16766467065868265,0.12307692307692308
0.23893805309734517,,,0.07534246575342465,0.11352253756260433,0.08450704225352114,,,0.46456692913385833,0.08383233532934128,0.1692307692307693
,,,,0.12186978297161938,,,,0.4803149606299213,0.2694610778443114,
,0.1780821917808219,,,,,,,,0.08383233532934128,0.1692307692307693
,0.273972602739726,,,,0.09859154929577466,,,,,0.32307692307692304
,,,,0.09348914858096828,0.08450704225352114,0.04946996466431096,0.5014684287812088,,0.13772455089820365,
,,,,0.09181969949916528,,,0.5014684287812088,,0.155688622754491,0.1692307692307693
0.3716814159292037,0.33561643835616434,,,,,,,,,0.1692307692307693
,,0.02,0.1095890410958904,0.10684474123539231,0.2112676056338028,,,0.5511811023622046,,
,0.33561643835616434,0.2,,0.10851419031719531,0.14084507042253522,,0.516152716593254,,,
,,,,,,0.215547703180212,,,,0.12307692307692308
,,,,0.11686143572621036,,,,,,
0.3185840707964601,0.2602739726027397,0.35,,,,,,,0.17365269461077845,
0.19469026548672563,,0.12,0.19863013698630136,0.14524207011686144,,,,,0.16766467065868265,0.1692307692307693
,,0.21,,0.09849749582637728,,,,,,
,,,,,,,,,0.125748502994012,
,,,,,,,,,0.38323353293413176,
0.0707964601769912,,0.08,0.02054794520547945,,0.16901408450704225,0.30742049469964666,0.17107195301028355,,,
,,,,0.07345575959933222,,,,0.3779527559055116,,
,,,,0.10517529215358931,,,,,,
,,,,,,0.10954063604240281,,,,
0.7256637168141593,0.1232876712328767,,0.11643835616438356,,0.11267605633802817,0.07773851590106007,,,0.26347305389221565,0.36923076923076925
,0.30821917808219174,0.31,,,0.35211267605633806,,,,,
,,,0.1232876712328767,,,,0.47944199706314805,,,0.15384615384615397
,0.1232876712328767,,,0.07011686143572621,0.08450704225352114,,,0.44881889763779537,0.3293413173652695,
,,,,0.11853088480801335,,,0.49779735682820103,,,
,,,,,0.056338028169014086,0.03180212014134276,,0.3700787401574801,,0.2769230769230768
,,,0.08904109589041095,,,,,,,
,0.4212328767123288,,,,0.1267605633802817,,0.5381791483113005,,,0.2153846153846155
,,0.49,,,,,0.5381791483113005,,,
0.36283185840707965,,,,,,,,0.3149606299212597,0.1437125748502994,
,0.41438356164383555,,0.08904109589041095,0.10016694490818029,0.14084507042253522,,,,,
,,0.19,,0.10684474123539231,0.1267605633802817,,0.41336270190896585,,,
,,,,,,0.48763250883392223,,0.44094488188976344,0.1616766467065868,
,,0.37,,,,,,,,
0.24778761061946908,,,,0.14858096828046746,,,,,,
,,,,0.07512520868113523,,,0.38032305433186764,,,
,,,,,,0.07773851590106007,,,,0.24615384615384617
0.2743362831858408,,,0.11643835616438356,,0.3943661971830986,0.20141342756183744,,,,0.32307692307692304
0.3893805309734514,,,,,,,0.6116005873715125,0.5118110236220472,,0.2153846153846155
,0.21232876712328763,,0.11643835616438356,0.10183639398998329,0.3943661971830986,,0.44640234948604984,,,0.32307692307692304
0.20353982300884965,0.273972602739726,,,0.11519198664440736,,0.10954063604240281,,0.5669291338582676,,
,0.1780821917808219,,0.06164383561643835,0.11018363939899833,0.15492957746478872,,,,0.1137724550898204,0.23076923076923084
,0.273972602739726,,,,,,,0.5669291338582676,0.10179640718562874,0.40000000000000013
0.3185840707964601,,0.09,0.0958904109589041,,,0.10954063604240281,,,0.1317365269461078,0.0923076923076922
,0.3493150684931507,,,,0.18309859154929578,,,0.49606299212598426,0.1497005988023952,
,,,,0.1419031719532554,,,,,,
,,,,,,,,0.4566929133858264,,0.0923076923076922
0.654867256637168,0.1780821917808219,0.56,,,0.07042253521126761,,,,,
0.920353982300885,,,,0.10517529215358931,,0.0636042402826855,,0.2598425196850389,,
,0.06164383561643835,,,,,0.0636042402826855,,,,
,0.3698630136986301,0.0,0.07534246575342465,,,,,0.6850393700787398,,0.23076923076923084
,0.3287671232876712,,,0.10016694490818029,,,0.4574155653450873,,,0.13846153846153864
,,,,,0.11267605633802817,0.11660777385159012,,0.4803149606299213,0.08982035928143708,
,0.3287671232876712,0.0,,,,0.0989399293286219,0.5234948604992695,,0.2215568862275449,0.23076923076923084
,0.15753424657534243,,,0.13021702838063437,0.056338028169014086,0.053003533568904596,,0.3385826771653542,0.1197604790419162,0.32307692307692304
0.2743362831858408,0.4486301369863014,,,,,,0.42804698972099686,,,
,,,,0.10183639398998329,,,,,,
,,,,,0.15492957746478872,,,,0.2035928143712575,
,,,0.06164383561643835,,,,,,,0.15384615384615397
,,0.23,0.0547945205479452,,0.23943661971830985,0.13780918727915192,,,,0.13846153846153864
0.21238938053097345,0.5856164383561643,,,0.12520868113522537,,,,,0.1616766467065868,
,,0.23,,,,,,,,0.13846153846153864
,,,,,,,,,,
,,,0.1643835616438356,,,,,0.6771653543307088,0.2335329341317365,0.2153846153846155
0.2920353982300885,,,,,,,,0.4803149606299213,,
0.20353982300884965,,0.04,,,,,,,,0.15384615384615397
0.6106194690265487,,,,0.15358931552587646,,,,,,
,,,,,0.36619718309859156,,0.47209985315713254,,0.2035928143712575,
,0.0410958904109589,,,,0.04225352112676056,,0.6997063142437696,,,
,,,,,0.1267605633802817,,,0.44881889763779537,0.18562874251497005,
,,,,,,,,,,
0.6106194690265487,,0.51,,,,,0.6997063142437696,,,
,,,,,,,0.55286343612336,0.38582677165354307,,
0.38053097345132747,0.1917808219178082,0.32,0.32191780821917804,,0.1267605633802817,0.1448763250883392,,,,0.32307692307692304
,,0.44,,,,,,,,
0.2743362831858408,0.10273972602739725,0.68,,,0.056338028169014086,0.014134275618374562,,,0.4491017964071857,0.23076923076923084
,0.273972602739726,,,,,,,,,
,,0.32,,,,0.1448763250883392,0.6629955947136636,,,
,0.32191780821917804,,0.17123287671232876,,,,,0.44881889763779537,,
0.46902654867256643,0.32191780821917804,,0.17123287671232876,0.15025041736227043,0.4366197183098592,,0.7400881057268833,,,0.2153846153846155
,,,,,,,,,0.2574850299401198,
0.36283185840707965,,,,,,0.15194346289752653,,,,
0.5663716814159292,,,,,,,,,,0.32307692307692304
0.5132743362831859,,,,,0.23943661971830985,0.14840989399293286,,,,
,0.15068493150684933,,,,,,,,0.28742514970059885,
,0.2602739726027397,0.46,,,0.056338028169014086,,0.7364170337738614,,0.18562874251497005,0.1692307692307693
,,,,0.12353923205342235,,,,,,
0.23008849557522126,,,0.0958904109589041,0.13689482470784642,,0.08833922261484099,,0.7322834645669292,,
,,,,,,0.13427561837455831,0.47209985315713254,,,0.3538461538461537
,,,,0.09348914858096828,,0.03180212014134276,0.530837004405285,,0.18562874251497005,
,,,0.04794520547945205,,,0.053003533568904596,,0.5118110236220472,,
0.33628318584070804,0.363013698630137,,0.0821917808219178,,,,0.530837004405285,,,
0.5044247787610621,,,,,0.07042253521126761,,0.7143906020558006,,,0.13846153846153864
,,,0.10273972602739725,,,,,,,
,0.21232876712328763,,0.10273972602739725,,0.056338028169014086,0.021201413427561835,0.6850220264317244,,,
0.24778761061946908,,,,0.08347245409015025,,0.08480565371024736,,,0.1197604790419162,
0.2920353982300885,0.2808219178082192,0.24,0.07534246575342465,,,,,0.417322834645669,,
,,,,0.1352253756260434,,,,,,0.1692307692307693
0.35398230088495575,,,,,,,,,,0.15384615384615397
,0.1643835616438356,,,,,,,,,
0.22123893805309736,,,0.1095890410958904,,0.26760563380281693,0.16607773851590107,,,,
,,,,,,,0.6997063142437696,,0.1916167664670659,
,,,,,,,,0.44094488188976344,0.18562874251497005,
0.4601769911504425,,0.39,,,,0.1872791519434629,0.6483113069016184,0.49606299212598426,,
0.4601769911504425,0.3698630136986301,0.39,,0.11853088480801335,0.28169014084507044,0.1872791519434629,0.6483113069016184,,0.2275449101796407,0.476923076923077
,,,,,,,0.7107195301027929,,,
,,,,0.13021702838063437,0.47887323943661975,0.23674911660777387,,,,
,,,,0.09849749582637728,0.16901408450704225,,,,0.21556886227544905,
,0.25342465753424653,,,,,,,0.3307086614173227,,0.12307692307692308
0.6194690265486726,,,0.18835616438356162,0.18196994991652754,0.07042253521126761,0.028268551236749116,,0.24409448818897594,0.24550898203592816,
,,0.62,,0.11686143572621036,,,,,,0.19999999999999996
,0.2328767123287671,,0.07534246575342465,,0.08450704225352114,,0.5895741556534517,0.34645669291338566,,
,,,0.136986301369863,,,,,,,
0.49557522123893805,,,,,0.1267605633802817,,,,,0.6307692307692307
0.3008849557522124,,,,0.09015025041736227,0.28169014084507044,0.38162544169611307,0.530837004405285,,0.125748502994012,0.15384615384615397
0.33628318584070804,,0.08,,,,,0.42070484581498135,,,
,0.39383561643835613,0.53,,0.19365609348914858,0.08450704225352114,0.053003533568904596,,,,
,0.21232876712328763,,,0.11352253756260433,0.3943661971830986,0.18374558303886923,,,,
,,,,,,,,0.3307086614173227,,
0.6991150442477876,,0.54,,,0.15492957746478872,0.0812720848056537,0.7070484581497851,,,
,,,0.10273972602739725,0.09015025041736227,,,,,,
,,,,0.11686143572621036,0.07042253521126761,0.09187279151943463,,0.29921259842519676,0.2694610778443114,0.3538461538461537
,,0.0,,,,,0.5748898678414207,,,
,0.4760273972602739,0.02,,,0.22535211267605634,,,,,
,0.25342465753424653,0.67,,0.1352253756260434,,0.03180212014134276,0.6262848751835577,,0.35928143712574856,
,0.30136986301369867,0.31,0.13013698630136986,0.12854757929883137,,0.1413427561837456,,0.29133858267716484,,
,0.45547945205479456,0.0,,,,0.07773851590106007,,0.48818897637795233,0.3173652694610779,
0.5398230088495575,0.3767123287671233,0.22,0.1232876712328767,,,,,,,
,,,,,,0.0706713780918728,,,0.29940119760479045,
,0.2808219178082192,0.79,,,,,,,,
0.18584070796460184,,0.01,,,0.22535211267605634,,0.3986784140969206,0.6377952755905509,0.16766467065868265,
0.6106194690265487,,,,,,,,,,0.40000000000000013
,,,0.1404109589041096,,,0.0812720848056537,0.5088105726872243,0.393700787401575,,0.5076923076923077
,0.1780821917808219,,,,,,0.8024963289280436,,0.2095808383233533,0.2153846153846155
0.3185840707964601,,,0.07534246575342465,0.14524207011686144,,,0.530837004405285,0.35433070866141714,0.2215568862275449,
,,,,0.12353923205342235,,0.15547703180212014,,0.49606299212598426,,0.23076923076923084
,,,,,,0.10954063604240281,,0.24409448818897594,0.13772455089820365,
,,,,,,,0.6409691629956029,,0.32335329341317365,
,,0.66,0.3356164383561644,,,,0.8906020558003007,,,
0.47787610619469034,,0.5,,0.15859766277128548,0.08450704225352114,0.053003533568904596,,,,
,,,,0.11853088480801335,0.08450704225352114,0.12720848056537104,,,0.2395209580838323,0.24615384615384617
0.5132743362831859,,,,,0.14084507042253522,0.0636042402826855,,0.3307086614173227,,0.0923076923076922
0.424778761061947,,,0.10273972602739725,,,,,0.3622047244094486,0.47904191616766467,0.5538461538461539
,,,0.06164383561643835,,,,0.48678414096916356,,0.4251497005988025,0.33846153846153837
,0.2876712328767123,,,0.18697829716193656,,,,,,
,0.226027397260274,,,0.11018363939899833,,,,,,
,,0.53,0.10273972602739725,,0.07042253521126761,,,,,
,,,,,,,0.6409691629956029,,0.39520958083832336,0.753846153846154
0.32743362831858414,,,,,0.14084507042253522,,,0.3700787401574801,0.281437125748503,
,,,,,,0.13074204946996465,0.831864904552134,,,
0.32743362831858414,,0.42,,0.11352253756260433,,0.07420494699646643,,,,
0.2743362831858408,,0.28,,0.12520868113522537,0.3098591549295775,,,0.5354330708661417,,0.12307692307692308
,0.2876712328767123,0.26,0.07534246575342465,,0.3098591549295775,,,0.5275590551181102,0.24550898203592816,
,,,,0.11185308848080133,,0.12720848056537104,0.5234948604992695,,,0.18461538461538463
,0.2328767123287671,0.26,,0.12687813021702837,,0.16607773851590107,0.5895741556534517,,0.24550898203592816,
,,0.05,,,,,,,0.2934131736526946,
,,,0.136986301369863,,0.22535211267605634,0.13074204946996465,,,0.281437125748503,0.24615384615384617
0.4336283185840708,,,,,,,,0.34645669291338566,,
,,0.61,,,,,,0.3307086614173227,,
,,,0.0958904109589041,,,,,,,
,,,0.11643835616438356,,0.16901408450704225,0.15194346289752653,0.6409691629956029,,0.1916167664670659,
,,,,,,,0.6409691629956029,,0.1916167664670659,0.40000000000000013
,,,,,0.943661971830986,,0.6850220264317244,0.5748031496062991,,
,,,,0.12186978297161938,,,0.6850220264317244,,,
0.2743362831858408,,,,,0.19718309859154928,,0.5381791483113005,,0.16766467065868265,
0.4601769911504425,,,,,,,,,,
0.654867256637168,,,0.14383561643835616,0.1352253756260434,,,0.6997063142437696,,,
,,0.58,0.19178082191780824,0.27045075125208684,,0.0353356890459364,0.5088105726872243,,,
0.6991150442477876,,,,0.09682804674457429,0.35211267605633806,0.15194346289752653,0.5895741556534517,0.24409448818897594,,0.18461538461538463
,,,0.1095890410958904,0.11352253756260433,,0.2826855123674912,0.6336270190895874,0.5039370078740153,,
,,,,,0.19718309859154928,0.2508833922261484,,,0.18562874251497005,0.13846153846153864
0.46902654867256643,,,,,0.07042253521126761,,0.6262848751835577,,0.2934131736526946,
0.3716814159292037,,,0.1232876712328767,0.12520868113522537,0.323943661971831,0.4098939929328622,,,0.16766467065868265,
,,0.24,,,,,,,0.44311377245508987,0.13846153846153864
0.5309734513274336,0.2465753424657534,,,,0.07042253521126761,,0.5088105726872243,,0.1976047904191617,
,0.1780821917808219,,,,,0.04946996466431096,,,,0.3076923076923077
,,,,,,,,0.6929133858267718,,0.23076923076923084
,0.30136986301369867,,,,,,0.5234948604992695,,,
,,0.47,,,0.07042253521126761,0.0636042402826855,,,0.3413173652694611,0.40000000000000013
,,,,,,,,,,
,0.3767123287671233,0.08,0.0821917808219178,,,,0.35462555066079915,,,
,,0.22,,,,,,0.4094488188976375,,
,0.273972602739726,,,0.09682804674457429,,,0.567547723935391,,,
,,,,0.12687813021702837,,,,0.2834645669291338,0.1616766467065868,
,0.2945205479452055,,,,0.28169014084507044,,,,,
,,0.69,0.0958904109589041,0.11018363939899833,,,,0.20472440944881853,,0.676923076923077
,,,,0.10684474123539231,,,,0.3228346456692912,0.33532934131736536,
,,,,0.1318864774624374,,,,,0.09580838323353294,
,,,0.07534246575342465,,0.5211267605633804,,,,,
,,,,,,,,,,0.23076923076923084
0.7079646017699115,0.13013698630136986,,,0.10016694490818029,,,,,,
,,,,0.09348914858096828,0.08450704225352114,,,,0.2095808383233533,
,,,0.19178082191780824,0.14691151919866444,,,,0.16535433070866112,,0.4307692307692308
,,,0.1232876712328767,,,,,0.38582677165354307,0.17964071856287425,
,0.4212328767123288,,,,,0.08833922261484099,,,0.13772455089820365,0.2615384615384615
,,,0.0821917808219178,0.19198664440734559,,,,,,
,0.2808219178082192,,,,0.08450704225352114,,,,0.13772455089820365,0.2769230769230768
,,0.69,0.13013698630136986,,0.22535211267605634,,,,,
,,,0.13013698630136986,,,,0.6850220264317244,,,
,,,,0.6694490818030049,,,0.5748898678414207,,0.4371257485029941,
0.19469026548672563,,0.03,,,,,,,,
,0.14383561643835616,0.63,,,,,,0.4094488188976375,0.24550898203592816,
,0.32191780821917804,,0.0958904109589041,0.13856427378964942,,,,,,
,0.3150684931506849,0.66,,,0.1267605633802817,,,,0.1437125748502994,
0.4070796460176991,,,,,,0.06007067137809187,0.55286343612336,,,0.44615384615384635
,,,,0.12186978297161938,,0.06713780918727916,0.5088105726872243,,0.16766467065868265,0.5230769230769232
,,,0.08904109589041095,,0.33802816901408456,,,,,
,,0.54,,0.12020033388981635,,,0.6336270190895874,,0.2215568862275449,
0.47787610619469034,0.11643835616438356,,,,,,,0.5826771653543306,0.34730538922155696,0.19999999999999996
,,,0.07534246575342465,0.0951585976627713,,,,,,
,,,,0.08848080133555926,,0.04240282685512367,,0.4566929133858264,0.27544910179640725,
,,0.69,,,,,,0.3385826771653542,,
,0.136986301369863,,,0.1352253756260434,,,,,0.16766467065868265,
0.4424778761061947,0.2876712328767123,,,0.11519198664440736,,,0.5088105726872243,0.3622047244094486,,
0.6991150442477876,0.17123287671232873,0.55,,,0.33802816901408456,,0.6923641703377541,,,
,0.15753424657534243,0.55,0.0821917808219178,0.08347245409015025,0.056338028169014086,0.028268551236749116,,,,
,0.3835616438356165,,0.08904109589041095,0.12520868113522537,,,,,0.1616766467065868,
,,,0.08904109589041095,0.12520868113522537,,0.07773851590106007,0.6409691629956029,,,0.2769230769230768
,0.10958904109589043,,,,0.07042253521126761,0.06007067137809187,,,,
,0.1232876712328767,0.56,0.13013698630136986,,0.07042253521126761,,0.4647577092511028,0.3228346456692912,0.3532934131736528,0.5076923076923077
0.5309734513274336,0.1643835616438356,0.6,,,0.08450704225352114,,,,,
,,0.68,,0.17028380634390652,,,,0.25196850393700787,,
,,,,,,0.038869257950530034,,0.3385826771653542,0.08383233532934128,
,,,,,0.056338028169014086,,,,,0.24615384615384617
,0.4486301369863014,0.27,,0.11018363939899833,,0.17667844522968196,0.6116005873715125,,,
,,,,,,,,,0.27544910179640725,
0.36283185840707965,,,,,,,0.7437591776798911,0.5826771653543306,0.24550898203592816,0.49230769230769234
,,0.23,0.5068493150684932,,,,,,,
,0.15753424657534243,,,,,,0.5234948604992695,0.3228346456692912,,
,,,0.0684931506849315,,0.18309859154929578,,,0.5433070866141732,0.1916167664670659,
,,,0.1095890410958904,,0.5915492957746479,0.37809187279151946,,,,
,,,,0.09682804674457429,,0.0353356890459364,0.5234948604992695,,0.1916167664670659,0.40000000000000013
,0.39041095890410954,,,0.12353923205342235,0.3098591549295775,,,,,
0.5132743362831859,,,,,,,,0.3385826771653542,,
0.5132743362831859,0.2191780821917808,0.73,,,,,0.6556534508076339,,,
,,,,,,,,,,
,,0.42,0.06164383561643835,,,0.05653710247349823,,,0.43113772455089827,
0.5132743362831859,,0.46,,,0.07042253521126761,,,0.40157480314960603,,0.36923076923076925
,,,,,,,,,0.17964071856287425,0.2769230769230768
,,,,,,0.13074204946996465,,,,
,,0.31,,0.13021702838063437,,,0.6850220264317244,0.34645669291338566,,
,,,,,0.19718309859154928,0.15194346289752653,,,,
,,,,,,,,,0.1976047904191617,0.5230769230769232
0.5221238938053098,,,,,,0.03180212014134276,,,0.1976047904191617,
,,,,,,0.028268551236749116,0.8024963289280436,0.40157480314960603,,0.5384615384615385
,,,,0.12687813021702837,,,0.5234948604992695,,,
,,,,0.12687813021702837,,,,0.48818897637795233,,
,,,,,0.19718309859154928,,,0.5354330708661417,,
,,0.49,,0.12687813021702837,,,0.5822320117474362,,,
,,,,0.12186978297161938,,,0.567547723935391,,,0.15384615384615397
,,,,,,,0.55286343612336,,,0.1692307692307693
0.5132743362831859,0.3561643835616438,,,0.15525876460767946,0.3943661971830986,0.16607773851590107,0.7143906020558006,,,0.23076923076923084
0.23893805309734517,0.16780821917808217,,,,,,,,0.2694610778443114,0.40000000000000013
,,,0.1095890410958904,,,,,,,
,,,0.11643835616438356,0.12020033388981635,,,,0.47244094488188937,0.25149700598802394,0.04615384615384599
,,,,,,,,0.2755905511811019,,0.15384615384615397
,,0.24,,,0.0,,,,,
,0.1780821917808219,,,0.14357262103505844,,0.12720848056537104,0.7584434654919221,,0.16766467065868265,0.2923076923076924
,,0.24,,,0.19718309859154928,0.09540636042402827,0.40602055800295034,0.3779527559055116,0.1976047904191617,
,0.0684931506849315,,,0.11018363939899833,,,,0.5275590551181102,,
,0.3493150684931507,,,0.10851419031719531,,,0.5381791483113005,0.2755905511811019,,
0.3097345132743363,0.48287671232876705,,0.0821917808219178,,0.056338028169014086,,0.5234948604992695,0.49606299212598426,,
0.7345132743362832,0.15753424657534243,,,0.09015025041736227,,,,,0.1976047904191617,
,,0.24,,,0.26760563380281693,0.1448763250883392,,,0.2035928143712575,
,,,0.36986301369863006,,,,,,0.2395209580838323,
,0.3698630136986301,,,,0.2112676056338028,0.16607773851590107,,,,
,,0.74,0.06164383561643835,0.10517529215358931,,,0.7878120411159983,,,0.0
,0.13013698630136986,,,,,,,,0.3173652694610779,
,0.6301369863013698,0.24,,0.06343906510851419,,,0.24449339207048126,0.7874015748031495,,
,0.3595890410958904,,0.22602739726027396,,,,,,,0.41538461538461546
0.9646017699115044,,0.49,,0.13856427378964942,0.1267605633802817,,0.9603524229074907,,0.24550898203592816,
,,,0.2534246575342466,,0.1267605633802817,,0.7437591776798911,,0.13772455089820365,
0.9734513274336283,,,,0.13856427378964942,,,,,0.24550898203592816,0.41538461538461546
,,0.49,0.23287671232876708,,0.07042253521126761,,0.883259911894271,0.44094488188976344,,
,0.3287671232876712,0.49,,,0.056338028169014086,,,,,
,0.2191780821917808,,0.10273972602739725,0.11018363939899833,,,,0.38582677165354307,0.1497005988023952,
,,,,,,,,0.44881889763779537,,
0.7433628318584071,,0.49,0.23287671232876708,,0.07042253521126761,0.1448763250883392,,0.44094488188976344,,0.6615384615384614
0.7168141592920354,0.3287671232876712,0.49,0.13013698630136986,,,0.04593639575971732,0.6850220264317244,,0.1437125748502994,
,,,,0.3572621035058431,,,,,,0.0923076923076922
,,,0.1095890410958904,,,,,,0.1616766467065868,
,,,,,0.056338028169014086,0.04946996466431096,,,0.27544910179640725,0.3538461538461537
,,,0.08904109589041095,,,,,,,
0.1415929203539823,,,0.08904109589041095,,0.25352112676056343,,,0.6535433070866139,,
,,,0.10273972602739725,,0.1267605633802817,,0.567547723935391,,,0.3076923076923077
,,,0.0821917808219178,,0.18309859154929578,0.1448763250883392,,,,0.18461538461538463
,,0.49,,,,,,,,
,,,,0.15191986644407343,,0.028268551236749116,0.567547723935391,,0.1137724550898204,
0.3716814159292037,0.2191780821917808,,,,,,0.5969162995594672,,,0.1692307692307693
,,,,,,,,,,
,,0.49,0.08904109589041095,,0.23943661971830985,,,,,
,,,0.08904109589041095,,,,,,,0.18461538461538463
,,,,,,,,0.35433070866141714,,
,0.2671232876712329,0.24,0.10273972602739725,,,,,,,
0.17699115044247782,,,,0.09682804674457429,0.3098591549295775,0.5053003533568904,,0.29921259842519676,,
,,0.41,,,0.4084507042253521,0.3639575971731449,,,0.1437125748502994,0.13846153846153864
0.6902654867256637,,,,,,,0.6850220264317244,,0.1616766467065868,
,0.3150684931506849,0.58,,,,,,,,
,,0.18,,0.11018363939899833,,,,,,
0.2743362831858408,,0.0,,,,,,,,
,0.2328767123287671,,,,0.15492957746478872,,,0.2834645669291338,0.13772455089820365,
,0.19863013698630133,,0.2534246575342466,,,,0.530837004405285,,,
,,,,0.1335559265442404,,,,,,0.32307692307692304
,,,,,0.14084507042253522,,0.919970631424377,0.4566929133858264,,0.3076923076923077
0.1504424778761062,0.1643835616438356,,,,,,,0.6456692913385824,,
,,,,,0.33802816901408456,,0.604258443465497,,0.125748502994012,0.12307692307692308
,,0.55,,,,,,0.18897637795275557,,
,,0.38,,,0.1267605633802817,0.0812720848056537,,,,
,,,0.0958904109589041,0.11185308848080133,,,0.7070484581497851,,0.1437125748502994,
,0.2328767123287671,,,,,,0.7731277533039673,0.30708661417322825,,
,0.17123287671232873,0.41,0.0958904109589041,,,,,,,
,,,,0.10684474123539231,,,,,,
0.3185840707964601,0.30136986301369867,0.23,,,0.18309859154929578,,,,,
0.47787610619469034,0.3150684931506849,,0.0684931506849315,,,0.09187279151943463,,,,0.1692307692307693
,,,0.136986301369863,,0.28169014084507044,0.13780918727915192,,,,0.5692307692307692
,,,,0.18697829716193656,,,,,,
,,,,0.14357262103505844,,0.03180212014134276,,0.48818897637795233,,
,,,0.1095890410958904,0.1419031719532554,,,,,,0.13846153846153864
,,,,0.1652754590984975,,,,,0.16766467065868265,
0.36283185840707965,0.2876712328767123,,,0.1419031719532554,,0.08833922261484099,,,,0.13846153846153864
,,,,,0.28169014084507044,,0.4647577092511028,,,
,,0.21,0.0684931506849315,,,,,0.417322834645669,,
,,0.12,,,,0.06007067137809187,0.4647577092511028,0.4803149606299213,,
,,,0.0684931506849315,,,,0.5088105726872243,0.34645669291338566,,
,0.2876712328767123,,,,0.2112676056338028,,0.6629955947136636,0.5118110236220472,,0.15384615384615397
0.4336283185840708,0.32191780821917804,,,,,0.21908127208480566,0.6703377386196792,,,
,,0.45,,0.09849749582637728,0.2112676056338028,,,,,
,,,,,0.28169014084507044,,,0.5669291338582676,,
,,,0.0958904109589041,0.09849749582637728,0.2112676056338028,,0.6629955947136636,,0.17365269461077845,
,,0.1,,,,,,,,
,,0.05,,,,0.04946996466431096,,0.5196850393700787,,
,,,,0.09015025041736227,0.1267605633802817,0.07773851590106007,,,,
0.5398230088495575,,,0.08904109589041095,0.15692821368948245,0.09859154929577466,0.09187279151943463,,0.11811023622047223,0.10179640718562874,
,,,,0.15358931552587646,,0.5265017667844523,,,0.2035928143712575,
,,,,,,0.2296819787985866,,,0.3053892215568863,1.0000000000000002
,,,,0.11185308848080133,,,,,,
,,,0.10273972602739725,,,,,,,
,,,,,,,0.7584434654919221,,0.16766467065868265,
,0.2602739726027397,,0.03424657534246575,,0.3098591549295775,,,,,
,,,,,,0.04946996466431096,,,0.28742514970059885,
,,,,,,,0.567547723935391,,0.18562874251497005,
,0.30821917808219174,,,0.10684474123539231,,0.07420494699646643,,0.48818897637795233,,
0.48672566371681414,,,0.06164383561643835,,0.056338028169014086,,,,0.27544910179640725,
0.663716814159292,,,,0.1335559265442404,,,0.7290748898678459,,0.1976047904191617,
,,,,,,,,0.34645669291338566,,0.1692307692307693
0.5929203539823009,,,0.07534246575342465,,,,0.6409691629956029,,,
0.47787610619469034,,,,,0.19718309859154928,,,,,
,0.15068493150684933,,0.07534246575342465,,,0.03180212014134276,0.6409691629956029,,0.1976047904191617,
,,,,,,,,,,0.1692307692307693
0.3185840707964601,0.41780821917808214,,,,,,0.4941262848751933,0.3622047244094486,,
,,0.41,,,,,,,,0.13846153846153864
,0.1917808219178082,0.41,,,0.08450704225352114,,0.6116005873715125,0.26771653543307083,0.2035928143712575,
0.35398230088495575,0.4657534246575342,,,0.12020033388981635,0.15492957746478872,,,,0.08982035928143708,0.23076923076923084
,,,0.1643835616438356,,,,,,,
,,,,0.09682804674457429,,,,,,
0.34513274336283184,,0.31,0.09246575342465754,0.11018363939899833,,,,,0.125748502994012,
,,,0.11643835616438356,,,0.03180212014134276,,,,
,,,,,,,0.5088105726872243,,,
,,,0.06164383561643835,,,,,0.5511811023622046,0.1616766467065868,
,,,,,,,,,,0.19999999999999996
,,,,,0.04225352112676056,,0.4500734214390576,,0.08383233532934128,
,,,0.22945205479452055,,0.056338028169014086,,0.47944199706314805,0.7007874015748028,0.125748502994012,
0.4070796460176991,,0.24,,,0.15492957746478872,0.30742049469964666,,,0.125748502994012,
0.3893805309734514,0.2465753424657534,,0.13013698630136986,,,0.4098939929328622,,,,0.15384615384615397
0.04424778761061948,0.23972602739726023,,0.0273972602739726,0.036727879799666116,0.23943661971830985,,,0.9133858267716533,,
,,,,0.12520868113522537,,,,0.44881889763779537,,
,0.1780821917808219,,0.0821917808219178,,,,0.6262848751835577,,,
,,,,,,,0.6116005873715125,,0.1437125748502994,0.2615384615384615
0.21238938053097345,0.363013698630137,,0.0821917808219178,,,,,,,
,,,,,,,,0.5748031496062991,,
0.256637168141593,,0.48,,,,,0.5234948604992695,,0.2215568862275449,0.18461538461538463
,0.4417808219178082,0.04,,0.11018363939899833,0.04225352112676056,,0.5822320117474362,,,
,,,,,,0.16961130742049468,0.6556534508076339,,,0.23076923076923084
,,0.19,0.14383561643835616,,,0.10954063604240281,,0.49606299212598426,,
,,,,,0.14084507042253522,0.10247349823321555,0.4353891336270266,,,
0.4513274336283185,,,0.04794520547945205,,,,,,,
0.38053097345132747,0.30479452054794515,,0.14383561643835616,,0.2112676056338028,,0.7143906020558006,,,
,,0.36,,,0.1267605633802817,,,,,0.15384615384615397
,,0.28,,,,,,0.4251968503937005,,0.2153846153846155
0.23008849557522126,0.25342465753424653,,,,,,0.48678414096916356,,,
,0.21232876712328763,,,0.10517529215358931,,,,,0.07784431137724554,0.15384615384615397
,,,,0.11185308848080133,,,,,0.1437125748502994,
,0.30136986301369867,,,0.11686143572621036,,,0.55286343612336,0.3779527559055116,,0.18461538461538463
0.22123893805309736,,0.0,,,,,,,,0.1692307692307693
,,0.04,,0.11686143572621036,,0.05653710247349823,,,,
,0.13013698630136986,0.3,,0.0684474123539232,0.49295774647887325,,0.47209985315713254,,,0.1692307692307693
0.3893805309734514,0.3698630136986301,0.17,,,0.056338028169014086,,,,,
,0.410958904109589,0.09,,,0.23943661971830985,,,,,0.41538461538461546
,,,,,,,,,0.2095808383233533,0.1692307692307693
,,,0.15753424657534246,,,,,,0.09580838323353294,
,0.2945205479452055,0.66,,,,0.10954063604240281,,,,
0.23893805309734517,,0.03,,,,0.04593639575971732,,0.5118110236220472,,
0.21238938053097345,0.226027397260274,,,,,,0.5822320117474362,,,
0.2743362831858408,,,0.07534246575342465,,,,0.6336270190895874,,,
,,,,,,0.18374558303886923,0.7437591776798911,,,0.13846153846153864
,0.2328767123287671,,,,,0.3462897526501767,0.604258443465497,,,
,,0.0,,,,,0.6556534508076339,,,
,,,,,,,,,,
,,,,,,,,,,
,,0.0,,,,,,0.5669291338582676,,0.12307692307692308
0.6194690265486726,,0.58,0.13013698630136986,0.14023372287145242,0.33802816901408456,,,,,0.24615384615384617
,,,,,0.28169014084507044,,,,,
,0.2671232876712329,,,,0.15492957746478872,,,0.6141732283464565,0.2395209580838323,
0.23008849557522126,,,,,0.15492957746478872,,,,0.2335329341317365,0.18461538461538463
,,,,0.09682804674457429,,,,0.6141732283464565,,
0.32743362831858414,,,,,,,,0.43307086614173196,0.1317365269461078,
,,0.68,,,,,,,,
,,,,,,0.1448763250883392,,,,
0.1504424778761062,0.5890410958904109,0.01,,,,,,0.6771653543307088,,0.4307692307692308
,,0.0,0.08904109589041095,0.12020033388981635,,0.08833922261484099,0.4765051395007447,,0.10179640718562874,0.2153846153846155
,0.5136986301369862,,,0.12020033388981635,,0.08833922261484099,,,,
,,,,,0.056338028169014086,,,,,
0.3716814159292037,0.39726027397260266,0.0,,0.0951585976627713,,,,0.44881889763779537,,
0.4159292035398231,,,,,,0.10247349823321555,0.536710719530106,0.40157480314960603,,
,,,,,,,,,,0.1692307692307693
,0.32191780821917804,,,,,0.31095406360424027,,,,0.19999999999999996
,,0.02,,,,,0.5411160058737181,,,
,,,,,,0.48763250883392223,,,,
,,,0.06164383561643835,,0.014084507042253521,0.13780918727915192,,,,0.1692307692307693
,0.6027397260273972,,,,0.08450704225352114,,,,0.07784431137724554,0.24615384615384617
,,,,,,,,,,
,,,,,0.28169014084507044,,0.5418502202643225,0.5984251968503935,0.1616766467065868,0.2153846153846155
,,0.05,,,0.35211267605633806,,0.5925110132158693,,,
,0.2328767123287671,,0.10273972602739725,,,,,,,
0.46902654867256643,0.15753424657534243,,,,,,,0.3700787401574801,,
,0.30136986301369867,,0.08904109589041095,,0.25352112676056343,,,0.34645669291338566,,
,0.30136986301369867,,0.08904109589041095,,0.25352112676056343,,0.6629955947136636,,,
,0.3493150684931507,,,,,,0.5822320117474362,,0.1137724550898204,0.13846153846153864
,,,0.11643835616438356,,,,,,0.2095808383233533,0.19999999999999996
,0.3561643835616438,0.17,,,,,,0.38582677165354307,,
0.2743362831858408,,,,,0.08450704225352114,,0.46402349486049843,,,
,0.2328767123287671,,,0.19031719532554256,,0.2049469964664311,,,0.24550898203592816,0.18461538461538463
,,0.44,,,0.28169014084507044,,0.38105726872247203,,,0.36923076923076925
,,,,,,0.028268551236749116,,,0.1137724550898204,0.3538461538461537
,,,,,,,0.6336270190895874,,0.1137724550898204,0.3538461538461537
,0.2945205479452055,,,0.09348914858096828,,0.038869257950530034,0.5345080763582928,,0.06586826347305388,
0.2743362831858408,0.30136986301369867,,0.1095890410958904,,0.18309859154929578,0.1413427561837456,,,,
0.33628318584070804,,0.39,,,,,0.27826725403818386,0.417322834645669,0.2275449101796407,
,0.10958904109589043,,,0.0667779632721202,,,0.25624082232012313,,0.2215568862275449,
,,,0.0684931506849315,,,,0.5102790014684331,0.4094488188976375,,
0.2654867256637168,,,,0.09682804674457429,,,,,,
0.7345132743362832,0.2602739726027397,,0.13013698630136986,,0.08450704225352114,,,,,
0.5486725663716815,,,,,0.26760563380281693,0.11307420494699648,,,,0.36923076923076925
0.5486725663716815,,0.33,0.1095890410958904,0.14524207011686144,,,,,0.2275449101796407,
,0.2671232876712329,0.19,0.15753424657534246,0.11519198664440736,0.09859154929577466,0.08480565371024736,,0.38582677165354307,,
,,,,0.12020033388981635,,,0.39500734214389865,0.4251968503937005,,
,,,,0.09849749582637728,,,0.4588839941262819,,,
0.21238938053097345,0.386986301369863,,,,,0.05653710247349823,0.4397944199706245,,,
,,0.0,0.0821917808219178,0.060100166944908176,,,,,0.24550898203592816,
0.18584070796460184,0.2876712328767123,,0.07534246575342465,,,,0.530837004405285,,,0.2153846153846155
,0.2465753424657534,0.28,,,,0.0353356890459364,0.49559471365638785,,0.1197604790419162,
0.22123893805309736,,,,,,,,0.48818897637795233,0.09580838323353294,0.3538461538461537
,,0.34,,,0.04225352112676056,0.007067137809187281,,,,0.40000000000000013
0.2831858407079646,,,,,,0.13780918727915192,,,,
0.11504424778761069,,0.08,0.0821917808219178,,,,,,,
,,,,,,,,0.5039370078740153,,
0.11504424778761069,0.33561643835616434,,0.0821917808219178,0.09849749582637728,,,0.27092511013215415,,0.26347305389221565,
0.3716814159292037,0.386986301369863,0.26,,,0.2112676056338028,,,,0.08383233532934128,0.15384615384615397
,,0.28,0.10273972602739725,,0.49295774647887325,,,0.4094488188976375,,0.5076923076923077
,0.10958904109589043,0.28,,,,,,,,
,,,,0.10517529215358931,0.11267605633802817,,,,,
0.12389380530973448,,,,,,,,,,0.24615384615384617
,0.2602739726027397,,,,,0.21908127208480566,0.5146842878120452,,,
,0.386986301369863,0.35,,,,0.303886925795053,0.4574155653450873,0.4251968503937005,,0.15384615384615397
,,,,0.08347245409015025,,0.12720848056537104,,,,
,0.3561643835616438,,0.06164383561643835,,,,,,0.1976047904191617,
0.15929203539823011,0.3561643835616438,,,0.11519198664440736,,,,,,
0.24778761061946908,,0.16,0.06164383561643835,,0.15492957746478872,,0.5602055800293755,,,0.23076923076923084
,0.3561643835616438,,,,,,,0.6692913385826769,0.1976047904191617,
,,,,0.11352253756260433,0.15492957746478872,,,0.6614173228346458,,0.2153846153846155
,,0.32,,,0.35211267605633806,,,,0.44311377245508987,
0.4159292035398231,0.1643835616438356,,0.0410958904109589,0.11352253756260433,,,,0.5748031496062991,,0.3846153846153846
,0.4212328767123288,,,,,0.028268551236749116,,0.606299212598425,,
,,,,0.11352253756260433,0.5633802816901409,,0.4735682819383271,,,
0.3185840707964601,,,,0.10183639398998329,,0.1448763250883392,,,,
0.6283185840707963,,,0.0547945205479452,,,0.09187279151943463,0.4985315712187912,,0.2035928143712575,
,,0.06,,,,,,0.606299212598425,,
,,,,,0.19718309859154928,,,,,
,,0.06,,,0.22535211267605634,,0.5425844346549269,0.606299212598425,,
0.23008849557522126,0.3424657534246575,0.06,,,,0.2791519434628975,0.5425844346549269,,,
,,,0.0958904109589041,,0.16901408450704225,,0.3164464023494986,,,
,0.2671232876712329,0.23,,0.10016694490818029,0.16901408450704225,,,,,
,0.40753424657534243,,0.0821917808219178,,,0.13074204946996465,0.2672540381791464,,,
,,,,,,,,,,
,0.15753424657534243,,,,,0.14840989399293286,,,,
,0.06164383561643835,,,,,0.014134275618374562,,,0.1497005988023952,
,0.1780821917808219,,0.0821917808219178,,,,,,0.1916167664670659,
0.3716814159292037,,,0.13013698630136986,,0.08450704225352114,,,,0.27544910179640725,0.5230769230769232
,,,,,,0.13074204946996465,,,0.1437125748502994,0.5230769230769232
,,,0.21232876712328766,0.13689482470784642,,,,,,0.24615384615384617
,,,,,,,0.5418502202643225,,,
0.3716814159292037,0.33561643835616434,,,0.13689482470784642,0.4084507042253521,,,0.3779527559055116,,
0.3893805309734514,,,,,,,0.6086637298091091,0.46456692913385833,,
,,,,,0.3943661971830986,,,,,0.5692307692307692
0.5398230088495575,,,0.3904109589041096,0.1669449081803005,,,0.9412628487518475,0.3779527559055116,0.2095808383233533,
,,,,0.11018363939899833,,,,,,0.19999999999999996
,,0.23,,,,0.04240282685512367,,0.3779527559055116,,
,,,0.08904109589041095,,,,,,,
,,,,0.11352253756260433,0.36619718309859156,0.13074204946996465,0.3986784140969206,,,
,,0.01,,,0.36619718309859156,,,0.5354330708661417,,
,0.13013698630136986,,,,,0.13074204946996465,,,,
,0.13013698630136986,,,,,,,,,
0.24778761061946908,,,0.10273972602739725,,,,0.5352422907489114,,,
,0.32191780821917804,,,,,0.04240282685512367,,,,
,,,,,,0.2544169611307421,,,,
,0.30136986301369867,,,,,,,,,
0.23893805309734517,0.12671232876712327,0.39,,0.07846410684474123,0.08450704225352114,,,,0.1137724550898204,0.476923076923077
0.47787610619469034,,,,,0.04225352112676056,,,,,
0.424778761061947,,,,,,,,,,
,0.13356164383561644,0.4,,,,,,,,0.5384615384615385
,,0.19,0.0410958904109589,0.24874791318864772,,,,,,
0.19469026548672563,0.19863013698630133,,,,,0.13780918727915192,0.5998531571218848,0.5039370078740153,,
,,,,,,,0.4647577092511028,,0.2335329341317365,0.40000000000000013
,0.3424657534246575,0.12,,0.10016694490818029,,,,,,
,0.19863013698630133,,,,0.1267605633802817,,,,,
,,,0.08904109589041095,,,,,,,
,,,,0.12020033388981635,,,0.5998531571218848,,,
0.35398230088495575,,,0.0958904109589041,0.0717863105175292,,0.07773851590106007,,,0.281437125748503,
,,0.36,,,,,0.43832599118942994,,,0.40000000000000013
,,,,0.11018363939899833,,0.21201413427561838,0.516152716593254,0.5590551181102361,,0.1692307692307693
,,0.01,,,0.16901408450704225,,,0.5826771653543306,,
,0.1232876712328767,,0.0958904109589041,,0.25352112676056343,,0.3935389133627041,,,
0.654867256637168,,,,0.09849749582637728,0.07042253521126761,0.0706713780918728,,0.2598425196850389,,
,,,,,,,0.350220264317187,0.35433070866141714,0.1137724550898204,
0.48672566371681414,,,,,,,0.6071953010279003,,,
,,,0.19863013698630136,,,,,0.417322834645669,0.18562874251497005,
,,,0.07534246575342465,0.09849749582637728,,,,0.3149606299212597,,
,,0.58,,,0.14084507042253522,,,,0.39520958083832336,0.5538461538461539
,0.10958904109589043,,,0.1352253756260434,,,,,,
,,,0.06164383561643835,0.10517529215358931,,,,,,
,,,,,,,,,,
0.38053097345132747,,,,,0.1267605633802817,,0.4001468428781152,0.5275590551181102,,0.5384615384615385
,0.10958904109589043,,,,0.07042253521126761,,,,0.17365269461077845,0.6153846153846154
,,,,0.07679465776293823,0.07042253521126761,0.014134275618374562,,,,
,0.15068493150684933,,,0.0667779632721202,,0.010600706713780918,,,,
0.34513274336283184,0.06164383561643835,0.52,,,,,,,0.2035928143712575,0.3076923076923077
,0.1643835616438356,,,,,,,,,0.44615384615384635
,,0.52,0.07534246575342465,,,0.1590106007067138,,,,0.41538461538461546
0.15929203539823011,,,0.0958904109589041,0.18030050083472454,0.33802816901408456,,0.3759177679882555,,,
,,,,,0.15492957746478872,,,0.48818897637795233,,
,,,,,,0.11307420494699648,,,,
,,,0.0821917808219178,,,,,,,
,,0.39,,,,0.07420494699646643,0.39574155653451726,,0.21556886227544905,
,0.23972602739726023,,,,0.23943661971830985,,,,,
,,0.43,,0.09348914858096828,,,0.31057268722466347,,,
0.18584070796460184,0.30136986301369867,,,,0.08450704225352114,,,0.5669291338582676,0.16766467065868265,0.2769230769230768
0.5132743362831859,,,,,0.07042253521126761,,,,0.32335329341317365,
,0.1780821917808219,,0.10273972602739725,,,,,0.3779527559055116,,
,,,,,,0.02473498233215548,0.47797356828193927,,,
,,,,,0.47887323943661975,,,,,
,,,,,,,,,,
0.6725663716814159,,0.49,,,,,0.5014684287812088,,0.17964071856287425,
,,,,,,,0.5176211453744486,0.40157480314960603,0.17365269461077845,
,,,0.0821917808219178,0.09682804674457429,,,,,0.2934131736526946,0.6923076923076923
,,,0.0684931506849315,,,0.038869257950530034,,,,
,,0.49,,0.10517529215358931,,,,,,
,,,0.07534246575342465,,,,,,0.1497005988023952,0.44615384615384635
,0.15068493150684933,0.39,0.03424657534246575,,,,0.3399412628487539,,,
0.22123893805309736,,0.3,,,,,,,,
,,,,,,,,,,0.15384615384615397
0.4513274336283185,,,,,,,,0.3149606299212597,,
,0.18493150684931509,0.12,,,,,,,0.09580838323353294,
,,,,,,,,,,
,0.1917808219178082,0.1,0.07534246575342465,0.10684474123539231,,,0.401615271659324,,,0.15384615384615397
,,,,,,,,,,0.15384615384615397
,,0.45,,,0.26760563380281693,,0.6688693098384704,,0.059880239520958084,0.15384615384615397
,,,,0.12520868113522537,,,,,,
0.38053097345132747,,0.34,,,0.04225352112676056,0.014134275618374562,,,,0.10769230769230775
,,0.0,,0.0717863105175292,,,,0.5748031496062991,0.1197604790419162,0.6923076923076923
,0.21232876712328763,0.3,0.08904109589041095,,,0.021201413427561835,,,,
,,0.38,,,,,,,,
,,,,,0.16901408450704225,,,,,0.5076923076923077
,,,,,,,0.2004405286343598,,0.1317365269461078,0.676923076923077
0.3185840707964601,0.21232876712328763,,,,,,,,,
,0.1643835616438356,,,,0.04225352112676056,,,0.48818897637795233,,
,,,,,,,,,,
,0.1232876712328767,0.34,,,,,,0.4094488188976375,0.3053892215568863,
,,0.4,,,,,,0.38582677165354307,0.2215568862275449,0.5538461538461539
,,,0.13013698630136986,0.17362270450751252,,,0.5249632892804783,,,
,,,0.0547945205479452,,0.08450704225352114,,,,,
0.38053097345132747,0.136986301369863,,0.07534246575342465,,,,0.41336270190896585,,0.1317365269461078,
,0.6061643835616437,0.15,,0.15025041736227043,,0.09187279151943463,,,0.08982035928143708,0.24615384615384617
0.3008849557522124,0.3150684931506849,0.16,,,,,,0.3779527559055116,0.1497005988023952,
0.38053097345132747,,,,,0.15492957746478872,,,0.417322834645669,0.25149700598802394,
,,0.14,,,0.1267605633802817,,,,0.16766467065868265,
0.5929203539823009,0.1643835616438356,,,,0.02816901408450704,,,,0.1197604790419162,
,,,,,0.02816901408450704,,0.4662261380323116,,,
,,,,,,,,0.4803149606299213,,
,,0.42,,,,0.010600706713780918,,,,0.6000000000000001
,0.3150684931506849,,,,,0.04240282685512367,,0.4566929133858264,,
,0.48630136986301364,,,,,,,,0.1616766467065868,
0.2920353982300885,,0.32,,,,,0.26211453744492985,,0.13772455089820365,
,0.46232876712328763,0.0,,,0.3802816901408451,,0.27239353891336293,,0.1137724550898204,
,,0.21,,,,0.21908127208480566,0.4251101321585935,,,
,,0.01,0.06164383561643835,,,0.04240282685512367,,,,0.32307692307692304
0.22123893805309736,,0.0,,,,,,,,0.476923076923077
0.23893805309734517,,0.01,0.06164383561643835,,,,,,,
,,0.0,,,,,,,,
,,,,,,0.07420494699646643,0.42951541850220565,,,0.3076923076923077
0.38053097345132747,0.42808219178082185,,,,0.19718309859154928,0.14840989399293286,0.5374449339207104,,,0.19999999999999996
,,,,0.12186978297161938,,,,,,0.33846153846153837
,,0.34,,,0.35211267605633806,,0.25624082232012313,,0.155688622754491,
,,,0.363013698630137,0.11018363939899833,,,,0.393700787401575,,
,0.2602739726027397,,,,,,0.5029368575624176,0.46456692913385833,,0.41538461538461546
,0.25342465753424653,,,,,,,,,0.2153846153846155
,0.2602739726027397,,0.08904109589041095,,,,0.5029368575624176,0.46456692913385833,,
0.4336283185840708,,0.41,,0.0951585976627713,,,,,0.28742514970059885,
,,,0.03424657534246575,0.09682804674457429,,,,0.4566929133858264,,0.4615384615384617
,,0.0,0.0547945205479452,0.10684474123539231,,,,,0.17365269461077845,
,,0.17,0.06164383561643835,,,0.1590106007067138,,,,
,,,,,,,,,,
0.22123893805309736,0.21232876712328763,0.17,0.06164383561643835,,,,0.4603524229074907,0.590551181102362,,
0.08849557522123891,0.3321917808219178,0.05,,0.10183639398998329,0.25352112676056343,,,0.6456692913385824,,0.6923076923076923
,,,,,,,,,0.26347305389221565,0.6615384615384614
,,,,0.13856427378964942,,0.2508833922261484,,,,0.10769230769230775
0.3185840707964601,0.3561643835616438,,0.07534246575342465,,,,0.5433186490455171,0.30708661417322825,,0.10769230769230775
,0.2054794520547945,,,,,,,,0.1437125748502994,0.10769230769230775
,0.2808219178082192,,,,0.4084507042253521,,,0.35433070866141714,,0.49230769230769234
,,0.53,0.21232876712328766,,,0.014134275618374562,0.4251101321585935,,,0.5692307692307692
,0.07534246575342465,,,,0.02816901408450704,,,,,0.23076923076923084
,,,,,0.08450704225352114,,,,0.21556886227544905,
,,,,,,,,,,
0.3185840707964601,0.42465753424657526,,,,,,0.3017621145374392,,0.1437125748502994,0.5230769230769232
,,,,,,,0.4574155653450873,0.43307086614173196,,
,,0.08,0.10273972602739725,,,,,,0.2335329341317365,0.6307692307692307
,,,0.13013698630136986,0.12353923205342235,,,,,,
,,,0.4931506849315068,0.14357262103505844,,,0.6497797356828272,,,
,0.15753424657534243,0.26,,0.11853088480801335,,,0.4941262848751933,0.5196850393700787,,
,,,0.4931506849315068,,,,,,,
,,,,,,,,0.5511811023622046,,
,,,,,0.5140845070422535,0.9611307420494699,,,,0.6000000000000001
0.5044247787610621,,,,0.05843071786310518,,,0.3406754772393583,,,
,,0.68,,,,,,0.21259842519685002,,
,,,0.06164383561643835,,,,0.49779735682820103,0.5354330708661417,,
,,,,,0.4366197183098592,,,,,
0.34513274336283184,,,,0.0717863105175292,0.02816901408450704,,,0.5039370078740153,,
0.2920353982300885,,0.42,0.04794520547945205,,,,,,,
,,,,,,,,0.2204724409448815,,
0.6194690265486726,,0.54,,0.13856427378964942,,,0.5345080763582928,0.2204724409448815,0.2574850299401198,
0.47787610619469034,,0.54,,0.11853088480801335,0.5774647887323944,,,,,0.5230769230769232
0.2920353982300885,,,,,0.09859154929577466,,,,,
0.21238938053097345,,,,,,0.0353356890459364,,0.5433070866141732,,
,,0.09,0.31506849315068486,0.17529215358931552,,,,0.4803149606299213,,
0.424778761061947,,,,0.12520868113522537,0.07042253521126761,0.04946996466431096,0.5616740088105843,,,
,0.41438356164383555,,,0.17529215358931552,,,0.4757709251101403,0.4803149606299213,,0.36923076923076925
,0.13013698630136986,,0.0821917808219178,,,,,0.3228346456692912,,0.6307692307692307
,0.273972602739726,0.38,,,,0.04240282685512367,,,,
,,0.42,0.0821917808219178,,,0.10600706713780918,,,0.2694610778443114,
,,0.27,,,,,,,,
,,,0.0821917808219178,,0.16901408450704225,,,0.5275590551181102,,
,,0.41,,0.09348914858096828,,,,,0.31137724550898205,
,,,,,,,,0.3385826771653542,0.2574850299401198,
,0.2054794520547945,,,,0.3098591549295775,0.17314487632508835,0.3406754772393583,,0.18562874251497005,
,0.0821917808219178,0.39,0.04794520547945205,,,,,0.29921259842519676,,
,,,,,,0.053003533568904596,,,,
,,0.12,,0.08848080133555926,,0.0636042402826855,,,,
,,,,,,,,,0.1497005988023952,
,,,,,,,,0.3622047244094486,0.2335329341317365,
,,,,,,0.07773851590106007,,0.5511811023622046,0.1317365269461078,
,,0.37,0.0684931506849315,,,,0.4897209985315669,,0.1916167664670659,0.4307692307692308
0.16814159292035402,,,,,0.02816901408450704,,,,,0.476923076923077
,,,,,,,,0.3149606299212597,,
,,,,,,0.0176678445229682,,0.5118110236220472,,
,0.4383561643835616,0.0,,,,,,,,
,,,0.1643835616438356,,,,,,,
,0.3287671232876712,,,,0.056338028169014086,,0.5602055800293755,0.34645669291338566,0.17964071856287425,0.3076923076923077
0.24778761061946908,,,,,,,,,,0.8
0.23008849557522126,,0.07,,,,,,,,
,,,0.0547945205479452,,0.295774647887324,0.15547703180212014,,,,0.5384615384615385
,,,,,,,,0.3779527559055116,,
,,,,,,,0.5014684287812088,,,
,,,,0.11352253756260433,0.323943661971831,,,0.417322834645669,0.31137724550898205,
0.20353982300884965,0.226027397260274,,,,0.07042253521126761,,0.25477239353891434,,,
,,,0.1095890410958904,,,,,0.622047244094488,,
,,,,,,0.053003533568904596,0.4353891336270266,0.4251968503937005,,0.2153846153846155
,0.18493150684931509,,0.07534246575342465,,0.11267605633802817,,0.38105726872247203,,,
,0.15753424657534243,0.47,0.07534246575342465,0.08180300500834724,,,,,,
0.3185840707964601,,,,,,,,,,
,,,,,,0.22614840989399293,,,,
,,0.25,,,,0.11307420494699648,,,,
0.4424778761061947,0.2054794520547945,0.35,,,,,0.4515418502202664,,,
0.17699115044247782,0.3150684931506849,,0.08904109589041095,0.14691151919866444,,,,0.6692913385826769,,
,0.0410958904109589,,0.05821917808219178,,0.619718309859155,0.28975265017667845,,,0.2574850299401198,
,0.2671232876712329,,,,0.2112676056338028,0.33568904593639576,,0.5669291338582676,0.32335329341317365,0.6923076923076923
,,,0.13013698630136986,0.10684474123539231,0.295774647887324,,0.41483113069017463,,,0.33846153846153837
,,0.43,,0.16360601001669448,,,,,,
0.3716814159292037,,,,0.10684474123539231,0.15492957746478872,,0.399412628487525,,0.25149700598802394,0.2769230769230768
,,0.42,,,0.15492957746478872,0.04593639575971732,,,0.2275449101796407,
,,,,0.11018363939899833,,,,0.43307086614173196,0.2035928143712575,
,,,,0.1035058430717863,,0.14840989399293286,,0.4566929133858264,,0.6153846153846154
,0.2602739726027397,,,,,,0.36343612334802344,0.4566929133858264,,0.476923076923077
0.4070796460176991,,,,,0.056338028169014086,,0.4845814977973504,,0.2035928143712575,
,,,,,,,,0.5354330708661417,,
,,,,,,,,,0.24550898203592816,0.6000000000000001
,0.1643835616438356,,,,,,,,0.17365269461077845,0.1692307692307693
,,,,,0.35211267605633806,0.20848056537102472,0.5205580029368662,,,0.1692307692307693
,,,,0.13856427378964942,0.6619718309859155,,0.3920704845815095,,,0.476923076923077
,0.5205479452054794,,,,,,,,,0.4307692307692308
,,,,,0.07042253521126761,,,,0.1976047904191617,
,,,,0.048414023372287146,0.22535211267605634,0.2544169611307421,,0.7401574803149606,,0.4615384615384617
0.3185840707964601,,,,0.10684474123539231,,0.1448763250883392,,,,
,0.4657534246575342,,,,,,,,,
0.16814159292035402,,,,,,0.021201413427561835,,,0.10778443113772454,
0.23008849557522126,,,0.1095890410958904,,,,,,0.281437125748503,
,,0.0,,0.2570951585976628,0.07042253521126761,,0.399412628487525,,,0.36923076923076925
,,0.22,,,0.28169014084507044,,,,,
0.2743362831858408,0.30821917808219174,,,0.0951585976627713,,0.010600706713780918,0.33113069016152963,,0.125748502994012,
0.2920353982300885,0.3150684931506849,0.23,,,0.3098591549295775,,,0.3700787401574801,0.1497005988023952,
,,,,,,,,,,
,,0.36,,,,0.014134275618374562,,,0.125748502994012,
,,0.39,,,,,0.3737151248164565,,,
,0.1643835616438356,,,,0.323943661971831,0.13427561837455831,,,0.31137724550898205,0.40000000000000013
,,,,,,,,,0.31137724550898205,
0.23008849557522126,0.1643835616438356,,,0.1035058430717863,,,0.38693098384729296,,0.31137724550898205,
0.46902654867256643,0.410958904109589,0.55,0.0547945205479452,,0.323943661971831,,0.546989720998539,0.4803149606299213,,
0.1415929203539823,0.18493150684931509,,,,,,,,0.32335329341317365,0.4307692307692308
,,,0.0821917808219178,,0.09859154929577466,0.03180212014134276,,,,
0.17699115044247782,,,0.0821917808219178,,,,0.41336270190896585,,,
,0.363013698630137,,,0.11018363939899833,0.09859154929577466,0.03180212014134276,0.36049926578560587,0.4803149606299213,,0.3076923076923077
0.49557522123893805,,0.46,0.0684931506849315,,,,,,0.08982035928143708,
0.2920353982300885,,,,0.11185308848080133,0.1267605633802817,,,,0.21556886227544905,
,,,,0.07512520868113523,,,,0.38582677165354307,0.28742514970059885,0.5538461538461539
0.3893805309734514,,0.4,0.0273972602739726,,,,,,,
,0.136986301369863,,0.06164383561643835,,,,0.5337738619677026,0.4251968503937005,0.26347305389221565,0.476923076923077
0.5575221238938054,0.136986301369863,,,,,0.13427561837455831,,0.4251968503937005,,
,0.2808219178082192,,0.08904109589041095,,,,,,,
,0.1643835616438356,,0.08904109589041095,0.1035058430717863,,0.06007067137809187,,,0.2574850299401198,0.5538461538461539
,,,,,0.09859154929577466,0.04946996466431096,,,,
0.4070796460176991,,0.23,0.11643835616438356,,,,0.6718061674008879,0.3228346456692912,,0.15384615384615397
,,0.03,,,0.36619718309859156,,,,,
,0.3150684931506849,,,,,,0.5594713656387711,,0.2335329341317365,
,0.0410958904109589,,,,,,,,,0.5230769230769232
,,,0.0821917808219178,0.10517529215358931,,0.21201413427561838,,,0.18562874251497005,0.1692307692307693
,,,,,,0.10600706713780918,,,0.09580838323353294,0.13846153846153864
,,0.01,0.08904109589041095,,0.14084507042253522,,0.17254038179147813,,,0.676923076923077
,,,,,,0.37809187279151946,,,,
0.2831858407079646,0.2945205479452055,,,0.09682804674457429,,,0.47870778267254366,0.4094488188976375,,
,0.43150684931506844,,0.08904109589041095,,0.14084507042253522,0.04240282685512367,,,,0.676923076923077
,,,,0.07512520868113523,,0.04946996466431096,0.35315712187959036,,,0.5230769230769232
0.256637168141593,0.33561643835616434,,,,0.49295774647887325,0.19081272084805656,0.3575624082232025,,0.041916167664670656,
,,0.22,,,,,,,0.17365269461077845,
0.24778761061946908,,,,,0.19718309859154928,0.14840989399293286,0.36343612334802344,,,
0.24778761061946908,,,,,,,,,0.2095808383233533,
,,0.33,,0.11519198664440736,,,0.35462555066079915,,,
,,,,0.11185308848080133,0.323943661971831,,0.37224669603524774,0.5196850393700787,,
,,,,,,,,,,
,,0.02,0.10273972602739725,,,,,0.5748031496062991,,
0.19469026548672563,,,,,,0.09540636042402827,,,0.17964071856287425,
0.35398230088495575,0.3527397260273972,,0.06164383561643835,0.652754590984975,,,,,,
0.1504424778761062,,,,,0.22535211267605634,0.0636042402826855,,,,0.4307692307692308
,,0.0,0.08904109589041095,,,,0.567547723935391,,,
0.34513274336283184,,,,0.09015025041736227,,,,,,
,,0.05,,0.11519198664440736,,,,,,
,0.21232876712328763,,,0.09348914858096828,0.16901408450704225,0.04593639575971732,0.4353891336270266,,,
,0.19863013698630133,,,,,,,,0.1317365269461078,
0.03539823008849563,,,,,0.35211267605633806,,0.05653450807636773,,,
0.23893805309734517,,0.2,,,0.323943661971831,0.2049469964664311,,,,0.5076923076923077
,,,,0.10851419031719531,,0.13427561837455831,,,,
,,0.2,,0.10183639398998329,,0.13427561837455831,,,,
0.2831858407079646,,,,,,,,0.393700787401575,0.1197604790419162,
0.34513274336283184,0.1917808219178082,,,,0.02816901408450704,0.014134275618374562,0.4104258443465483,,0.13772455089820365,0.5538461538461539
0.3008849557522124,0.40753424657534243,,0.0958904109589041,,,,,,,0.1692307692307693
0.22123893805309736,,,0.0684931506849315,,,,0.40602055800295034,0.49606299212598426,,
,0.2328767123287671,0.2,,,,0.16961130742049468,,,0.18562874251497005,
,,0.28,,0.14023372287145242,0.22535211267605634,,0.5337738619677026,,,
,,,0.0958904109589041,0.09849749582637728,,0.10600706713780918,0.34434654919236607,,,0.3846153846153846
,,0.44,,0.09348914858096828,,,,0.4803149606299213,0.125748502994012,
0.3008849557522124,,,,,,0.0035335689045936404,,,0.023952095808383228,
,0.3287671232876712,0.3,,0.09348914858096828,,,,0.44094488188976344,,
0.2654867256637168,0.42465753424657526,0.0,0.0684931506849315,,0.07042253521126761,,0.3773861967694643,,0.155688622754491,
,,,,,,0.19081272084805656,0.46328928046990825,,0.25149700598802394,
,,0.13,,0.07345575959933222,,,,,,
0.256637168141593,,,0.0684931506849315,,,,0.48825256975037234,,,
,,,,,,0.19081272084805656,,,,
,,,,,0.7042253521126761,0.25265017667844525,0.40455212922174155,,0.07185628742514968,
0.17699115044247782,0.3493150684931507,,,,,,,,0.07185628742514968,0.1692307692307693
,0.2808219178082192,0.14,0.0821917808219178,,0.19718309859154928,,,0.4803149606299213,,0.5692307692307692
,,0.0,0.03424657534246575,0.08514190317195325,,0.04240282685512367,0.13509544787078198,,,
,0.9999999999999999,,,,,0.010600706713780918,,,,
,,,,,,,,,0.24550898203592816,0.5076923076923077
,0.17123287671232873,,,0.08681135225375626,,,0.417767988252578,,,
,0.10958904109589043,,,0.11519198664440736,,,,0.48818897637795233,,
,,,,,,,0.3986784140969206,,,
,0.39041095890410954,,,,,,,,,
0.4513274336283185,0.39041095890410954,,,,0.295774647887324,,0.5748898678414207,0.43307086614173196,,
,0.33561643835616434,,,,,,0.4441997063142509,,,
0.16814159292035402,,0.15,,,,,0.2077826725403895,,,
,,,,,,,,,,
,,0.21,,0.12353923205342235,,,0.40455212922174155,,,
0.21238938053097345,,0.21,,0.12353923205342235,0.323943661971831,,,0.5196850393700787,0.1197604790419162,
0.256637168141593,,0.27,,,,0.3003533568904594,,0.4094488188976375,,0.2153846153846155
,,,,,,0.1413427561837456,,,,
,,,0.08904109589041095,,0.1267605633802817,0.12367491166077739,,,0.21556886227544905,
,0.3493150684931507,,0.07534246575342465,,,,,,,0.2153846153846155
0.3982300884955752,,,,,,,,,,0.10769230769230775
,,,0.11643835616438356,,,,0.5792951541850186,,0.1976047904191617,0.2615384615384615
0.3982300884955752,,,,,0.11267605633802817,0.04240282685512367,,0.34645669291338566,0.1317365269461078,
,0.1643835616438356,0.39,0.06164383561643835,,0.28169014084507044,,,,0.2934131736526946,
0.18584070796460184,0.2328767123287671,,0.0547945205479452,,,,,0.5118110236220472,,
,,,,,,0.0989399293286219,0.34728340675478364,,,
,,,,,,,,,0.1137724550898204,0.13846153846153864
,,,0.0821917808219178,,0.22535211267605634,0.3003533568904594,,,,
,,,,0.11853088480801335,,,0.44713656387665424,,,
,,,,,0.4225352112676057,,,,,
,0.18493150684931509,,,0.10517529215358931,,,,,0.059880239520958084,0.19999999999999996
0.23008849557522126,,,,,,,0.4412628487518333,,,
,,0.02,,,0.25352112676056343,,0.27900146842878826,0.5039370078740153,0.1976047904191617,
0.12389380530973448,,0.0,,,,0.0706713780918728,,0.48818897637795233,,
0.12389380530973448,,0.0,,0.07512520868113523,0.19718309859154928,,,,,0.1692307692307693
,0.2602739726027397,,,0.07512520868113523,,0.0706713780918728,,,,0.1692307692307693
0.256637168141593,,,,0.12020033388981635,,,,0.48818897637795233,,
,0.2671232876712329,,0.0547945205479452,0.12020033388981635,,,0.3898678414096963,,,
,,0.02,0.0547945205479452,,,,0.3898678414096963,,,
,,0.02,,,,0.08833922261484099,,,,
,,0.02,,0.12020033388981635,,,0.3898678414096963,,0.125748502994012,
0.6106194690265487,0.2054794520547945,,,0.10851419031719531,,,,,,
,,0.24,,,,0.07773851590106007,,,,0.2769230769230768
,0.32191780821917804,,0.0821917808219178,,,,,,0.13772455089820365,0.4615384615384617
,,0.03,,0.11018363939899833,0.08450704225352114,,0.4258443465491979,,,
,,,,,,,,,,
,0.3424657534246575,,,,0.09859154929577466,,,,,
0.2654867256637168,,,,0.12353923205342235,0.18309859154929578,,0.5014684287812088,0.49606299212598426,,0.2923076923076924
,0.3150684931506849,0.03,,0.10851419031719531,,,0.41189427312775706,,,
,0.136986301369863,0.25,,,0.056338028169014086,,,,,
0.1327433628318584,,,,,0.04225352112676056,0.07773851590106007,0.3355359765051418,0.48818897637795233,0.06586826347305388,
,,,,,0.7183098591549296,,,,0.10179640718562874,
,,,,,,,0.5117474302496419,,,
,,0.14,,0.1352253756260434,0.16901408450704225,0.16961130742049468,,0.48818897637795233,,
,,,0.03424657534246575,,,0.07773851590106007,,,0.1916167664670659,
,,,,0.11352253756260433,0.14084507042253522,,0.4735682819383271,,,
,,,0.0684931506849315,,,,,0.5669291338582676,,
,0.42465753424657526,,,,,,0.417767988252578,0.393700787401575,,
0.20353982300884965,,0.3,0.08904109589041095,0.12687813021702837,,,,,,
,,,0.0821917808219178,,,,0.4765051395007447,0.417322834645669,,
0.17699115044247782,,,,,,0.007067137809187281,0.2856093979441994,,,
,,,,,,,,0.3700787401574801,,
,,,0.0547945205479452,,,0.21201413427561838,0.4522760646108708,,0.5029940119760479,0.12307692307692308
0.19469026548672563,,,,,,,,,,0.2153846153846155
,,,,,,0.33215547703180215,,0.4094488188976375,,
,,,,,,,0.4419970631424377,,,
0.19469026548672563,,,,,,,,,,
,,0.22,,0.11352253756260433,,,,,0.09580838323353294,
,,,0.0821917808219178,0.11352253756260433,,,0.44493392070484106,0.44094488188976344,0.09580838323353294,
0.22123893805309736,,0.15,0.06164383561643835,0.15859766277128548,,,,,0.10179640718562874,
,0.3561643835616438,,,,0.09859154929577466,,0.4427312775330421,,,
0.24778761061946908,,0.07,0.06164383561643835,0.14691151919866444,,,0.4427312775330421,,,0.18461538461538463
0.18584070796460184,,,0.08904109589041095,,,,,0.2834645669291338,,
,0.25342465753424653,,0.0958904109589041,,0.19718309859154928,0.09540636042402827,,,,0.6307692307692307
,,,,,0.056338028169014086,,,,,
,,0.25,0.07534246575342465,,,,0.4441997063142509,,,0.2769230769230768
0.23008849557522126,,0.0,,,0.1267605633802817,,,,0.2335329341317365,
,,,,,,,,,,
0.2920353982300885,0.39041095890410954,,,,0.4507042253521127,,,0.40157480314960603,0.10778443113772454,
,,,,,,,,,,
,,,,,,,,,,
0.12389380530973448,,,,,0.5492957746478874,,,0.6299212598425195,,0.3538461538461537
0.3097345132743363,0.11643835616438356,,,,,,0.36196769456681466,,,
,,0.0,,,0.5492957746478874,,,0.6299212598425195,,
,,,,0.11686143572621036,,0.0353356890459364,,0.5984251968503935,,0.5384615384615385
0.15929203539823011,,,,,0.09859154929577466,,,,,
0.3185840707964601,,,0.28767123287671226,,,,,,,0.3846153846153846
,,0.25,,,,,0.4574155653450873,0.23622047244094446,,
0.47787610619469034,,,,,0.02816901408450704,0.03180212014134276,,,,
0.2831858407079646,,,,,0.02816901408450704,,0.36196769456681466,0.3307086614173227,,
0.2743362831858408,,,0.08904109589041095,0.10851419031719531,,,,,0.07185628742514968,0.23076923076923084
0.2831858407079646,0.2808219178082192,,0.04794520547945205,0.10851419031719531,,,0.36196769456681466,0.3307086614173227,0.07784431137724554,
,0.2876712328767123,,,,,0.17314487632508835,,0.5118110236220472,,
0.15929203539823011,,,,,,,,,,
0.32743362831858414,,,0.03424657534246575,,,,,,,
0.2654867256637168,,,,,,,,0.44094488188976344,0.1497005988023952,
,,,0.06164383561643835,,,,0.40602055800295034,0.49606299212598426,,
,,,0.0821917808219178,,,,,,0.125748502994012,
,,,,,,,,,,
0.49557522123893805,,,,,,,1.0,0.34645669291338566,,
,,,,,,,,0.34645669291338566,,
0.47787610619469034,0.1780821917808219,,,,,0.2968197879858657,,,,0.01538461538461533
,,0.0,,0.0667779632721202,,0.007067137809187281,,,,
,0.17123287671232873,,,,0.19718309859154928,,,,,
0.24778761061946908,,,,0.13689482470784642,,,0.518355359765053,,0.1137724550898204,
,0.3493150684931507,0.02,0.0684931506849315,,0.23943661971830985,,0.5176211453744486,,,
0.20353982300884965,0.3150684931506849,0.2,,,,0.05653710247349823,,0.5039370078740153,0.09580838323353294,
,0.3767123287671233,,0.08904109589041095,,,,,,,
,0.45547945205479456,0.19,0.29452054794520544,,0.25352112676056343,,,,,0.18461538461538463
,,,,,0.295774647887324,0.11660777385159012,0.5095447870778287,,0.24550898203592816,0.19999999999999996
,0.3150684931506849,,0.0684931506849315,,0.5492957746478874,,,,0.2395209580838323,
,,0.31,0.07534246575342465,0.07345575959933222,,,0.3414096916299627,,,
,,,,,0.19718309859154928,,,,,
0.2831858407079646,,0.44,0.1232876712328767,,,0.038869257950530034,,,,0.40000000000000013
0.17699115044247782,,0.02,0.07534246575342465,,0.5070422535211268,,0.26945668135095957,,,
0.2654867256637168,,,,0.1035058430717863,,,,0.5275590551181102,,
,,0.63,,,,,,,,
,,,,,0.11267605633802817,0.038869257950530034,,,,0.3846153846153846
,,,,0.1035058430717863,,0.2791519434628975,,,,
,,,,,0.09859154929577466,,0.43759177679882555,,,
,,0.09,,,,0.2049469964664311,,,,
,0.3561643835616438,0.03,0.0958904109589041,,,0.08833922261484099,0.39500734214389865,0.48818897637795233,0.1497005988023952,
0.20353982300884965,,,,,,,,,,
,,0.1,0.0547945205479452,,,,,0.5275590551181102,0.2035928143712575,0.19999999999999996
0.19469026548672563,,,,,,,,,,
,0.2465753424657534,,,0.08347245409015025,,,,,0.1916167664670659,
,,0.05,0.0821917808219178,,,,,0.44881889763779537,,
,0.39041095890410954,,,,,,,,0.08383233532934128,0.19999999999999996
,,0.08,,,,0.0353356890459364,,,,
,,,0.11643835616438356,0.10183639398998329,,0.13427561837455831,,,0.27544910179640725,
,0.3287671232876712,,0.06164383561643835,,,,,0.5039370078740153,0.125748502994012,0.40000000000000013
0.06194690265486724,0.23972602739726023,,,,,,0.12848751835537087,,,
0.46902654867256643,,,0.8835616438356164,,0.6619718309859155,,,,,
,,,0.08904109589041095,0.060100166944908176,,,,,,
0.22123893805309736,,0.05,,,,0.028268551236749116,,0.5196850393700787,,
,0.10958904109589043,,,0.15358931552587646,,,,,,0.33846153846153837
,,,,,,,0.36049926578560587,,0.17365269461077845,0.2615384615384615
,0.10958904109589043,,,,,,,,,
0.3097345132743363,,,,,0.07042253521126761,,,,,0.3538461538461537
,,,0.07534246575342465,0.08013355592654424,0.04225352112676056,,,,,
0.19469026548672563,,,,,,,0.39574155653451726,,0.1616766467065868,
,,,,0.09015025041736227,,0.038869257950530034,,,,
0.08849557522123891,,,,0.06176961602671119,0.056338028169014086,,,,,
,0.30821917808219174,,0.0821917808219178,0.060100166944908176,,,,,,0.36923076923076925
,0.0684931506849315,,,,,,,,,
,0.2876712328767123,,,0.06176961602671119,,,,,,
0.1415929203539823,,,0.04794520547945205,,0.07042253521126761,0.04240282685512367,,,,0.546153846153846
,,0.26,,0.12854757929883137,0.3098591549295775,,0.46182085168869946,,,
,,,,,,,,,,
,,,,,,,0.46182085168869946,,0.155688622754491,
0.20353982300884965,,,,0.07011686143572621,,,,0.5590551181102361,,
,,,0.0958904109589041,,,,0.3678414096916356,,,
0.256637168141593,,,,,0.09859154929577466,,0.3678414096916356,,,
0.2831858407079646,,,,,0.28169014084507044,,,,,0.15384615384615397
0.23893805309734517,,,,,,,0.46328928046990825,0.44881889763779537,,
,,,,0.15692821368948245,,0.021201413427561835,,,,0.4615384615384617
,,0.02,,,,,0.4353891336270266,,,
,,,,,,,,0.48818897637795233,,
,,0.4,,,,0.04946996466431096,0.29588839941263245,,0.2215568862275449,
,,,,0.05843071786310518,,,,,0.26347305389221565,
0.22123893805309736,,0.04,,0.09348914858096828,,,0.5176211453744486,,0.2035928143712575,
,,,0.08904109589041095,,,,,,0.1916167664670659,0.3076923076923077
,0.4931506849315068,,,,,,,,,
,,,,,,,,0.622047244094488,,
,,0.25,,,,,0.4596182085169005,,0.38323353293413176,0.33846153846153837
,,0.06,,,0.3943661971830986,,0.35389133627019476,,,
,,,,0.15692821368948245,,,,0.5511811023622046,,
0.16814159292035402,,,,,,,,,,0.2923076923076924
,,,0.0684931506849315,,,,0.4243759177679891,,0.059880239520958084,0.10000000000000009
,0.136986301369863,,,,0.3098591549295775,,,0.5354330708661417,0.38323353293413176,
0.19469026548672563,,,0.07534246575342465,0.10684474123539231,,,,,0.1616766467065868,
,,0.19,,,,,0.37812041116006867,,0.2694610778443114,
,0.2465753424657534,,0.0821917808219178,,0.23943661971830985,0.0989399293286219,,0.46456692913385833,0.18562874251497005,
,,0.08,,,,,,0.44094488188976344,0.1916167664670659,
,0.2808219178082192,,0.0547945205479452,0.09849749582637728,0.19718309859154928,,0.36930983847283017,,,
0.22123893805309736,,,0.0821917808219178,,,,0.4412628487518333,,,
,0.2191780821917808,,0.08904109589041095,,0.11267605633802817,,,0.5354330708661417,,0.44615384615384635
,,,,,,0.05653710247349823,,,,
,0.18493150684931509,,0.0684931506849315,,,0.2756183745583039,,,,
0.17699115044247782,,,,0.08681135225375626,,,,0.5354330708661417,0.17365269461077845,
,0.2945205479452055,,,,0.19718309859154928,,,0.48818897637795233,,
,,,0.0684931506849315,0.07846410684474123,,,0.350220264317187,0.5984251968503935,,0.2769230769230768
,,0.09,,,,,0.3898678414096963,0.6535433070866139,0.17964071856287425,0.5538461538461539
0.23008849557522126,0.18493150684931509,0.32,0.06164383561643835,,,,,,0.2694610778443114,
,,,,0.09849749582637728,,,,,0.17964071856287425,
0.24778761061946908,,,0.08904109589041095,,,0.15194346289752653,,,,
0.18584070796460184,0.5034246575342466,,,,,,,,,
0.33628318584070804,,,0.0958904109589041,,,,0.3986784140969206,0.3385826771653542,,
,,,,0.07846410684474123,,,,0.48818897637795233,,
,0.30821917808219174,,0.07534246575342465,,,,,,,0.2769230769230768
,,,0.07534246575342465,,,0.15547703180212014,,,0.1497005988023952,
0.22123893805309736,0.3835616438356165,,0.0958904109589041,,,0.0706713780918728,,0.5590551181102361,,0.1692307692307693
,0.3835616438356165,0.01,,0.15191986644407343,0.4366197183098592,0.16961130742049468,,,0.1976047904191617,0.44615384615384635
,,0.0,,0.11352253756260433,,,,,0.1616766467065868,
0.17699115044247782,,,,,0.19718309859154928,,,,,
,,,0.08904109589041095,,,,,,,0.23076923076923084
0.17699115044247782,0.5034246575342466,,,,0.19718309859154928,,,,,
0.20353982300884965,0.3493150684931507,,,,0.9154929577464789,,,,,0.1692307692307693
,,,,,,0.441696113074205,0.4515418502202664,,0.1137724550898204,
,,0.26,,,,,,,,
0.2831858407079646,0.3287671232876712,0.26,,0.11352253756260433,,,,,,
0.23008849557522126,,,0.07534246575342465,,,,,0.43307086614173196,,0.2615384615384615
,,,0.07534246575342465,0.10684474123539231,,,,,0.125748502994012,
,,,,,,,,,,0.4307692307692308
,,0.13,,0.10684474123539231,0.15492957746478872,,0.39574155653451726,0.43307086614173196,,
,,,,,,,,0.5826771653543306,0.1437125748502994,
0.15929203539823011,,0.53,,,,,,,,0.6153846153846154
,,,,,0.47887323943661975,0.3462897526501767,0.4588839941262819,,,
,,,,0.1035058430717863,,,,,0.08982035928143708,0.32307692307692304
,,,,,,0.04946996466431096,,0.4094488188976375,,0.5230769230769232
,,0.63,,0.11519198664440736,,0.0812720848056537,0.4265785609398023,,,0.36923076923076925
,,,,0.10684474123539231,0.16901408450704225,,,0.6299212598425195,,0.5384615384615385
,,,,,0.16901408450704225,,,,0.2035928143712575,
,,0.09,,0.0684474123539232,,0.09187279151943463,,0.6299212598425195,,0.44615384615384635
,0.15753424657534243,,,0.09348914858096828,0.11267605633802817,,,,0.1616766467065868,0.5384615384615385
0.1415929203539823,,,0.0547945205479452,,,0.09187279151943463,,,0.1616766467065868,
0.1327433628318584,,,,,,,,,,
0.1415929203539823,,0.29,0.0821917808219178,,0.4366197183098592,,,,,
0.23008849557522126,0.18493150684931509,,,,0.295774647887324,,,,0.3053892215568863,
,,,0.10273972602739725,0.08848080133555926,0.46478873239436624,,0.35609397944200794,,,
,,,,,,,,0.6377952755905509,0.1976047904191617,
,,,0.1095890410958904,,0.46478873239436624,,,,,0.676923076923077
,0.41438356164383555,0.2,,,0.3943661971830986,0.2579505300353357,0.5602055800293755,,,
,,,0.06164383561643835,,,,,,,
0.1504424778761062,,,,,,,,,,0.40000000000000013
0.19469026548672563,0.3424657534246575,0.08,0.0684931506849315,,,,,,,0.1692307692307693
,,,0.0958904109589041,,,0.12014134275618375,,0.5354330708661417,,
,,0.12,0.07534246575342465,0.10517529215358931,0.4366197183098592,0.13427561837455831,0.39647577092510744,0.6535433070866139,0.2275449101796407,
