0,1,2,3,4,5,6,7
,,0.0,0.3210862619808308,0.07763975155279502,0.6947674418604652,,
,,,0.3210862619808308,,,,
,0.3964941569282137,,0.8482428115015974,,,,
,,,,,0.3808139534883721,,
,,,0.560702875399361,,,,
,,0.0,,,0.3808139534883721,0.0,
,,,,0.0,,0.0,
0.8515981735159817,0.0,0.0,,,,,0.07417582417582418
,,,0.560702875399361,,,,
0.22054794520547943,0.3683917640511965,,,,,,0.07417582417582418
0.7431506849315068,,,0.8482428115015974,0.0,,,
0.2009132420091324,,0.0,,,,,
0.4611872146118721,,,,,,,
,,,,,,,
,,,,,,0.19066733567486205,
0.8515981735159817,,,0.8482428115015974,0.0,,,
,0.13216471897607124,0.0,,0.0,0.3808139534883721,,
,0.5826377295492489,,,,,,
,,0.0,,,,0.5341194179628699,0.005494505494505494
,,,,,0.7151162790697674,,
,0.0,,,,,,1.0
,0.0,,,0.0,,0.19066733567486205,
,,,,,0.3808139534883721,0.19066733567486205,
0.4611872146118721,,,,,,0.19066733567486205,
,,,0.560702875399361,,,,
,,,,,,,
,,0.0,,,,,
0.5262557077625571,,,0.8482428115015974,,,,
,,,,,0.3808139534883721,,0.24450549450549453
,,0.0,,0.0,,,
,,0.0,0.8482428115015974,0.0,,,0.24450549450549453
0.3093607305936073,0.6608235948803562,0.0,,,,0.0,1.0
,,0.0,,,0.3808139534883721,,0.4917582417582418
,,0.0,,,0.3808139534883721,,
,0.13216471897607124,0.0,0.8482428115015974,,,,
,,,,,,,
,,,0.8482428115015974,,,0.0,
,,0.0,,,,,0.4917582417582418
0.3093607305936073,,0.0,0.8482428115015974,,,,
,,,,,,,0.4917582417582418
,0.3964941569282137,0.0,0.8482428115015974,,,,
,,0.0,0.8482428115015974,,0.3808139534883721,0.19066733567486205,
0.37442922374429216,,0.0,,,,,0.739010989010989
,,,,,,,
0.37442922374429216,0.31719532554257096,,,,0.3808139534883721,0.19066733567486205,
,,0.0,,,,,
,,,0.8482428115015974,,,,
,,,,0.0,,,
,0.0,,,0.0,,,
0.6210045662100456,0.5264329437952143,,,,,,
,,,,,,,0.005494505494505494
,0.29577072899276574,,0.23642172523961658,,,,
0.8515981735159817,,,0.4736421725239617,0.2763975155279503,,,
,,,,,,0.751881585549423,
0.4949771689497717,,0.0,,0.4440993788819875,0.14854651162790722,,
,,,0.20447284345047922,,,0.6475163070747618,
,0.4207011686143573,,,0.49378881987577633,,,
,,,0.1829073482428114,0.3478260869565217,0.5918604651162793,0.5260913196186656,0.005494505494505494
,0.4924874791318865,,,0.34472049689440987,,,0.005494505494505494
,,,,0.3602484472049689,,,
,,,,,,,
,,,0.3857827476038338,,,,
,,,,,0.714825581395349,0.04465629703963869,
,,0.0,,,,,0.016483516483516484
,0.29577072899276574,,,,,,
,0.2609905397885365,,,,0.14854651162790722,,
0.7374429223744292,,0.0,,,,0.7353236327145007,0.016483516483516484
,,,,0.8757763975155278,,,
,0.29577072899276574,0.0,,0.5124223602484471,,,
0.5949771689497718,,,0.34424920127795544,,,,
,,,,,,0.16532865027596588,
,,,,,,,0.016483516483516484
,,,,,0.417732558139535,,
0.4207762557077626,,,,0.3478260869565217,,,
,0.5258764607679466,,,,,,
,0.4924874791318865,,,,,0.28575012543903666,
0.5385844748858446,0.5258764607679466,0.0,,0.29503105590062106,,,
,,,,,,0.40817862518815873,
0.4824200913242009,0.7295492487479133,,0.42891373801916943,,,,
,,,0.25319488817891367,,,,
0.7374429223744292,,,,0.577639751552795,,0.5260913196186656,
,,,,,,1.0000000000000002,
,,0.0,,0.2763975155279503,0.14854651162790722,,0.07417582417582418
,0.3260990539788537,,,1.0,,,
,,0.0,,,,,
,,,,,,,0.07417582417582418
0.9801369863013696,,,,,0.14854651162790722,,
,,0.0,,,0.417732558139535,0.4059207225288508,
0.5061643835616438,,,,,0.4119186046511629,,
,0.4207011686143573,0.0,,,,0.027596588058203864,
,,0.0,,0.3478260869565217,,,
0.5949771689497718,,,,0.3602484472049689,0.417732558139535,0.4059207225288508,
0.7694063926940637,,0.0,,0.34472049689440987,0.2438953488372091,,0.07417582417582418
,,,,,,,
,,,0.3857827476038338,0.31366459627329185,,,
0.4824200913242009,,0.0,0.42891373801916943,0.26708074534161486,,,0.15109890109890112
0.7374429223744292,,,,,0.3924418604651163,,0.15109890109890112
,0.330550918196995,,,,,0.47039638735574507,
0.7374429223744292,,,0.25319488817891367,,0.14854651162790722,,
0.6543378995433791,,,,0.3757763975155279,0.14854651162790722,,0.15109890109890112
,0.0,,,0.8757763975155278,,0.751881585549423,
0.4949771689497717,,,,,,,
0.6844748858447489,,,,,0.4238372093023255,,0.15109890109890112
,,,,0.3602484472049689,0.417732558139535,0.4059207225288508,
0.5061643835616438,,,,0.3198757763975155,0.4119186046511629,0.16532865027596588,0.15109890109890112
,,,,,,,
0.4207762557077626,,,,,,0.5260913196186656,0.15109890109890112
,,0.0,0.34424920127795544,,,,0.15109890109890112
,,,,0.26708074534161486,,,0.24725274725274726
0.7374429223744292,0.29577072899276574,0.0,,,,0.5260913196186656,
,0.330550918196995,0.0,,,,,
,0.29577072899276574,,,,0.14854651162790722,,
,,,,,0.14854651162790722,,
,0.29577072899276574,,,,,,
,0.5912632164718977,,,,,,
,0.263494713411241,0.0,0.20447284345047922,,,,
0.5949771689497718,,,0.34424920127795544,0.3602484472049689,0.417732558139535,,
,0.4207011686143573,,0.25638977635782756,,,0.027596588058203864,0.24725274725274726
0.5949771689497718,,,,0.3602484472049689,,,
,,,,,0.2438953488372091,0.28575012543903666,
,,,,,0.417732558139535,,0.24725274725274726
,0.5258764607679466,,,,,0.4059207225288508,
,0.5258764607679466,,,0.29503105590062106,,0.4059207225288508,
,0.0,,,,0.4828488372093025,,
,,,,,0.4828488372093025,0.6931761164074259,0.07417582417582418
0.2748858447488584,,,,,,,
,0.0,0.47276361819090457,,,,,
,,,,,0.42441860465116266,,0.03571428571428572
0.30091324200913244,,,0.6078274760383386,0.14285714285714282,,0.647767185148018,
,,0.6266866566716642,0.3218849840255591,,,0.5268439538384346,0.005494505494505494
0.2025114155251141,,,,0.24223602484472045,,,0.03571428571428572
,,,0.3218849840255591,0.24223602484472045,,,
0.2025114155251141,,,0.3218849840255591,0.24223602484472045,0.8401162790697674,,
,,0.6266866566716642,,,,0.5268439538384346,
,,,,,,,0.07417582417582418
,0.0,,0.46725239616613434,,,0.46487706974410425,0.15109890109890112
,,,,,,,
0.29223744292237447,,,,,,0.4129453085800301,0.005494505494505494
,,0.5912043978010995,,,,,
,0.0,0.5912043978010995,,0.14285714285714282,,0.4129453085800301,
,,,0.5886581469648562,,,0.4129453085800301,
,0.0,,,,,0.5233316608128449,
0.20159817351598175,,,,,,,
,0.0,,,,,,0.271978021978022
,,,,0.13975155279503104,,,
0.14634703196347032,,,,,,,
,0.0,,0.4369009584664536,,0.7488372093023252,,
,0.0,,,0.13975155279503104,,,
,0.1171396772398442,0.8185907046476762,,0.17701863354037264,,,
,,,,,,,
,,,,0.17701863354037264,,,
,0.1171396772398442,,,,0.7491279069767445,,0.15109890109890112
0.1506849315068493,0.1171396772398442,0.8185907046476762,,0.17701863354037264,,,
,,0.12243878060969515,,,0.769767441860465,0.48018063221274465,
0.25502283105022827,,,,,,,
,,,,,,,
,,,,,0.7703488372093026,0.48043151028600106,
,,,,,0.7703488372093026,,
0.25525114155251144,,,,,0.7703488372093026,,
,,,,,0.660174418604651,0.4104365278474662,
,0.0,,,,,,
,0.0,,0.5862619808306708,,,,0.271978021978022
,,,,,0.43284883720930223,,
0.31073059360730587,,0.4702648675662169,,,,0.6347215253386855,0.07417582417582418
,,,,,,0.6347215253386855,
,,0.4702648675662169,,,,,
0.33789954337899536,,,,0.17080745341614906,,,
,,,,0.17080745341614906,,,
,0.0,,,0.17080745341614906,,,0.07417582417582418
,,,,,,0.6703462117410941,0.15109890109890112
0.33789954337899536,0.0,0.4782608695652174,,,0.4531976744186048,,0.271978021978022
,0.0,,0.29952076677316297,,,,
,0.0,,,,0.6011627906976744,,
,,,,,0.6011627906976744,,
,,,,,0.5895348837209302,,
,,0.5017491254372815,,0.3229813664596273,0.5895348837209302,,0.03571428571428572
0.25251141552511414,,0.5017491254372815,0.3003194888178915,0.3229813664596273,,,0.15109890109890112
0.25251141552511414,,,0.3003194888178915,,,,
0.2511415525114155,,0.623688155922039,,,,,0.03571428571428572
,,,0.2971246006389776,,0.8267441860465121,,
0.2511415525114155,,,,,,,
,0.0,,,0.24223602484472045,,,
0.2963470319634703,,,,0.20807453416149066,,0.4628700451580532,0.03571428571428572
0.2963470319634703,,0.607696151924038,,,,,0.15109890109890112
,,0.607696151924038,,,,,
,,0.5912043978010995,,,,0.4106874059207226,
,,,,0.18012422360248445,0.6610465116279074,,
,0.0,0.5912043978010995,0.5327476038338659,,,,0.15109890109890112
,,,,0.19875776397515527,0.6610465116279074,,
0.34109589041095895,,0.5912043978010995,0.5327476038338659,,,,
,,0.5912043978010995,,,,0.4106874059207226,0.15109890109890112
,,,,0.19875776397515527,0.6610465116279074,,
,,,0.3817891373801916,,,,
,,,,0.23602484472049687,,,
,,,,,0.7401162790697673,,0.15109890109890112
,0.0,0.8345827086456772,0.3817891373801916,,,,
,,,,,0.7511627906976748,,0.005494505494505494
,,,,0.2546583850931676,,0.468389362769694,0.03571428571428572
,0.12576516416249306,0.6096951524237881,,,0.7511627906976748,0.468389362769694,
,,,,0.3354037267080745,,,
,,0.6211894052973513,,,,0.5072754641244357,0.07417582417582418
,,,,,,,0.15109890109890112
,0.11741791875347804,0.6211894052973513,,,,0.5072754641244357,
0.4301369863013698,,,,,,,
,,,0.36980830670926523,0.2919254658385093,,,
,,,0.3099041533546325,,,,0.03571428571428572
0.39977168949771696,,0.48675662168915546,0.3099041533546325,,,,
,0.0,0.48675662168915546,,,,,
0.39977168949771696,,,,,,0.706472654290015,
,,,,0.2763975155279503,,,
,,0.4777611194402799,,,,,0.03571428571428572
0.4422374429223744,0.0,0.4777611194402799,0.39696485623003186,0.2763975155279503,0.4479651162790699,,0.07417582417582418
0.4422374429223744,0.0,0.4777611194402799,,,0.4479651162790699,0.6653286502759659,
,,,0.39696485623003186,0.2763975155279503,,,0.271978021978022
,,0.49925037481259377,0.19408945686900947,,,,
0.3420091324200913,0.0,0.49925037481259377,,,,,0.15109890109890112
,,0.49925037481259377,0.19408945686900947,,,,0.271978021978022
0.33584474885844745,0.0,,0.28993610223642174,,,,
,0.0,,,,,,
0.33584474885844745,,,,0.39751552795031053,0.5430232558139534,,
,,,,0.39751552795031053,,,0.15109890109890112
0.33584474885844745,,0.49375312343828087,,,0.5430232558139534,,
,,,,,0.5430232558139534,,
,,,0.19568690095846653,,,,0.07417582417582418
,,,,,,0.7400903161063723,0.15109890109890112
,,,,,0.5430232558139534,,
,,,,,,,
0.33059360730593607,,0.6251874062968515,0.17172523961661357,,,,0.07417582417582418
,0.0,,,,,,0.15109890109890112
,,,,,,0.5190667335674861,
,,,0.3011182108626198,0.3074534161490683,,,0.005494505494505494
,,,0.3011182108626198,,,,
0.44566210045662097,0.0,,,,,0.4001505268439538,0.005494505494505494
,0.0,0.5872063968015993,,,0.644767441860465,0.4001505268439538,
0.44566210045662097,0.0,0.5872063968015993,,,,,
,,,0.2635782747603834,0.31677018633540366,0.7340116279069768,,
,,,,,,,0.03571428571428572
,,,,0.31677018633540366,,,
,,0.873063468265867,,,,0.4576016056196688,
,,,,,,,0.271978021978022
0.2545662100456621,,,,,,,
,,,,,,,0.03571428571428572
0.2545662100456621,,,,0.36335403726708065,0.7305232558139534,,
,0.0,,0.2619808306709266,,,,0.15109890109890112
0.2545662100456621,0.0,,,0.36335403726708065,,,
,0.27212020033388984,,,,,,0.03571428571428572
0.39999999999999997,,,,0.3478260869565217,,,
0.39999999999999997,0.27212020033388984,,0.31070287539936103,,,,
0.39999999999999997,,,0.31070287539936103,,,0.4729051680883092,
,,,0.15175718849840258,,,,0.03571428571428572
,,,,,,,
,,,,0.3695652173913043,0.7985465116279071,0.49849473156046176,
0.2577625570776256,,0.6091954022988506,0.26996805111821076,,,,
,0.1496939343350028,,,,,0.4681384846964376,
,,,,,,,0.15109890109890112
,,,,,,0.5040140491721024,
,,,0.2931309904153354,,,,
,0.0,,,0.35093167701863354,0.8072674418604655,,
,0.0,,,0.0,,,
0.6255707762557077,,,,0.0,0.5886627906976742,,
,,0.0,0.7412140575079871,0.0,0.5886627906976742,0.42247867536377326,0.271978021978022
0.4863013698630137,0.38119087367835286,0.0,,,,,0.07417582417582418
,0.0,0.29985007496251875,0.584664536741214,,,,
,,,,,,,
,,0.0,,0.16149068322981364,,0.6547917711991971,
0.9543378995433789,,0.0,,,0.20058139534883734,,
,,,0.2891373801916932,,,,
,,0.0,,0.09316770186335402,0.9401162790697679,0.048168590065228445,
0.6735159817351597,0.04785754034501948,,,,,,
,0.04869226488592098,0.8145927036481759,,,0.566860465116279,,
,,,0.5367412140575081,,,,0.07417582417582418
0.6917808219178081,,,,0.0,,0.25338685398896144,
0.1324200913242009,,,,0.19875776397515527,,,0.07417582417582418
,,,0.5367412140575081,,,,
,,0.4747626186906547,0.2971246006389776,,,,
,,0.0,,,,,0.07417582417582418
0.3949771689497717,,,0.3210862619808308,0.3229813664596273,0.08430232558139528,,0.07417582417582418
,0.0,,,0.2795031055900621,0.6744186046511627,,
0.14383561643835613,,0.7176411794102948,,,,,
0.14383561643835613,0.35754034501947696,,,,,,
,0.36143572621035064,0.6426786606696652,,0.24223602484472045,0.5968023255813955,,
0.16073059360730596,0.03784084585420145,,,,,,
0.16392694063926944,,,,0.3012422360248447,,,
0.20159817351598175,0.0,0.6256871564217892,,,,,0.005494505494505494
,,0.4782608695652174,,,0.4299418604651164,,
0.2545662100456621,0.0,,,,0.7052325581395347,,0.005494505494505494
,,,,,0.5726744186046511,,0.005494505494505494
,0.0,,,,0.7052325581395347,,0.005494505494505494
,0.0,,0.3354632587859425,,0.5947674418604652,,
,0.3611574846967168,,,0.11180124223602483,,,
,,,,,,0.38283993978926256,0.03571428571428572
,0.03784084585420145,,,,0.5968023255813955,,
0.14840182648401828,,,,0.2453416149068323,0.5997093023255813,0.4417962870045158,
,,0.6256871564217892,,,,0.5140491721023583,
,,,,,,,
0.34109589041095895,,,,,0.7052325581395347,0.40215755143000487,
,,0.7176411794102948,,,0.5947674418604652,,
0.14931506849315068,,,,,0.5968023255813955,,0.07417582417582418
,,,,,0.5968023255813955,,0.07417582417582418
,,0.8670664667666167,,,0.5965116279069771,,
,,,,0.2453416149068323,0.5997093023255813,,
,0.25987757373400117,,0.40335463258785964,,0.5994186046511629,0.38283993978926256,
,,0.6256871564217892,,,,0.5140491721023583,
0.33789954337899536,,,,,0.4299418604651164,,0.07417582417582418
,0.0,,,,,0.44631209232313096,
,0.0,,,0.23291925465838506,,,
,,,0.42571884984025554,,,,
,0.3611574846967168,,,,0.5997093023255813,,
,,,,,,0.38283993978926256,
,,,0.2795527156549522,,,,
,,0.7991004497751125,,,,,
0.20159817351598175,,0.6256871564217892,,,0.808139534883721,0.5140491721023583,
,,,0.29872204472843444,0.36335403726708065,,,
,,,,,,,0.15109890109890112
,,,,,0.5947674418604652,,
,,,0.42571884984025554,,0.5953488372093023,0.38283993978926256,0.271978021978022
0.1735159817351598,0.3611574846967168,0.592703648175912,,,0.5997093023255813,,0.271978021978022
,,,,0.20186335403726705,0.5965116279069771,0.5005017561465128,
,,,,,,,0.271978021978022
,,0.6256871564217892,,,,,
0.33789954337899536,0.0,,,,0.4299418604651164,0.6603110888108381,
,0.0,,0.29872204472843444,,,0.44631209232313096,
,0.0,,,0.23291925465838506,0.5726744186046511,,0.271978021978022
,,,,,,0.40215755143000487,
,0.06677796327212021,0.3948025987006497,,,0.4825581395348837,,0.07417582417582418
,,,0.3210862619808308,,,,
,,0.3948025987006497,,,,,
,0.06677796327212021,0.3948025987006497,,,,,
,,0.3948025987006497,,0.3602484472049689,,,
0.7853881278538812,0.06677796327212021,,,,,,
0.7853881278538812,,0.3948025987006497,,,0.4825581395348837,,
,,,,,,,
,0.06677796327212021,,,0.3602484472049689,,,
,,0.3948025987006497,,,,0.29603612644254906,0.15109890109890112
,,,,,,,
,0.05564830272676684,0.4697651174412794,,,,0.6297039638735573,0.07417582417582418
0.6506849315068493,,0.4697651174412794,,,0.3982558139534884,,
,,,,,,,
,,0.4697651174412794,,0.4440993788819875,0.3982558139534884,,
,,,,0.43167701863354035,,0.6297039638735573,
,,,,,,0.6297039638735573,
,,0.4697651174412794,,0.3602484472049689,,,
,,0.4697651174412794,,,,,
,,,,,,,
0.8881278538812785,,0.6146926536731635,0.7044728434504792,0.12111801242236023,0.23546511627906996,,0.005494505494505494
0.8881278538812785,,,,0.12111801242236023,,,
,,,,,,0.2634219769192172,0.005494505494505494
0.8881278538812785,,0.6146926536731635,,0.12111801242236023,,0.2634219769192172,
,,,0.6325878594249201,,0.06104651162790686,0.2634219769192172,
,0.061213132999443524,,,,,,
,,,0.4488817891373802,,,0.39136979427997987,0.005494505494505494
,0.061213132999443524,0.6596701649175413,,0.2763975155279503,,,
,,,0.4488817891373802,,,0.39136979427997987,
,,0.6596701649175413,,0.2763975155279503,,0.39136979427997987,
,0.030606566499721762,,,,,,0.016483516483516484
,,,,,0.1191860465116279,,
,,,,,0.1191860465116279,,
,0.0528658875904285,,,0.3385093167701863,,,
,,0.704647676161919,,,,,
,0.0528658875904285,0.704647676161919,,,,0.5193176116407427,
0.58675799086758,,0.704647676161919,,0.3385093167701863,,,
,,,,0.3385093167701863,0.4098837209302326,0.5193176116407427,
0.42694063926940634,,,0.560702875399361,,,,0.24450549450549453
,,0.0,,,,,
,,,0.560702875399361,,,0.4806823883592575,
,,0.0,,,,,
,0.0,0.0,,,,,0.07417582417582418
0.8630136986301369,0.0,,,,,,
0.3493150684931507,,,,,0.25813953488372077,,0.24450549450549453
,,0.0,,,0.25813953488372077,0.8805820371299549,
0.42694063926940634,,0.0,,,0.3261627906976745,,
0.3493150684931507,,,,0.0,,0.8805820371299549,
,,0.0,0.560702875399361,0.0,0.37848837209302344,,
,0.0,,,,,0.6236828901154039,
0.5273972602739725,0.0,0.0,0.560702875399361,,,,
,,0.0,0.560702875399361,0.0,,,
,0.0,,,,,0.8805820371299549,
,,,,0.0,,,
,,0.0,0.5103833865814695,0.0,,,
,,,0.5103833865814695,,,,
,,,,0.0,,0.1763672854992473,
0.6735159817351597,,,,,,,
,,,,0.0,,0.36452584044154523,
,0.8795214245965499,,,,,,
,,,0.5103833865814695,,,0.4397892624184645,
,0.47384529771841966,,0.5103833865814695,0.0,0.655813953488372,,
,0.377573734001113,,,,,0.41470145509282474,0.016483516483516484
0.6735159817351597,0.0,,,0.0,,0.35198193677872536,
,,,,,,,
,,,,0.0,0.5116279069767442,,
,,,0.5103833865814695,0.0,0.8000000000000003,0.41470145509282474,0.016483516483516484
0.07694063926940636,,,,,0.8000000000000003,0.41470145509282474,
,0.377573734001113,0.0,,0.0,,,0.07417582417582418
,0.5383973288814692,,0.5103833865814695,0.0,,,0.016483516483516484
,,,0.5103833865814695,0.0,,0.30180632212744607,
0.15593607305936075,,,0.5103833865814695,0.0,0.655813953488372,,0.07417582417582418
,0.8795214245965499,,,,,0.23908680381334668,
0.2876712328767123,0.9518642181413468,0.0,0.5103833865814695,,,0.20145509282488705,
,,,0.5103833865814695,0.0,,,
,,,,,,,
,,,,0.0,,,0.016483516483516484
0.3436073059360731,,0.0,,,,0.47742097340692413,0.07417582417582418
,,,0.5103833865814695,,,,0.07417582417582418
,,0.0,0.5103833865814695,,,,
,0.5862548692264886,,,0.0,,,
0.19223744292237438,0.34529771841958823,,,0.0,,,
,,,0.5103833865814695,,,,
,,,,,0.6145348837209301,0.30180632212744607,0.07417582417582418
,0.0,,,,0.48546511627906996,,
,,,0.6006389776357828,,,,0.24450549450549453
,,0.0,0.6006389776357828,,,,1.0
,0.0,0.0,0.5766773162939298,,0.48546511627906996,,
,0.0,0.0,,,0.48546511627906996,0.7300551931761163,
,,,,,,,
,,,,,0.48546511627906996,0.7300551931761163,0.4917582417582418
,,0.0,,,,,1.0
,,,,,,0.6573005519317612,
,,0.0,,,,,
,,0.0,0.5527156549520766,,0.48546511627906996,0.6573005519317612,
,0.0,,0.6086261980830672,,,0.674862017059709,
,0.0,,,0.0,0.48546511627906996,,
,,0.0,,,,0.5469141996989462,0.4917582417582418
,0.0,,0.5686900958466454,,0.48546511627906996,,0.24450549450549453
,0.0,0.0,,,0.941860465116279,0.6297039638735573,
,,,0.464856230031949,0.0,,,
,,,,,0.9069767441860463,0.5995985950827898,0.07417582417582418
,,,,0.0,0.7616279069767442,0.474159558454591,
0.3949771689497717,0.0,,,0.0,,,
,,,,,0.8343023255813953,,0.07417582417582418
0.4520547945205479,,,0.49680511182108633,0.0,,0.5042649272453588,
,,,0.5127795527156549,,,,
0.6803652968036529,0.0,,,,,,0.07417582417582418
,0.0,,,,0.6511627906976742,,0.016483516483516484
0.33789954337899536,0.0,,,0.0,0.8691860465116279,,
,,,,,,,
,,0.0,0.5127795527156549,0.0,,,
,0.8494713411240958,,,0.0,0.4720930232558138,,
,0.4641068447412355,,,,0.5133720930232557,,0.24450549450549453
,0.6566499721758488,,,,0.3906976744186048,,0.24450549450549453
,,0.0,,,,0.24736578023080802,
,,,,,,,0.005494505494505494
0.0,,,,0.0,0.25,,
,,,0.6525559105431309,,,,
0.14794520547945206,,,,0.0,0.507558139534884,0.24736578023080802,
,0.5662214802448526,0.0,0.6525559105431309,,0.4779069767441859,,
,,,0.560702875399361,,,,
,,,,,0.49651162790697656,,
,0.6566499721758488,,,0.0,,,
0.3383561643835616,0.4641068447412355,0.0,,,0.5133720930232557,,
,,,0.560702875399361,,,0.6593075765178125,
,0.8013355592654425,,0.560702875399361,,,,0.005494505494505494
,,,,,,,
,,,,,,,
0.4641552511415525,0.5662214802448526,0.0,,,,,
0.3059360730593607,0.4368391764051197,,,,0.49883720930232567,,0.016483516483516484
,,,,,,0.3891118916206724,0.005494505494505494
0.186986301369863,0.34112409571508073,,,,,,
,0.6961602671118531,0.0,,,0.507558139534884,0.24736578023080802,
,,,0.560702875399361,,,0.873055694932263,
0.16210045662100453,,,0.560702875399361,0.0,,0.6593075765178125,0.07417582417582418
,0.5564830272676684,0.0,,,,,
0.4641552511415525,0.5662214802448526,,0.6525559105431309,0.0,,0.09282488710486714,
,,0.0,0.560702875399361,,,0.3891118916206724,
0.12557077625570773,,0.0,,,,0.46964375313597606,
,,0.0,,,0.3808139534883721,,
,0.3931552587646078,0.0,0.6525559105431309,,,,
,,,,0.0,0.2529069767441863,,
0.186986301369863,,,,,,0.5168088309081786,0.016483516483516484
0.014383561643835613,,0.0,0.6525559105431309,,,,
0.2317351598173516,,,,,,,
,,,0.6525559105431309,0.0,0.4720930232558138,,
,,0.0,,,,,
0.2237442922374429,0.3700612131329995,,,0.0,,0.5323632714500752,0.07417582417582418
0.3383561643835616,,,0.6525559105431309,,,,
,,0.0,,0.0,,,
,,0.0,,0.0,,0.8758153537380833,
,0.3700612131329995,0.0,,,0.4779069767441859,,
,,,,,,0.7473657802308076,
,0.3227601558152477,0.0,,,,,
,,,,,,,0.07417582417582418
0.4641552511415525,,,0.6525559105431309,0.0,,,
0.2054794520547945,,,0.560702875399361,,,,
0.11643835616438353,,,,0.0,0.2529069767441863,,
,0.0,0.0,0.560702875399361,,,,
,,0.0,,,,0.5920722528850979,0.07417582417582418
0.4748858447488585,,0.0,,0.0,,,
,,,0.560702875399361,,,,0.005494505494505494
,0.0,,,,,,
,0.0,0.0,,,,,
0.5639269406392693,,0.0,,0.0,0.7412790697674421,0.5393878575012543,
,,,0.560702875399361,,,0.5393878575012543,
,0.0,,,,0.9244186046511627,,
0.31050228310502287,,,0.5127795527156549,,0.9244186046511627,0.489212242849975,
,,,,,,,0.016483516483516484
0.4429223744292237,,,0.5127795527156549,,,0.4390366281986955,0.07417582417582418
,,,0.5127795527156549,,0.6947674418604652,,0.016483516483516484
,,0.0,0.560702875399361,,,,
0.40867579908675794,,,0.5127795527156549,,,,0.016483516483516484
,,,,0.0,,0.45158053186151537,0.07417582417582418
,,,,,0.941860465116279,,
,,0.0,,0.0,,,
,0.0,0.0,,0.0,,,
,,,,0.0,,0.04766683391871562,
1.0,0.0,,0.40894568690095845,,,,0.03571428571428572
,0.0,0.0,,,,0.04766683391871562,
,,,,,,,0.739010989010989
,,0.0,0.6485623003194889,,0.5029069767441863,,
0.5662100456621004,,,0.6485623003194889,0.0,,0.45408931259407925,0.07417582417582418
,,,,,0.5029069767441863,,0.15109890109890112
0.5662100456621004,,,0.6485623003194889,,0.5029069767441863,0.45408931259407925,0.24450549450549453
,,,0.6485623003194889,0.0,,,
0.6461187214611872,0.0,0.0,,,0.47965116279069786,,
0.6461187214611872,,,,,,,0.016483516483516484
,,0.0,,0.0,0.47965116279069786,,
0.5228310502283104,,,,0.0,,,
0.5228310502283104,0.0,,,,,,
,,,0.5127795527156549,0.0,,,
,,,,0.0,,,0.07417582417582418
,0.0,,0.5127795527156549,,,,
,0.0,0.0,,,0.8808139534883721,0.45158053186151537,
,,,,,0.7790697674418605,,
,,,,0.0,,,
,,0.0,,,,,
,,,0.560702875399361,,,,
,0.0,,,,0.8255813953488373,0.4290015052684395,
0.4429223744292237,,,,,0.8255813953488373,0.4290015052684395,
,0.0,,,,0.5145348837209305,0.5795283492222778,0.016483516483516484
0.5228310502283104,0.0,,,,,,
0.5639269406392693,0.0,,0.560702875399361,,,,
,,0.0,,,0.7151162790697674,,0.9862637362637363
,,,,,,0.04766683391871562,
0.9086757990867578,,,,,,,
,,0.0,,,,0.04766683391871562,
,0.0,0.0,0.6246006389776357,,,,
,,,,0.0,,,
,0.0,0.0,0.5047923322683707,,,,0.07417582417582418
,,,,,,0.41144004014049185,0.005494505494505494
,,,,,,,
,0.0,,0.5047923322683707,,0.7151162790697674,,
,0.0,,0.5127795527156549,,,,
,0.0,0.0,,,0.9011627906976742,0.4766683391871551,0.07417582417582418
,,0.0,,,0.49127906976744207,,0.016483516483516484
,,0.0,0.560702875399361,0.0,0.49127906976744207,,
,,,,,,,
,,,,,0.49127906976744207,0.6422478675363774,0.4917582417582418
0.4748858447488585,,0.0,0.560702875399361,,,,
0.9657534246575341,,,,,,,0.005494505494505494
,0.0,,,,,,
,0.0,0.0,,0.0,0.941860465116279,0.04766683391871562,
,,,,0.0,,0.04766683391871562,
,0.0,0.0,,0.0,,0.04766683391871562,
0.5022831050228309,0.0,,,,0.5029069767441863,0.5168088309081786,
0.5022831050228309,0.0,0.0,0.6485623003194889,,,0.5168088309081786,0.07417582417582418
,,0.0,0.6485623003194889,,0.5029069767441863,0.5168088309081786,
,0.0,,,,,0.5594581033617663,0.07417582417582418
,0.0,,0.5047923322683707,,,0.35122930255895635,0.07417582417582418
,,,,0.0,,,
,,,,,,,0.016483516483516484
,0.0,,0.19329073482428116,,0.2761627906976747,0.7576517812343202,
,0.29215358931552593,0.40979510244877565,,,,,0.07417582417582418
,,,,,0.17151162790697683,,0.07417582417582418
,,,,0.5590062111801242,,,
,,,,,,,
,,0.8745627186406797,0.2891373801916932,,,0.6271951831409937,
,0.0,,,,0.6162790697674421,,
,,0.5797101449275363,0.42492012779552724,,,,
,,0.49975012493753124,0.5926517571884984,0.3105590062111801,,,0.07417582417582418
,,0.9195402298850576,0.3610223642172523,,,,0.07417582417582418
,,,0.41693290734824284,,,,0.07417582417582418
,,,,,,,
0.49999999999999994,0.45631608235948806,0.0,,,,,
,,,0.5527156549520766,0.21739130434782605,0.06686046511627897,0.40893125940792774,
,0.35893155258764614,,,0.2795031055900621,0.06976744186046524,0.5293527345709987,
0.14383561643835613,,0.7496251874062969,,0.3726708074534161,,,0.07417582417582418
,,,,,,,
,,,,,,,0.07417582417582418
,,,0.5127795527156549,,0.2267441860465116,,
,0.33667223149693937,,,,0.29941860465116266,,0.07417582417582418
0.5114155251141552,,,0.41693290734824284,,,0.4917210235825389,0.07417582417582418
,,,,,0.19186046511627897,,
,,,,,,,0.07417582417582418
0.1415525114155251,,,,,,,0.07417582417582418
0.49999999999999994,,,,0.3416149068322981,0.20058139534883734,,
0.0867579908675799,,,,,0.19767441860465107,,
0.37214611872146114,,,,,,,0.07417582417582418
,,0.0,0.3690095846645367,,,,
,0.7234279354479689,0.0,,,,,0.07417582417582418
,,,,,,,
,,,,,,0.46663321625689913,0.07417582417582418
,,,,,0.5494186046511627,,
,,,,,,0.41896638233818373,0.07417582417582418
,,,,,0.1511627906976747,,
0.48173515981735154,0.0,,,,,0.23833416959357745,0.07417582417582418
,,0.0,0.5686900958466454,,,,
,,,,0.3416149068322981,,,
,0.4034501947690596,,0.4488817891373802,,,,0.07417582417582418
,,,,,,0.39889613647767197,0.07417582417582418
,,,,,,,0.07417582417582418
,,,,,,,
,0.0,,,,,0.5920722528850979,0.07417582417582418
,,,0.4488817891373802,0.24844720496894407,,0.5720020070245859,
,0.0,0.974512743628186,0.7843450479233227,,,,
,,0.9245377311344328,,,0.7936046511627906,,
0.10730593607305933,,,0.48881789137380194,,0.44186046511627897,,0.07417582417582418
0.09360730593607308,,0.7146426786606697,0.5527156549520766,,,,
,,,0.3929712460063899,,0.3924418604651163,0.4239839438033117,
,,,,,,,
,,0.0,,,0.49127906976744207,,
,,0.6696651674162919,,,,0.5469141996989462,
,,0.6646676661669165,0.560702875399361,,0.03779069767441845,0.5293527345709987,
0.5228310502283104,0.47301057317751816,,0.584664536741214,0.24844720496894407,0.029069767441860517,,0.07417582417582418
0.12100456621004568,0.0,,,0.2795031055900621,0.7151162790697674,,0.07417582417582418
0.12100456621004568,,0.0,0.5686900958466454,,,,
,0.0,0.8295852073963019,,,,0.5293527345709987,
,,,,,,,0.07417582417582418
0.48401826484018257,,,0.4568690095846646,,0.19767441860465107,0.24084295032614156,0.07417582417582418
,,0.0,,,0.5784883720930232,,
,,,,,0.5377906976744184,,
,,,,,,0.45158053186151537,
,0.0,,,,0.11046511627906996,0.7275464124435527,
0.39954337899543374,,0.45477261369315347,,0.21739130434782605,0.4215116279069768,0.18063221274460606,0.07417582417582418
,0.0,,,,,,
,,,0.4488817891373802,,,,0.07417582417582418
0.42694063926940634,,,,,,,0.07417582417582418
0.1050228310502283,0.48692264885920983,,0.3929712460063899,,,,
0.09817351598173513,0.0,0.894552723638181,0.6405750798722045,,,,
,,,,0.24844720496894407,,0.5720020070245859,0.07417582417582418
,,,0.40095846645367406,,0.35465116279069786,,
,,,,0.2795031055900621,,,
,,,,,,,
,0.5954368391764052,0.7596201899050475,0.6246006389776357,0.2795031055900621,0.05232558139534893,,0.07417582417582418
0.10730593607305933,,,0.560702875399361,,0.3895348837209305,,0.07417582417582418
,,,,0.18633540372670804,0.4767441860465116,,
,,,0.6325878594249201,,0.1366279069767442,,
0.0958904109589041,0.04173622704507513,,,0.18633540372670804,,,0.07417582417582418
0.1187214611872146,,0.9245377311344328,0.8482428115015974,,,,
,,,,,,0.07275464124435538,
,,,,0.18633540372670804,,,0.07417582417582418
0.4824200913242009,0.0,,0.4528753993610224,0.24844720496894407,,,0.07417582417582418
,,0.0,,,,0.2576517812343202,
0.07100456621004564,,,,,0.4313953488372091,,0.07417582417582418
0.4824200913242009,,0.0,0.4528753993610224,0.24844720496894407,,0.5770195684897141,
0.11324200913242005,,,,0.2453416149068323,,0.556698444555946,
,,,,,,,
0.11666666666666664,,,,0.24844720496894407,0.19244186046511658,,
,,,,,0.000290697674418805,,
,,,0.4496805111821085,0.24844720496894407,0.5776162790697676,,0.07417582417582418
0.12876712328767126,,,,,,,
,,,,,,0.12418464626191672,
,,0.39180409795102455,,,,,0.07417582417582418
,,,,,0.3360465116279072,,0.07417582417582418
,,,,,,0.2027094831911691,
,0.4718976071229828,,0.5838658146964857,,,,
,0.0,,,,0.4651162790697674,0.5291018564977421,
0.3748858447488584,,,,,0.31598837209302344,,0.07417582417582418
,,,,0.24844720496894407,0.19796511627906987,0.24134470647265438,0.07417582417582418
0.4810502283105022,,,,,,,
0.09977168949771686,,,,,0.5372093023255813,0.5589563472152534,
,,,,,,,
,,0.45477261369315347,,,,0.17962870045158064,
0.447716894977169,0.0,,,,,,
,,0.0,0.4528753993610224,,,0.23758153537380844,0.07417582417582418
,,0.0,0.3945686900958465,,,0.588309081786252,
,,,,,,,
,,0.6286856571714143,,,,,
,0.0,,0.5710862619808308,0.2826086956521739,0.2215116279069771,,
0.35000000000000003,,0.3848075962018991,0.5335463258785942,0.20186335403726705,,,
,0.29243183082915974,,,,0.29941860465116266,,
,,,,,0.355232558139535,,0.07417582417582418
,0.31886477462437396,,0.639776357827476,,0.17151162790697683,0.5908178625188161,
,0.39732888146911527,,,0.686335403726708,0.3281976744186048,,
,0.0,,,0.5559006211180123,,,
,0.0,,0.5463258785942491,,,0.342197691921726,
,,,,,0.5837209302325581,0.22553938785750116,
,0.0,0.49775112443778113,,0.3043478260869565,,,0.07417582417582418
0.11164383561643837,,0.91904047976012,,,0.5529069767441861,,
,,,0.41293929712460065,,,,
,,,,,,,
,0.52031163049527,,,,,,
,,,,,,,0.07417582417582418
,0.0,0.751624187906047,0.4776357827476039,0.36335403726708065,,0.33843452082288006,0.07417582417582418
,,0.0,,,0.6424418604651163,0.2601605619668843,0.07417582417582418
0.13287671232876708,,,,,0.08052325581395348,,0.07417582417582418
,,,0.5159744408945688,,,,
0.49292237442922365,,,0.7020766773162939,0.17701863354037264,0.17296511627906996,,0.07417582417582418
0.42305936073059364,,,0.5255591054313098,,,0.2556447566482689,0.07417582417582418
0.5105022831050228,,0.0,,,0.23430232558139563,0.4917210235825389,0.07417582417582418
0.5796803652968037,,,0.5710862619808308,,,,
,,0.5627186406796602,,0.31366459627329185,0.3613372093023255,0.4739086803813346,
,0.0,,0.48482428115015974,,0.20087209302325615,0.4658805820371301,
,,,,,,,0.07417582417582418
0.42557077625570766,,0.0,,,,,
,,0.5347326336831585,,,0.22848837209302353,,0.07417582417582418
0.3710045662100457,,,,,,,
,0.6956037840845855,0.0,,,0.7218023255813955,,
0.1461187214611872,,0.0,,,,,
,,0.45127436281859074,,,,,0.07417582417582418
,0.0,0.5777111444277861,0.5926517571884984,,,,
,,,,,0.2656976744186048,0.46663321625689913,
0.13036529680365294,,,,0.35093167701863354,,,
,0.2796327212020034,,0.6293929712460065,,0.18459302325581417,,0.07417582417582418
