0,1,2,3,4,5,6,7,8,9,10,11,12
0.0002359225391784276,0.0,0.2423020527859238,0.0,,0.5479977007089482,0.7826982492276005,0.3489619801944185,0.043478260869565216,,0.5531914893617023,0.9999999999999999,0.2044701986754967
0.00023569774400055392,0.0,0.2423020527859238,0.0,0.17283950617283939,0.6943858976815481,0.5993820803295572,0.3489619801944185,0.043478260869565216,0.10496183206106868,0.5531914893617023,0.9897372535175752,0.06346578366445917
0.00029279571918046875,0.0,0.06304985337243403,0.0,0.15020576131687247,0.6585552787890402,0.44181256436663235,0.44854458983895457,0.08695652173913043,0.06679389312977096,,0.9942760603156993,0.03338852097130243
0.0007050700754007986,,0.06304985337243403,0.0,0.15020576131687247,,0.5283213182286303,0.44854458983895457,0.08695652173913043,0.06679389312977096,0.6489361702127658,0.9999999999999999,0.09933774834437087
0.000264471526768385,0.0,0.06304985337243403,0.0,0.15020576131687247,0.5497221689978923,,0.44854458983895457,0.08695652173913043,0.06679389312977096,0.6489361702127658,0.9929900650562308,
0.0015536718718739421,0.125,,0.0,0.28600823045267487,0.5002874113814907,0.9598352214212151,0.43838718184215547,0.17391304347826086,0.2366412213740458,0.2765957446808509,0.9999999999999999,0.4806843267108167
0.0023032513924937294,0.125,0.27162756598240473,0.0,0.28600823045267487,0.3966277064571758,1.0,0.4503541907264775,0.17391304347826086,0.2366412213740458,0.2765957446808509,0.9741035856573705,
0.0012492992010329788,0.125,0.27162756598240473,0.0,0.28600823045267487,0.469055374592834,,0.4635033509443571,,0.2366412213740458,,,0.31843267108167767
0.007007315284678365,0.0,0.28152492668621704,0.0,0.31481481481481477,0.4575589193332056,0.6065911431513903,0.325355327410452,0.13043478260869565,0.22900763358778625,0.8936170212765959,,0.1801876379690949
,,0.28152492668621704,0.0,0.31481481481481477,0.48572523471929496,0.8403707518022657,0.30302176067800923,,0.22900763358778625,0.8936170212765959,0.9574360784709264,0.23537527593818985
0.006980677056100335,0.0,0.28152492668621704,0.0,,0.4355240467522513,0.5520082389289392,0.3063590648273604,,,0.8936170212765959,0.9967724040546674,0.1859823399558499
0.011774883814612317,0.0,0.28152492668621704,0.0,,0.45487641310595894,0.2718846549948507,0.3063590648273604,0.13043478260869565,0.22900763358778625,0.8936170212765959,0.9746583287104746,0.13383002207505518
0.008951231585341017,,0.28152492668621704,0.0,0.31481481481481477,0.3630963786165934,0.34706488156539655,0.24251379934345135,0.13043478260869565,0.22900763358778625,0.8936170212765959,0.7278985324524686,0.2748344370860927
0.008086781728827779,0.0,0.28152492668621704,,0.31481481481481477,0.41502203487258094,0.685890834191555,0.24251379934345135,0.13043478260869565,,,0.984996721972868,0.26352097130242824
0.013998782509316635,0.0,0.28152492668621704,,0.31481481481481477,0.384939643609887,0.98043254376931,0.24264110794860366,0.13043478260869565,0.22900763358778625,0.8936170212765959,0.9487366987745222,0.5322847682119205
0.011038679607076014,0.0,0.28152492668621704,0.0,0.31481481481481477,0.43150028741138147,1.0,0.26967599959988725,0.13043478260869565,0.22900763358778625,0.8936170212765959,0.994049119975793,0.5008278145695364
0.00836170623136729,0.0,0.28152492668621704,0.0,0.31481481481481477,0.4527687296416939,0.9392378990731204,0.2973565277487292,,0.22900763358778625,0.8936170212765959,0.9935195925160119,0.40204194260485654
0.009376431664289083,0.0,0.28152492668621704,0.0,0.31481481481481477,0.3904962636520407,0.8527291452111225,0.30235793723685767,0.13043478260869565,0.22900763358778625,0.8936170212765959,0.764284633617429,
0.010671589081608293,0.0,0.28152492668621704,0.0,0.31481481481481477,0.4763364629239316,0.8846549948506693,0.30224881557529854,0.13043478260869565,0.22900763358778625,0.8936170212765959,0.7717484492410106,0.429083885209713
0.011196261026765464,,0.28152492668621704,0.0,0.31481481481481477,0.5964744203870475,0.8692070030895983,0.282752412043394,0.13043478260869565,0.22900763358778625,0.8936170212765959,0.9579656059307076,0.2828366445916115
,0.0,0.28152492668621704,0.0,,0.4123395286453343,0.9392378990731204,0.2822068037355982,0.13043478260869565,0.22900763358778625,0.8936170212765959,0.9073831257249484,0.5758830022075054
0.015155690892243532,,0.28152492668621704,0.0,0.31481481481481477,0.4811266526154435,1.0,0.2769325900935718,,0.22900763358778625,0.8936170212765959,0.9491401482676888,0.31208609271523174
0.015529637670636401,0.0,0.28152492668621704,0.0,0.31481481481481477,,0.8146240988671473,0.260109667269867,0.13043478260869565,0.22900763358778625,0.8936170212765959,0.5857078017045741,0.7168874172185431
,0.0,,0.0,0.31481481481481477,0.4100402375934086,0.9485066941297631,0.24166810646636777,0.13043478260869565,0.22900763358778625,0.8936170212765959,0.9038529426597407,0.4586092715231788
0.0010241668303924878,0.0,0.20161290322580644,0.0,0.23456790123456794,0.43686529986587475,0.6024716786817713,0.20444852640289535,0.17391304347826086,0.17557251908396948,0.7021276595744679,0.9512330425134904,0.2671081677704194
0.0008297190015317544,0.0,0.20161290322580644,0.0,0.23456790123456794,0.43858976815481887,0.39752832131822863,0.25503551000736574,0.17391304347826086,0.17557251908396948,0.7021276595744679,0.9999999999999999,0.19426048565121412
0.0018964845181313047,0.0,0.20161290322580644,0.0,,0.4608162483234336,0.28115345005149334,0.24713328301612275,0.17391304347826086,0.17557251908396948,0.7021276595744679,0.99125018911695,
0.00023951926202440645,0.75,0.09127565982404694,0.0,0.08847736625514402,0.5813374209618701,0.1946446961894954,0.38842764779165034,0.08695652173913043,0.12404580152671751,0.6063829787234043,,0.07146799116997793
0.00030650822503076327,0.75,0.09127565982404694,0.0,,0.6635370760682123,0.13285272914521115,0.38842764779165034,0.08695652173913043,0.12404580152671751,0.6063829787234043,,0.006898454746136866
,0.0,,0.0,0.12962962962962965,0.6148687488024526,,0.41750857059716834,0.08695652173913043,0.08778625954198471,0.5638297872340423,0.9710272832719755,0.0858167770419426
0.0015193906072482057,0.0,0.23643695014662755,0.0,0.12962962962962965,0.4997125886185093,0.03810504634397528,,0.08695652173913043,0.08778625954198471,0.5638297872340423,0.9658833022341016,0.11258278145695363
0.0017201327010894023,0.0,0.23643695014662755,0.0,0.12962962962962965,0.5077601073002492,0.03707518022657055,,0.08695652173913043,0.08778625954198471,0.5638297872340423,0.9938473952292097,0.157560706401766
0.0018556841933472315,0.0,0.23643695014662755,0.0,0.12962962962962965,0.40639969342785986,0.31822863027806386,,0.08695652173913043,0.08778625954198471,0.5638297872340423,0.9999999999999999,0.2339955849889625
0.002046085709006239,,0.23643695014662755,0.0,0.12962962962962965,0.42632688254454865,0.31307929969104015,,0.08695652173913043,0.08778625954198471,0.5638297872340423,0.9999999999999999,0.34271523178807944
0.0025059042453468524,0.0,0.23643695014662755,0.0,0.12962962962962965,0.4730791339337038,0.850669412976313,,0.08695652173913043,0.08778625954198471,0.5638297872340423,,0.47102649006622516
0.002782402314131479,0.0,0.23643695014662755,0.0,0.12962962962962965,,0.9515962924819773,0.43106693704589477,0.08695652173913043,0.08778625954198471,0.5638297872340423,0.9999999999999999,0.8024282560706402
0.000488817114286318,0.21,0.18988269794721407,0.0,0.11111111111111105,0.4669476911285687,0.19052523171987643,0.5169729651083488,0.13043478260869565,0.10687022900763354,0.44680851063829796,0.9999999999999999,0.184878587196468
0.00015994176905712357,0.85,0.010263929618768326,0.0,,0.5407166123778501,,0.7327519573698043,0.043478260869565216,0.24045801526717553,0.5,0.9999999999999999,0.11147902869757173
8.991807114947215e-05,1.0,0.03152492668621701,0.0,0.053497942386831254,0.6236826978348343,0.3872296601441813,0.6542934827087634,0.17391304347826086,0.13167938931297707,0.26595744680851063,0.9899137626708356,0.06125827814569537
0.001664945484921414,0.25,0.17118768328445746,0.0,0.13991769547325106,0.49511400651465787,0.27085478887744596,0.6079167765461176,0.30434782608695654,0.1851145038167939,0.7553191489361701,0.9843159009531495,
0.0010898070223316026,0.25,,0.0,0.13991769547325106,0.45334355240467505,0.4562306900102987,0.5276396075257573,0.30434782608695654,0.1851145038167939,,0.9999999999999999,0.20667770419426051
0.001607285521796815,,0.17118768328445746,0.0,0.13991769547325106,0.4177045410998276,0.6519052523171988,0.5543198537769736,0.30434782608695654,0.1851145038167939,0.7553191489361701,0.995486408795199,0.315121412803532
0.0018589437234264,0.25,0.17118768328445746,0.0,0.13991769547325106,0.4608162483234336,0.9320288362512874,0.5173185170366195,0.30434782608695654,0.1851145038167939,0.7553191489361701,0.9525442533662817,0.3507174392935982
0.0011683729369984539,0.25,0.17118768328445746,0.0,0.13991769547325106,0.5547039662770646,0.6683831101956745,0.5543289472487702,0.30434782608695654,0.1851145038167939,,0.9999999999999999,0.13796909492273732
0.0013507942238429455,0.25,0.17118768328445746,0.0,0.13991769547325106,0.6133358881011687,0.41709577754891863,0.6230210332002656,,0.1851145038167939,0.7553191489361701,,0.2144039735099338
0.00014825241980769222,0.17500000000000002,0.03372434017595308,0.0,,,0.5829042224510813,0.735961952914003,0.08695652173913043,0.05534351145038163,0.6382978723404256,0.9907710928438146,0.17439293598233996
,0.8,0.10667155425219943,0.0,0.026748971193415683,0.5228971067254263,0.1534500514933059,0.49849503041766324,0.13043478260869565,0.28625954198473275,0.37234042553191493,0.9999999999999999,0.08112582781456953
0.0004211537657463403,,0.10667155425219943,0.0,,0.4265184901322091,0.29042224510813597,0.49849503041766324,0.13043478260869565,0.28625954198473275,0.37234042553191493,0.9999999999999999,0.2348233995584989
0.001452401644241849,0.125,0.2056451612903226,0.0,0.0493827160493826,0.3895382257137384,0.349124613800206,0.48817393992852537,0.13043478260869565,0.30152671755725186,0.6702127659574466,0.9999999999999999,0.31346578366445915
0.001369452223606461,0.125,0.2056451612903226,0.0,0.0493827160493826,0.44529603372293536,,0.48817393992852537,0.13043478260869565,0.30152671755725186,0.6702127659574466,0.9999999999999999,0.19481236203090505
0.0009209858437484687,0.0,,0.0,0.057613168724279795,0.5472312703583061,0.03810504634397528,0.37807927688712273,0.13043478260869565,0.22519083969465642,0.7021276595744679,0.9667910635937265,0.1376931567328918
0.0017133888457531922,0.0,,0.0,0.057613168724279795,0.4598582103851313,0.15036045314109167,0.37807927688712273,0.13043478260869565,0.22519083969465642,0.7021276595744679,0.9496696757274699,0.22488962472406182
0.0009589762288091206,0.0,0.3793988269794722,0.0,0.057613168724279795,0.4797853995018203,0.05046343975283214,0.37807927688712273,0.13043478260869565,0.22519083969465642,0.7021276595744679,,0.10458057395143486
,0.0,0.45344574780058655,,,0.5221306763747843,0.43357363542739447,0.30672280369922433,0.17391304347826086,0.4026717557251908,0.6489361702127658,0.9655302839275809,0.19895143487858719
0.0010701374442676555,0.0,0.45344574780058655,0.0,0.10699588477366251,,0.737384140061792,0.26576580672735045,0.17391304347826086,0.4026717557251908,0.6489361702127658,0.9413989611175552,0.282560706401766
0.0005635615109293168,0.0,0.45344574780058655,0.0,,0.5117838666411191,0.5231719876416066,0.35323591193881915,0.17391304347826086,0.4026717557251908,0.6489361702127658,0.9735236270109435,0.29277041942604853
0.0003912560070891407,0.25,0.16129032258064516,0.0,0.08436213991769548,0.6066296225330524,0.31513903192584963,0.38839127390446393,0.13043478260869565,0.1793893129770992,0.6808510638297873,0.9999999999999999,0.09823399558498896
0.0003402275017118153,0.25,0.16129032258064516,0.0,0.08436213991769548,0.5251963977773518,,0.38839127390446393,0.13043478260869565,0.1793893129770992,0.6808510638297873,0.9999999999999999,0.1376931567328918
0.00032808856210663655,0.25,0.16129032258064516,0.0,0.08436213991769548,0.4993293734431884,0.45108135942327504,0.38839127390446393,0.13043478260869565,0.1793893129770992,0.6808510638297873,0.9842150385798578,0.1594922737306843
0.0004975841262233916,0.0,0.14772727272727273,0.0,0.13168724279835387,0.541866257903813,0.4644696189495366,0.3318935336322054,0.08695652173913043,0.1145038167938931,0.6276595744680851,,
0.0005735648963446956,0.0,0.14772727272727273,0.0,0.13168724279835387,0.5880436865299866,0.5478887744593203,,0.08695652173913043,0.1145038167938931,0.6276595744680851,0.988400827071461,0.13245033112582782
0.000512083415196244,0.0,0.14772727272727273,0.0,0.13168724279835387,0.4702050201187967,0.4346035015447992,0.29986632596459,0.08695652173913043,0.1145038167938931,0.6276595744680851,0.9977053810076152,0.30711920529801323
0.0007327198822792613,0.0,0.14772727272727273,0.0,0.13168724279835387,,0.5550978372811534,0.2380670916349153,0.08695652173913043,0.1145038167938931,0.6276595744680851,0.9955872711684906,0.18515452538631344
0.0005651350771744325,0.0,,0.0,0.21399176954732513,0.6602797470779843,0.858908341915551,0.20843146704980492,0.043478260869565216,0.1583969465648855,0.5531914893617023,,0.10402869757174393
0.0005248967403350438,,,0.0,0.21399176954732513,0.6740754933895382,0.619979402677652,0.2077767370804499,0.043478260869565216,0.1583969465648855,0.5531914893617023,0.9978818901608755,0.10954746136865343
0.0003709120434915727,0.0,0.10813782991202346,,0.21399176954732513,0.5449319793063806,0.7312049433573636,0.17845938400822048,0.043478260869565216,0.1583969465648855,0.5531914893617023,0.9915527762368249,0.17853200883002204
0.00040137179009345635,0.28,0.5344574780058651,0.0,0.1625514403292181,0.552021460049818,0.5221421215242018,0.23063772517709535,0.13043478260869565,0.1583969465648855,0.5957446808510638,0.9952342528619699,0.17742825607064017
,0.28,0.5344574780058651,0.0,0.1625514403292181,0.5077601073002492,0.26776519052523173,0.23063772517709535,0.13043478260869565,0.1583969465648855,0.5957446808510638,0.998562711180594,0.12362030905077262
,0.0,0.08907624633431087,0.0,0.12345679012345678,0.49856294309254656,0.6869207003089598,0.2151151688203039,0.043478260869565216,0.1698473282442748,0.574468085106383,0.9872156941852841,0.2651766004415011
0.0012870647909157572,0.0,0.08907624633431087,,0.12345679012345678,0.8637670051734051,0.752832131822863,0.2151151688203039,0.043478260869565216,0.1698473282442748,0.574468085106383,0.9999999999999999,0.0684326710816777
0.0008491637844178277,0.0,,0.0,0.12345679012345678,0.8160567158459476,0.35015447991761073,0.2151151688203039,0.043478260869565216,0.1698473282442748,0.574468085106383,0.991502345050179,0.050772626931567325
0.0015998672809269833,0.0,0.29692082111436957,0.0,0.2777777777777778,0.6066296225330524,0.7929969104016479,0.14987860215151544,0.17391304347826086,0.37595419847328243,0.8829787234042552,0.994603863028897,0.21219646799116998
0.0014980350653502061,0.0,0.29692082111436957,0.0,0.2777777777777778,,0.8970133882595263,,0.17391304347826086,,0.8829787234042552,0.9893842352110546,0.2924944812362031
,0.0,0.29692082111436957,0.0,0.2777777777777778,0.43878137574247933,,0.08887049986814467,0.17391304347826086,0.37595419847328243,0.8829787234042552,0.9928135559029705,0.40673289183222955
0.00140328389787645,0.0,0.29692082111436957,0.0,0.2777777777777778,0.4916650699367694,0.8475798146240989,0.09027998799661723,0.17391304347826086,0.37595419847328243,0.8829787234042552,0.9767764385495991,0.3410596026490066
0.0013678786573613452,0.0,0.29692082111436957,0.0,0.2777777777777778,0.5581529028549531,0.9701338825952626,0.11851521792505161,0.17391304347826086,0.37595419847328243,0.8829787234042552,0.9958142115083968,0.29083885209713023
0.002892102360933835,0.0,0.29692082111436957,0.0,0.2777777777777778,0.5112090438781375,0.9093717816683832,0.12871809328083372,0.17391304347826086,0.37595419847328243,0.8829787234042552,,0.3813465783664459
0.0011420719011872333,,0.29692082111436957,0.0,,0.5046943858976817,0.5303810504634398,0.14987860215151544,,0.37595419847328243,0.8829787234042552,0.9914014826768874,0.3109823399558499
0.0024255399692570115,0.0,0.3500733137829912,0.0,0.33333333333333337,0.4849588043686529,0.9526261585993822,0.12898180396293502,,0.46755725190839686,0.5531914893617023,,0.423841059602649
0.0015284948119520898,0.0,0.3500733137829912,0.0,,0.5159992335696492,0.8372811534500515,0.10247433367585411,,0.46755725190839686,0.5531914893617023,0.9794240758485048,0.24061810154525382
0.001854785012635737,0.0,0.3500733137829912,0.0,,,0.878475798146241,0.12126144640762397,0.21739130434782608,0.46755725190839686,0.5531914893617023,,
0.0014078921990228605,0.0,0.3500733137829912,0.0,0.33333333333333337,0.5010538417321325,0.7167868177136972,0.14554101610453857,0.21739130434782608,0.46755725190839686,,0.9909223864037521,0.2844922737306843
0.0007043956898671775,0.0,0.9233870967741936,0.0,0.4032921810699587,0.44242191990802826,0.6879505664263645,0.10258345533741327,0.043478260869565216,0.001908396946564861,0.6914893617021276,0.980457915174744,0.34878587196467986
,0.0,0.9233870967741936,0.0,0.4032921810699587,,0.8362512873326466,0.09710009184406516,0.043478260869565216,0.001908396946564861,0.6914893617021276,0.9515104140400424,0.34602649006622516
0.0009741499033155941,0.0,0.9233870967741936,0.0,0.4032921810699587,0.4598582103851313,0.9268795056642637,0.08705180550882523,0.043478260869565216,0.001908396946564861,0.6914893617021276,0.9525694689596046,0.4470198675496688
0.0016191996662241201,0.0,0.9233870967741936,0.0,,0.4397394136807816,0.9691040164778579,0.07409360819867418,0.043478260869565216,0.001908396946564861,0.6914893617021276,0.93295173735438,0.6534216335540839
0.0010359685772308562,0.0,0.9233870967741936,0.0,0.4032921810699587,0.4441463881969726,0.956745623069001,0.07972246724076786,0.043478260869565216,0.001908396946564861,,0.9558222804982601,0.4373620309050772
0.004282685331260422,0.0,0.9233870967741936,0.0,0.4032921810699587,0.39317876987928735,0.9546858908341915,0.0570706289954442,0.043478260869565216,0.001908396946564861,0.6914893617021276,,0.7044701986754967
0.0028417482410901308,0.0,0.7855571847507332,0.0,,0.4085073768921249,0.9588053553038105,0.05989869872418592,0.13043478260869565,0.4770992366412213,,,0.42660044150110377
0.0035867194605635074,0.0,0.7855571847507332,0.0,0.4917695473251028,0.5499137765855527,0.9876416065911431,0.06209931889896243,0.13043478260869565,0.4770992366412213,0.9148936170212765,0.9999999999999999,0.3769315673289183
0.0037511571331781046,,0.7855571847507332,0.0,0.4917695473251028,0.5550871814523856,0.9886714727085479,0.08992534259654995,0.13043478260869565,0.4770992366412213,0.9148936170212765,0.9953098996419386,0.2999448123620309
0.01333732269842333,0.0,0.7855571847507332,0.0,0.4917695473251028,0.5297949798812033,0.976313079299691,0.10379288708636071,0.13043478260869565,0.4770992366412213,0.9148936170212765,0.9999999999999999,0.2905629139072847
0.0065609844590101725,0.0,0.7855571847507332,0.0,0.4917695473251028,0.538608928913585,,0.10892160517964154,0.13043478260869565,0.4770992366412213,0.9148936170212765,0.9719098290382773,0.2591059602649006
0.0036360620021067803,0.0,0.7855571847507332,0.0,0.4917695473251028,0.4332247557003258,,0.12187980248979259,0.13043478260869565,0.4770992366412213,0.9148936170212765,0.9792979978818902,0.3669977924944812
,0.0,0.7855571847507332,0.0,0.4917695473251028,0.42077026250239513,0.9835221421215243,0.11061299093380865,0.13043478260869565,0.4770992366412213,0.9148936170212765,0.6617580311664734,0.4299116997792494
,0.0,0.7855571847507332,0.0,0.4917695473251028,0.5315194481701476,0.9814624098867148,0.08921605179641535,0.13043478260869565,0.4770992366412213,0.9148936170212765,0.9943769226889909,0.42025386313465785
0.003555360533250129,0.0,0.7855571847507332,0.0,0.4917695473251028,0.4562176662195824,0.933058702368692,0.07613963935290856,0.13043478260869565,0.4770992366412213,0.9148936170212765,,0.41859823399558493
0.002736656495434185,0.0,0.7855571847507332,0.0,0.4917695473251028,0.4399310212684423,0.9814624098867148,0.04901381298365905,0.13043478260869565,0.4770992366412213,0.9148936170212765,0.9877452216450654,0.5405629139072847
0.0060492382365807396,0.0,0.7855571847507332,0.0,0.4917695473251028,0.49626365204062084,0.9783728115345005,0.049022906455455637,0.13043478260869565,0.4770992366412213,0.9148936170212765,0.9999999999999999,0.461644591611479
0.003198610585964598,0.0,0.7855571847507332,,0.4917695473251028,0.5006706265568118,0.9340885684860968,0.04385781447498842,0.13043478260869565,,0.9148936170212765,0.9777598466891926,0.6189293598233996
0.04598275281477283,0.0,,0.0,0.9999999999999999,0.3653956696685189,1.0,0.02566177740999738,0.17391304347826086,0.41221374045801523,0.22340425531914887,0.9999999999999999,0.6812913907284768
0.031172572110921132,0.0,0.7008797653958945,0.0,0.9999999999999999,0.25713738264035246,0.9773429454170957,0.019669179496039815,0.17391304347826086,0.41221374045801523,0.22340425531914887,0.9999999999999999,0.760485651214128
0.026672172649890052,0.0,,,0.9999999999999999,0.492239892699751,1.0,0.026325600851148975,0.17391304347826086,0.41221374045801523,0.22340425531914887,0.435195925160119,0.7193708609271523
0.018548749307068863,0.0,0.7008797653958945,0.0,0.9999999999999999,,0.972193614830072,,0.17391304347826086,0.41221374045801523,0.22340425531914887,0.9392304200917848,0.3413355408388521
0.01259145229823846,0.0,,1.0,0.9999999999999999,0.27802260969534387,0.8764160659114315,0.04370322545444626,0.17391304347826086,0.41221374045801523,,0.8647939886025517,0.2866997792494481
0.015820297835627068,0.0,0.7008797653958945,,0.9999999999999999,,0.9588053553038105,0.0563613381953096,0.17391304347826086,0.41221374045801523,0.22340425531914887,0.8086640778657521,0.3694812362030905
0.03966162481055387,0.0,0.7008797653958945,1.0,0.9999999999999999,0.4964552596282813,0.8208032955715756,0.0560066927952423,0.17391304347826086,0.41221374045801523,,0.22111553784860558,0.3667218543046357
0.015022162556586567,0.0,0.7008797653958945,,0.4526748971193414,,1.0,0.05707972246724079,0.17391304347826086,0.41221374045801523,,0.8915477331181603,0.12969094922737306
0.016376778298453364,0.0,0.7008797653958945,0.0,0.4526748971193414,0.7526346043303315,,,0.17391304347826086,0.41221374045801523,0.22340425531914887,0.9433405618034193,0.0
0.02054009739026286,0.0,0.7008797653958945,1.0,0.4526748971193414,0.8126077792680589,0.9814624098867148,0.08285062153879731,0.17391304347826086,0.41221374045801523,0.22340425531914887,0.981617832467598,0.005242825607064017
0.017002383278475815,0.0,0.7008797653958945,1.0,0.4526748971193414,0.9223989269975091,0.9371781668383111,0.09388100282806973,0.17391304347826086,0.41221374045801523,0.22340425531914887,,0.043874172185430466
0.025132550476633216,0.0,0.7008797653958945,0.0,,0.4393561985054609,,0.11752402949922254,0.17391304347826086,0.41221374045801523,0.22340425531914887,0.995486408795199,
0.03279401972892399,0.0,0.7008797653958945,0.0,0.4526748971193414,0.48668327265759725,,0.10492047758913876,0.17391304347826086,0.41221374045801523,0.22340425531914887,,0.22295805739514352
0.020163677864913385,0.0,0.7008797653958945,0.0,0.4526748971193414,0.4437631730216517,0.7857878475798147,0.11787867489928981,0.17391304347826086,0.41221374045801523,0.22340425531914887,0.5731252206364417,0.28725165562913907
0.02578490608282263,0.0,0.7008797653958945,0.0,0.4526748971193414,0.5284537267675801,0.9598352214212151,0.08824305031417946,0.17391304347826086,0.41221374045801523,0.22340425531914887,0.7483231630440264,0.2585540838852097
,0.0,,0.0,0.4526748971193414,,,0.11787867489928981,0.17391304347826086,0.41221374045801523,0.22340425531914887,,0.3504415011037527
0.025936642827887366,0.0,0.7008797653958945,0.0,,0.44433799578463307,0.972193614830072,0.11449590339095565,0.17391304347826086,0.41221374045801523,0.22340425531914887,,
0.0014928647762591117,0.0,0.1315982404692082,0.0,0.257201646090535,0.3853228587852079,0.8815653964984552,0.13335576389709825,,0.20801526717557245,0.4255319148936172,0.9999999999999999,
0.0009605497950542364,0.0,0.1315982404692082,0.0,0.257201646090535,0.5470396627706459,0.8362512873326466,,0.17391304347826086,0.20801526717557245,0.4255319148936172,,0.20171081677704192
0.0008783871575414062,0.0,0.1315982404692082,0.0,0.257201646090535,0.4403142364437632,0.6776519052523172,0.14297665705789814,0.17391304347826086,0.20801526717557245,0.4255319148936172,0.9907458772504918,
0.0006779822564670202,0.0,0.1315982404692082,0.0,0.257201646090535,0.571948649166507,0.3110195674562307,0.18211495967045255,0.17391304347826086,0.20801526717557245,0.4255319148936172,0.9850219375661909,0.09933774834437087
0.000718220593306409,0.0,0.1315982404692082,0.0,0.257201646090535,0.471163058057099,0.4562306900102987,0.22054397148287247,,0.20801526717557245,,0.9907458772504918,0.23123620309050769
0.0005387216437742751,0.0,0.1315982404692082,0.0,0.257201646090535,0.5276872964169382,0.7260556127703399,0.19895606943775063,0.17391304347826086,0.20801526717557245,0.4255319148936172,0.9967219728680217,0.12582781456953643
0.0006755095095104097,0.0,0.1315982404692082,0.0,,0.6321134316918952,0.7363542739443872,0.1623821258718366,0.17391304347826086,0.20801526717557245,0.4255319148936172,,0.1432119205298013
0.0005786227878468533,0.0,0.07331378299120235,0.0,0.2119341563786007,0.6551063422111517,0.5715756951596292,0.1545344597113732,0.08695652173913043,,,0.9999999999999999,0.09133554083885209
0.0007031593163888723,0.0,0.07331378299120235,0.0,0.2119341563786007,0.49492239892699763,,0.13351944638943702,0.08695652173913043,0.011450381679389277,0.5531914893617023,0.9999999999999999,0.21302428256070638
0.0010538397938718138,0.0,0.07331378299120235,0.0,0.2119341563786007,0.575205978156735,0.9546858908341915,0.1561712846347607,0.08695652173913043,,0.5531914893617023,0.9999999999999999,0.10899558498896247
0.0008627638926791854,0.0,0.07331378299120235,0.0,0.2119341563786007,0.391454301590343,0.8949536560247168,0.16898398639616619,,0.011450381679389277,0.5531914893617023,0.9851227999394826,0.3380242825607064
0.0006086329440929898,0.0,0.07331378299120235,0.0,0.2119341563786007,0.49664686721594176,0.6786817713697219,0.19551873709863687,0.08695652173913043,0.011450381679389277,0.5531914893617023,0.9753139341368703,0.315121412803532
,0.0,0.07331378299120235,0.0,,0.8181643993102127,0.5221421215242018,0.18819849230237612,0.08695652173913043,0.011450381679389277,0.5531914893617023,0.9892329416511171,0.0750551876379691
0.0008140957366695336,0.45,0.1092375366568915,0.0,0.10699588477366251,0.6171680398543783,0.3934088568486097,0.2417954150715202,0.17391304347826086,0.4026717557251908,0.2765957446808509,0.992359675223158,0.1365894039735099
0.00134281399502843,0.45,0.1092375366568915,0.0,0.10699588477366251,0.5738647250431118,,0.3125517191208432,0.17391304347826086,0.4026717557251908,0.2765957446808509,0.9645468757879873,
0.0009481860602711838,0.45,0.1092375366568915,0.0,0.10699588477366251,0.6495497221689978,0.19155509783728117,,0.17391304347826086,0.4026717557251908,0.2765957446808509,0.9515356296333654,0.09299116997792495
0.00017477825079678655,0.6,0.09054252199413491,0.0,0.03292181069958855,,0.07209062821833163,0.46285771444679863,0.0,0.14885496183206098,0.31914893617021267,0.9910988955570125,0.09105960264900662
,0.6,0.09054252199413491,0.0,0.03292181069958855,0.5830618892508143,0.16374871266735327,0.46285771444679863,0.0,0.14885496183206098,,0.94906450148772,0.07312362030905077
8.41857941136933e-05,0.8,0.0,,0.07613168724279828,,0.2996910401647786,0.41091580354463525,,0.1297709923664122,0.1914893617021276,0.9932674365827828,0.03421633554083886
0.00037979145301758306,0.8,0.03885630498533725,0.0,0.039094650205761305,0.7139298716229162,0.3213182286302781,0.5619219961989289,0.043478260869565216,0.27099236641221375,0.0,,0.06484547461368653
0.0004534118737712134,0.8,0.03885630498533725,0.0,0.039094650205761305,0.6794405058440315,0.34706488156539655,,0.043478260869565216,0.27099236641221375,,0.8926067880377225,0.1898454746136865
0.00035247883890593087,0.8,0.03885630498533725,0.0,0.039094650205761305,0.7114389729833303,0.364572605561277,0.5619219961989289,0.043478260869565216,0.27099236641221375,0.0,0.9881486711382319,0.13493377483443708
,0.9500000000000001,0.03702346041055718,0.0,0.03703703703703709,0.6541483042728492,,0.5932399130664098,0.08695652173913043,0.41030534351145037,0.46808510638297873,0.9999999999999999,0.0780905077262693
0.0003161744176793315,0.8250000000000001,,,0.061728395061728336,0.4983713355048859,0.36560247167868176,0.46744082423228356,0.043478260869565216,0.30725190839694655,0.22340425531914887,0.9921075192899289,0.15728476821192053
0.00017365427490741815,0.8250000000000001,0.057551319648093846,0.0,,0.7758191224372485,,0.46744082423228356,,0.30725190839694655,0.22340425531914887,0.9961672298149176,0.0380794701986755
0.0003234802609602261,,0.08137829912023462,0.0,,0.822379766238743,0.31204943357363546,0.3626840291354837,0.13043478260869565,0.07061068702290074,0.22340425531914887,0.9896111755509607,0.05739514348785872
0.0014622926320682912,0.0,,,0.21399176954732513,0.44644567924889833,0.19979402677651908,,0.13043478260869565,0.17175572519083965,0.6382978723404256,0.9999999999999999,0.25220750551876375
0.0025106249440821995,0.0,0.37133431085043994,0.0,0.21399176954732513,0.5297949798812033,0.5108135942327497,0.2932917458556502,0.13043478260869565,0.17175572519083965,0.6382978723404256,0.9948812345554491,0.25496688741721857
0.0014561107646767647,0.0,0.37133431085043994,1.0,0.21399176954732513,0.47959379191415985,0.5787847579814624,0.28277059898698725,0.13043478260869565,0.17175572519083965,0.6382978723404256,0.9607141056029048,
0.004826240071358981,0.0,0.37133431085043994,1.0,0.21399176954732513,0.3416363287986205,1.0,0.24965217470378015,0.13043478260869565,0.17175572519083965,0.6382978723404256,0.9999999999999999,0.5894039735099337
0.001889853060384031,0.0,0.37133431085043994,1.0,0.21399176954732513,0.45966660279747085,0.9186405767250256,0.24984313761150873,0.13043478260869565,0.17175572519083965,0.6382978723404256,0.9907963084371375,0.4288079470198675
0.004152641320860498,0.0,,,0.21399176954732513,0.35313278405824866,0.8825952626158599,0.23055588393092602,0.13043478260869565,,0.6382978723404256,0.9958142115083968,0.613962472406181
0.0004414977293439083,0.0,0.49230205278592387,1.0,,0.44587085648591673,0.5468589083419155,0.18027807836753995,0.17391304347826086,0.1698473282442748,0.404255319148936,,0.3250551876379691
,0.0,0.49230205278592387,1.0,0.33950617283950624,0.5388005365012455,0.92173017507724,0.20312087952059216,0.17391304347826086,0.1698473282442748,0.404255319148936,,0.24199779249448122
0.003953809986031228,0.0,0.21041055718475074,1.0,0.2510288065843621,0.6495497221689978,0.8815653964984552,0.15750802498886046,0.30434782608695654,,0.5106382978723403,0.9868878914720863,0.22019867549668876
0.004511526822335829,0.0,0.21041055718475074,1.0,0.2510288065843621,0.4987545506802068,0.9104016477857878,0.1744491629459211,0.30434782608695654,0.22900763358778625,0.5106382978723403,0.9958142115083968,0.5444260485651213
0.006937628779537524,0.0,0.21041055718475074,1.0,0.2510288065843621,0.6357539758574439,0.7703398558187435,0.1948276332420955,,0.22900763358778625,0.5106382978723403,0.983584648746785,0.22626931567328917
,,0.21041055718475074,0.0,0.2510288065843621,0.5857443954780609,0.8022657054582903,0.1948276332420955,0.30434782608695654,0.22900763358778625,0.5106382978723403,0.9999999999999999,0.1619757174392936
0.003473197895737299,0.0,0.21041055718475074,0.0,0.24485596707818924,0.9015136999425178,0.776519052523172,0.16048159026634778,0.30434782608695654,0.22900763358778625,0.5106382978723403,0.9701195219123506,0.06650110375275937
0.005851530877640837,0.0,0.21041055718475074,0.0,0.24485596707818924,0.989461582678674,,0.16048159026634778,0.30434782608695654,0.22900763358778625,0.5106382978723403,0.9624287659488628,0.08002207505518763
0.004224126187424328,0.0,0.21041055718475074,0.0,0.24485596707818924,0.8582103851312511,0.8609680741503605,0.18969891514881465,0.30434782608695654,0.22900763358778625,0.5106382978723403,0.9759947551565888,0.03863134657836645
0.004564016496369333,0.0,0.21041055718475074,0.0,0.24485596707818924,0.6901705307530178,0.7929969104016479,0.18969891514881465,0.30434782608695654,0.22900763358778625,0.5106382978723403,0.9374148973725351,0.12775938189845476
0.004894465407843643,0.0,0.21041055718475074,0.0,0.24485596707818924,0.5730982946924698,,0.20419390919259067,0.30434782608695654,0.22900763358778625,0.5106382978723403,,0.05601545253863134
0.005964715249700236,0.0,0.21041055718475074,0.0,0.24485596707818924,,0.6714727085478887,0.23114695959770482,0.30434782608695654,0.22900763358778625,0.5106382978723403,0.9532250743860003,0.2737306843267108
0.006395085617739396,0.0,0.21041055718475074,0.0,0.2510288065843621,0.915117838666411,0.7250257466529351,0.24632396402622558,0.30434782608695654,,0.5106382978723403,0.972288062938121,0.02041942604856513
,,0.21041055718475074,,0.2510288065843621,0.8978731557769687,0.6951596292481977,0.22936463912557176,0.30434782608695654,0.22900763358778625,0.5106382978723403,0.954738009985375,0.06125827814569537
0.004963365129861926,0.0,0.21041055718475074,1.0,0.2510288065843621,0.6064380149453917,0.654994850669413,0.22936463912557176,0.30434782608695654,0.22900763358778625,0.5106382978723403,0.907458772504917,0.17439293598233996
0.0036431430502098018,0.0,0.21041055718475074,0.0,,0.48380915884269016,0.6035015447991761,0.22936463912557176,0.30434782608695654,0.22900763358778625,0.5106382978723403,0.9491905794543346,0.2524834437086093
,,0.21041055718475074,1.0,0.2510288065843621,,0.7579814624098867,0.27447735270849055,0.30434782608695654,0.22900763358778625,,0.9786928236421403,0.21550772626931564
,0.0,0.21041055718475074,0.0,0.2510288065843621,0.7275340103468096,0.7075180226570545,0.27447735270849055,,0.22900763358778625,0.5106382978723403,0.9827777497604518,
0.0008555704469872276,0.3,0.16385630498533724,0.0,0.08847736625514402,0.5594941559685763,0.16065911431513905,0.4601569533232092,0.21739130434782608,0.215648854961832,0.4255319148936172,,0.12775938189845476
0.0009688672166355626,0.3,0.16385630498533724,,,,0.40473738414006183,0.4601569533232092,0.21739130434782608,0.215648854961832,0.4255319148936172,0.9669171415603408,0.15562913907284767
0.0012023170088573797,0.3,0.16385630498533724,0.0,0.08847736625514402,0.6392029124353326,0.529351184346035,0.47345160908983447,0.21739130434782608,0.215648854961832,0.4255319148936172,0.9857531897725553,0.266280353200883
0.0010855359139520027,0.3,0.16385630498533724,0.0,0.08847736625514402,0.5359264226863384,0.5149330587023686,0.5370513508352355,0.21739130434782608,0.215648854961832,0.4255319148936172,0.9391043421251702,0.26186534216335544
0.0013628207658591873,,0.16385630498533724,0.0,0.08847736625514402,0.5426326882544549,0.05046343975283214,0.5370513508352355,0.21739130434782608,,0.4255319148936172,0.9440465984164607,0.09547461368653423
0.00224525423660232,0.22,0.19794721407624635,0.0,0.09465020576131689,0.38934661812607774,0.7579814624098867,0.6206567305331503,0.26086956521739135,0.2729007633587786,0.6914893617021276,0.9384487366987746,0.29718543046357615
0.0020794677929204804,0.22,0.19794721407624635,,0.09465020576131689,,0.6930998970133883,0.6206567305331503,0.26086956521739135,0.2729007633587786,0.6914893617021276,,0.461644591611479
0.003748571988632558,0.22,0.19794721407624635,,0.09465020576131689,0.48802452577122046,0.329557157569516,0.6298047631605271,0.26086956521739135,0.2729007633587786,0.6914893617021276,,0.20502207505518766
0.002138364129523385,0.22,0.19794721407624635,,0.09465020576131689,0.5106342211151561,0.7857878475798147,0.6298047631605271,,,0.6914893617021276,0.947652428261637,0.23233995584988965
0.001776668688324633,0.22,0.19794721407624635,0.0,0.09465020576131689,,0.47579814624098876,0.6089807127463195,0.26086956521739135,0.2729007633587786,0.6914893617021276,0.9440465984164607,
0.0008529853024416803,0.22,0.19794721407624635,0.0,0.09465020576131689,0.6506993676949607,0.04016477857878477,0.7072083950931628,0.26086956521739135,0.2729007633587786,0.6914893617021276,0.9727419436179333,0.04966887417218542
0.004075761370027699,0.22,0.19794721407624635,0.0,0.09465020576131689,0.9001724468288944,0.05664263645726057,,0.26086956521739135,0.2729007633587786,0.6914893617021276,0.9999999999999999,0.04994481236203091
0.0004706087048785499,0.8,0.11656891495601175,0.0,0.014403292181069949,0.48802452577122046,0.2996910401647786,0.7357255226472916,0.0,0.24427480916030536,0.404255319148936,0.9898885470775127,0.13355408388520973
0.006802526877635442,0.2,0.12866568914956011,0.0,0.5390946502057613,,0.8650875386199794,0.06105356964235377,0.17391304347826086,0.14694656488549612,,0.9818447728075042,0.0935430463576159
0.007386657147340201,0.2,,0.0,0.5390946502057613,0.722743820655298,1.0,0.06956505924396876,0.17391304347826086,0.14694656488549612,0.042553191489361764,0.9656815774875184,0.1672185430463576
0.005999670899859593,0.2,,0.0,0.5390946502057613,0.6978348342594368,0.8125643666323378,0.08934336040156772,0.17391304347826086,0.14694656488549612,0.042553191489361764,0.9896616067376066,0.21688741721854304
0.005932344744086426,0.2,0.12866568914956011,0.0,0.5390946502057613,0.7585744395478061,0.8908341915550979,0.09186225208922517,0.17391304347826086,0.14694656488549612,0.042553191489361764,0.9784910988955571,
0.005775212914752723,0.2,0.12866568914956011,0.0,0.5390946502057613,0.9268059015136999,0.9124613800205973,0.10538424465076522,0.17391304347826086,0.14694656488549612,0.042553191489361764,,0.1153421633554084
0.009204688148393592,0.2,0.12866568914956011,,0.5390946502057613,,0.9433573635427395,0.08631523429330086,0.17391304347826086,0.14694656488549612,0.042553191489361764,,0.26269315673289184
0.006111618898440686,0.2,0.12866568914956011,,0.5390946502057613,0.6984096570224182,0.913491246138002,0.07279324173176079,0.17391304347826086,0.14694656488549612,0.042553191489361764,0.9772807504160572,0.1757726269315673
0.00848938989239954,,0.12866568914956011,0.0,0.5390946502057613,0.38302356773328217,0.6168898043254376,0.07792195982504162,0.17391304347826086,0.14694656488549612,0.042553191489361764,0.9886529830046901,0.24061810154525382
,0.2,,0.0,0.5390946502057613,0.6616210001916077,0.8414006179196704,0.09123480253525994,,0.14694656488549612,0.042553191489361764,0.9676483937667053,0.3603752759381898
0.0009478488675043733,0.2,0.2382697947214076,1.0,0.1625514403292181,0.45200229929105185,0.6035015447991761,0.253516900217334,0.08695652173913043,0.06870229007633583,0.6382978723404256,0.9859801301124614,0.32891832229580575
0.0032914509944264284,0.2,,0.0,0.1625514403292181,,0.4037075180226571,0.3000300084569288,0.08695652173913043,0.06870229007633583,0.6382978723404256,0.9791971355085984,0.3109823399558499
0.0012170410930081056,0.2,0.2382697947214076,0.0,0.1625514403292181,0.5704157884652233,,0.253516900217334,0.08695652173913043,0.06870229007633583,0.6382978723404256,0.9951081748953553,0.16556291390728478
0.000563336715751443,0.4,0.21810850439882698,1.0,0.12757201646090532,0.6125694577505268,0.30895983522142123,0.26807554856368615,,0.1278625954198473,0.5319148936170215,0.9999999999999999,0.04966887417218542
0.0010084311679413303,0.4,0.21810850439882698,0.0,0.12757201646090532,0.6309637861659322,0.41091658084449023,0.285325864561831,0.13043478260869565,0.1278625954198473,0.5319148936170215,0.9999999999999999,0.03449227373068432
0.001105655082371697,0.4,,,0.12757201646090532,0.7100977198697068,0.474768280123584,0.33260282443234007,0.13043478260869565,0.1278625954198473,0.5319148936170215,0.9807100711079731,0.11920529801324503
0.0006176247512079369,0.4,0.21810850439882698,1.0,0.12757201646090532,0.6255987737114389,0.2543769309989702,0.3394774891105675,0.13043478260869565,0.1278625954198473,0.5319148936170215,0.9913006203035958,0.06705298013245034
0.002293585199845161,0.2,0.10520527859237538,0.0,0.1191358024691358,0.6229162674841925,0.3017507723995881,0.2701761405487001,0.17391304347826086,0.05534351145038163,0.24468085106382986,0.9999999999999999,0.08609271523178808
,0.2,0.10520527859237538,0.0,0.1191358024691358,0.8160567158459476,0.6343975283213182,0.3241913630204876,0.17391304347826086,0.05534351145038163,0.24468085106382986,0.9758182460033284,0.05601545253863134
0.0003453977908029099,0.2,0.10520527859237538,0.0,,0.652807051159226,0.35324407826982496,0.37420545790177234,0.17391304347826086,0.05534351145038163,0.24468085106382986,0.9882243179182006,0.07891832229580573
0.0006178495463858106,0.2,,1.0,0.1191358024691358,0.782525388005365,0.4819773429454171,0.37122279915248846,0.17391304347826086,0.05534351145038163,0.24468085106382986,0.9499974784406677,0.03532008830022075
9.767350478611415e-05,0.9,0.02749266862170088,1.0,0.03292181069958855,0.8357922973749762,0.2255406797116375,0.4324309578153844,0.0,0.020992366412213692,0.10638297872340408,0.9965202481214382,0.03945916114790288
5.2152481266693853e-05,,0.06561583577712611,0.0,0.008230452674897082,0.5541291435140833,0.29866117404737386,0.5617674071783867,0.0,0.215648854961832,0.2872340425531916,0.9945030006556055,0.1793598233995585
,0.525,0.1781524926686217,0.0,0.04115226337448563,0.5073768921249281,0.29248197734294545,0.5626676608862498,,,0.4255319148936172,,0.14928256070640175
0.00044486965701201356,0.525,0.1781524926686217,0.0,0.04115226337448563,0.5276872964169382,0.4397528321318229,0.5626676608862498,0.21739130434782608,0.20229007633587787,0.4255319148936172,0.9999999999999999,0.1619757174392936
0.00041193716345351935,0.525,0.1781524926686217,0.0,0.04115226337448563,0.5755891933320559,0.2059732234809475,0.5626676608862498,0.21739130434782608,0.20229007633587787,0.4255319148936172,0.9365071360129105,0.21467991169977924
0.00032258108024873144,0.8,0.16458944281524926,0.0,0.053497942386831254,,0.25746652935118436,,0.13043478260869565,0.11068702290076332,0.7021276595744679,,0.04415011037527594
0.0008153321101478388,0.8,0.16458944281524926,0.0,0.053497942386831254,0.6872964169381107,0.2554067971163749,0.36256581400212784,0.13043478260869565,0.11068702290076332,0.7021276595744679,0.9999999999999999,
0.0013824903439231344,0.0,0.4934017595307918,0.0,0.10699588477366251,0.5972408507376893,0.29042224510813597,0.43928743555001865,0.13043478260869565,0.1946564885496183,0.36170212765957444,0.9999999999999999,
0.0005540077158696854,0.7000000000000001,0.0652492668621701,0.0,0.030864197530864224,0.6667944050584403,0.07312049433573636,0.6090989278796752,0.17391304347826086,0.3263358778625954,0.23404255319148937,0.9361541177063896,0.08305739514348787
0.0004254248741259401,0.7000000000000001,0.0652492668621701,,0.030864197530864224,0.6342211151561602,0.45829042224510813,,0.17391304347826086,0.3263358778625954,0.23404255319148937,0.9847697816329619,0.11975717439293598
0.00032651499586152077,0.34,0.2063782991202346,0.0,0.09876543209876543,,0.3861997940267765,0.39666633323936745,0.26086956521739135,0.27099236641221375,0.37234042553191493,0.9971002067678653,0.2144039735099338
0.0009704407828806784,0.34,0.2063782991202346,0.0,0.09876543209876543,0.562176662195823,0.1596292481977343,0.39666633323936745,0.26086956521739135,0.27099236641221375,0.37234042553191493,0.9664884764738515,0.19150110375275936
0.001052940613160319,0.34,0.2063782991202346,0.0,0.09876543209876543,0.6554895573864726,0.15242018537590113,0.39666633323936745,0.26086956521739135,0.27099236641221375,0.37234042553191493,0.9836855111200767,
0.0005447911135768645,0.33,0.06304985337243403,0.0,0.17901234567901225,0.58536118030274,0.568486096807415,0.2037301421309642,0.26086956521739135,0.06679389312977096,0.6170212765957446,0.9910736799636896,0.1986754966887417
0.000772283833585029,0.33,0.06304985337243403,,0.17901234567901225,0.739413680781759,0.7106076210092689,0.17910502050577892,,0.06679389312977096,0.6170212765957446,0.9999999999999999,0.13079470198675497
0.00048330963242841293,0.33,0.06304985337243403,0.0,0.17901234567901225,0.6300057482276299,0.694129763130793,0.1866980694559376,0.26086956521739135,,,0.9999999999999999,
0.005469941063200265,0.0,0.3460410557184751,0.0,0.3271604938271605,0.5890017244682889,0.819773429454171,0.19895606943775063,0.13043478260869565,0.22328244274809156,0.6170212765957446,0.9999999999999999,0.07753863134657837
0.029551124492918274,0.0,0.3460410557184751,,0.3271604938271605,0.27054991377658555,0.35942327497425336,0.12638107102910823,,0.22328244274809156,0.6170212765957446,0.882873569015079,
0.008812982550948702,0.0,,0.0,0.3271604938271605,0.4907070319984671,0.5139031925849639,0.13737507843119423,0.13043478260869565,0.22328244274809156,0.6170212765957446,,0.11727373068432673
,0.0,0.3460410557184751,0.0,0.3271604938271605,0.4717378808200804,0.9011328527291452,0.15498913330120306,0.13043478260869565,0.22328244274809156,0.6170212765957446,0.9984870644006254,0.27566225165562913
0.0029567309745725185,,0.3460410557184751,0.0,0.3271604938271605,0.5182985246215751,0.8228630278063851,0.19398194036501193,0.13043478260869565,0.22328244274809156,0.6170212765957446,0.9911493267436583,0.17025386313465785
0.0027789179888744373,0.0,0.3460410557184751,0.0,0.3271604938271605,0.41080666794405063,0.7703398558187435,0.2560176049613982,0.13043478260869565,0.22328244274809156,0.6170212765957446,,
0.00350624278688473,0.0,0.3460410557184751,0.0,0.3271604938271605,0.4508526537650891,0.8269824922760042,,,0.22328244274809156,0.6170212765957446,0.9843663321397952,0.4580573951434878
0.0026851783997011124,0.0,0.3460410557184751,0.0,0.3271604938271605,0.4255604521939068,0.7085478887744593,0.263901645009048,0.13043478260869565,0.22328244274809156,,0.9999999999999999,
,0.0,,0.0,0.3271604938271605,0.5405250047901896,0.6622039134912462,,0.13043478260869565,0.22328244274809156,0.6170212765957446,0.995738564728428,0.23813465783664456
0.005273132884971858,0.0,,0.0,0.3271604938271605,0.488982563709523,0.5756951596292481,0.26119179041366203,0.13043478260869565,0.22328244274809156,0.6170212765957446,0.998310555247365,0.30353200883002207
0.0018127483143733588,0.0,0.25366568914956017,0.0,0.2222222222222222,0.5489557386472504,,0.3101601360383381,0.17391304347826086,,0.7446808510638299,0.9999999999999999,0.1509381898454746
0.0019699925412959983,0.0,0.25366568914956017,,0.2222222222222222,,0.529351184346035,0.3101601360383381,0.17391304347826086,0.19083969465648848,0.7446808510638299,0.9999999999999999,0.14183222958057395
0.0038756936617201235,0.0,0.25366568914956017,0.0,,0.4751868173979691,0.4840370751802266,0.3265920395747893,,0.19083969465648848,0.7446808510638299,0.9999999999999999,0.16473509933774835
0.003120157068886684,0.0,0.25366568914956017,0.0,0.2222222222222222,0.411381490707032,0.7353244078269825,0.3265920395747893,0.17391304347826086,0.19083969465648848,0.7446808510638299,0.9854506026526804,0.2762141280353201
0.0037627340848385995,,0.25366568914956017,0.0,0.2222222222222222,0.5468480551829852,0.38311019567456234,0.3265920395747893,0.17391304347826086,0.19083969465648848,0.7446808510638299,0.9999999999999999,0.12113686534216336
0.002085424865134133,0.0,0.25366568914956017,0.0,0.2222222222222222,0.5499137765855527,0.121524201853759,0.38977348161754677,0.17391304347826086,0.19083969465648848,0.7446808510638299,0.9918805789500227,0.092439293598234
0.0006726995697869887,0.0,0.10190615835777128,0.0,0.154320987654321,0.44203870473270757,0.23583934088568487,0.37146832289099657,0.13043478260869565,0.46374045801526714,0.457446808510638,0.9635382520550708,0.22737306843267108
0.0006847261118032305,0.0,0.10190615835777128,,0.154320987654321,0.5311362329948267,0.14727085478887744,0.37146832289099657,0.13043478260869565,0.46374045801526714,0.457446808510638,0.9453073780826062,0.15480132450331124
0.0004396993679209189,0.0,0.10190615835777128,0.0,0.154320987654321,0.49492239892699763,0.3017507723995881,0.4313943020305722,0.13043478260869565,0.46374045801526714,0.457446808510638,0.9285642241161934,0.2030905077262693
0.00031853476704700516,0.35000000000000003,0.20527859237536655,0.0,0.10884773662551439,0.4732707415213643,0.21009268795056646,0.5011503241822696,0.0,0.22328244274809156,0.457446808510638,0.9126279691361138,0.1683222958057395
0.0003491069112378256,0.0,,0.0,0.2674897119341565,,0.36663233779608656,0.4845729250970728,0.17391304347826086,0.07061068702290074,0.8085106382978724,0.9810883050078167,0.13852097130242824
0.0003141512610784684,0.0,,0.0,0.2674897119341565,0.4422303123203678,0.446961894953656,0.37296874573743505,0.17391304347826086,0.07061068702290074,0.8085106382978724,0.9999999999999999,0.222682119205298
0.0006203222933424211,,0.17338709677419356,0.0,,0.4611994634987545,0.572605561277034,,0.17391304347826086,0.07061068702290074,0.8085106382978724,,0.20860927152317876
0.00021479179245830165,0.55,0.12170087976539588,,,,0.5509783728115345,0.41852703943838715,0.17391304347826086,0.34923664122137404,0.5319148936170215,0.9999999999999999,0.15038631346578366
0.0002716649724603428,,0.12170087976539588,0.0,0.2037037037037036,,0.25952626158599384,0.48520946812283466,0.17391304347826086,,0.5319148936170215,0.9774824751626406,0.0794701986754967
0.0002788584181523006,0.0,0.1440615835777126,0.0,0.11728395061728392,0.47001341253113627,0.4696189495365603,0.625994598477753,0.08695652173913043,0.3148854961832061,0.6595744680851063,0.9716072419184023,0.24282560706401762
0.0006215586668207264,0.0,0.1440615835777126,0.0,0.11728395061728392,0.44778693236252154,0.5087538619979403,0.625994598477753,0.08695652173913043,0.3148854961832061,,0.9185788491603208,0.3018763796909492
0.0001391482151038082,0.85,0.13526392961876835,0.0,0.09053497942386823,0.5662004215366928,0.2554067971163749,0.6734352408406006,0.13043478260869565,0.31297709923664113,,0.9887286297846588,
9.767350478611415e-05,,0.05681818181818181,0.0,0.10288065843621397,0.5890017244682889,0.2760041194644696,0.6560394292937101,0.13043478260869565,0.17748091603053434,0.46808510638297873,0.9849715063795451,0.1175496688741722
0.0006270661486786315,0.4,0.028958944281524925,0.0,0.09053497942386823,0.5612186242575207,0.427394438722966,0.6967872764142622,0.0,0.282442748091603,,0.9999999999999999,0.11727373068432673
0.0008225255558397966,0.6,0.045087976539589444,0.0,,0.5782716995593026,0.33985581874356335,0.8712182524165902,0.13043478260869565,0.42748091603053434,0.6063829787234043,0.9341368702405567,0.10375275938189846
0.00012105220328497691,0.9,0.057184750733137835,,0.05144032921810693,0.6068212301207127,0.34191555097837284,1.0,0.17391304347826086,0.0,0.46808510638297873,,0.07643487858719647
0.0004123867538092667,0.8,0.05315249266862171,0.0,0.057613168724279795,0.40275914926231093,0.1956745623069001,,0.13043478260869565,0.28053435114503816,1.0,0.9644460134146957,0.17439293598233996
0.10089526927539973,0.0,,1.0,0.7921810699588477,0.5079517148879095,0.9732234809474769,0.09026180105302405,,0.91412213740458,0.8085106382978724,0.9516617075999799,0.43791390728476826
0.04319866453680729,0.0,,1.0,0.7921810699588477,0.5430159034297758,0.9073120494335736,0.1250897980339914,1.0,,0.8085106382978724,0.9859801301124614,0.31843267108167767
0.04305412123743452,0.0,,0.0,0.7921810699588477,0.515424410806668,0.9083419155509783,0.10602078767652705,1.0,0.91412213740458,0.8085106382978724,0.8833778808815371,0.34381898454746135
0.04738761027889438,0.0,0.6466275659824048,1.0,0.7921810699588477,0.42958421153477666,,0.07048349989542509,1.0,0.91412213740458,0.8085106382978724,0.8894044076857129,0.35623620309050774
0.038979034252940435,0.0,0.6466275659824048,1.0,,,0.82389289392379,0.07048349989542509,1.0,0.91412213740458,0.8085106382978724,0.8932119622774725,
0.041481791365797056,0.0,0.6466275659824048,0.0,0.685185185185185,,0.9114315139031927,0.05662504887741092,1.0,0.91412213740458,0.8085106382978724,0.7960814967976196,0.33857615894039733
,0.0,0.6466275659824048,0.0,,0.26997509101360406,1.0,0.018450654275295783,1.0,0.91412213740458,0.8085106382978724,0.9460890614756164,0.04221854304635761
0.06365817285580244,0.0,0.6466275659824048,1.0,0.5061728395061728,0.5981988886759916,0.9670442842430483,0.02065127445007231,,0.91412213740458,0.8085106382978724,0.9456099652024812,0.05518763796909493
0.07342305058745724,0.0,0.6466275659824048,1.0,,0.6620042153669284,0.9742533470648815,0.006620047467922774,1.0,0.91412213740458,0.8085106382978724,0.9877704372383883,0.033940397350993384
,,0.6466275659824048,0.0,,0.5087181452385515,1.0,0.003591921359655914,1.0,0.91412213740458,,,0.2152317880794702
0.12478133049072339,0.0,0.6466275659824048,0.0,0.5823045267489712,0.25771220540333384,1.0,0.004055688421282358,1.0,0.91412213740458,0.8085106382978724,0.9999999999999999,0.9116997792494481
0.17176239869043322,0.0,0.6466275659824048,0.0,0.588477366255144,0.5916842306955356,0.9309989701338826,,,0.91412213740458,,0.9145695698219779,0.5935430463576159
0.26572903099341033,0.0,0.6466275659824048,0.0,0.588477366255144,0.5401417896148687,0.96086508753862,0.023324755158271884,1.0,0.91412213740458,0.8085106382978724,0.9999999999999999,0.6059602649006623
0.2007463649495762,0.0,,0.0,0.588477366255144,0.5100593983521747,1.0,,1.0,0.91412213740458,0.8085106382978724,0.9920318725099602,0.5532560706401766
1.0,0.0,,0.0,0.588477366255144,0.652807051159226,0.9165808444902164,0.02608917058443745,1.0,0.91412213740458,0.8085106382978724,0.9999999999999999,0.4271523178807947
0.17835339330568953,0.0,0.6466275659824048,0.0,0.588477366255144,0.5717570415788465,0.9907312049433572,0.03542816611954279,,,0.8085106382978724,0.9999999999999999,0.5339403973509933
0.10318885447524488,0.0,0.6466275659824048,0.0,0.648148148148148,0.37842498562943094,1.0,0.04099337085906028,1.0,0.91412213740458,0.8085106382978724,0.9999999999999999,0.6034768211920529
0.08976251288638357,0.0,0.6466275659824048,0.0,,0.3753592642268634,1.0,0.0366921586992698,,0.91412213740458,0.8085106382978724,0.9999999999999999,0.6299668874172184
0.22567839812754611,0.0,0.6466275659824048,0.0,0.648148148148148,0.15462732324200046,0.9093717816683832,0.028180669097654806,1.0,0.91412213740458,0.8085106382978724,,0.7974613686534215
0.27410939522454114,0.0,0.6466275659824048,0.0,0.648148148148148,0.2090438781375743,1.0,0.030699560785312233,,0.91412213740458,0.8085106382978724,0.9999999999999999,0.7326158940397351
0.2539149204202591,0.0,0.6466275659824048,0.0,0.648148148148148,0.27572331864341826,0.8918640576725025,0.03535541834517002,1.0,,0.8085106382978724,0.9999999999999999,
0.0915525568877917,0.0,0.6466275659824048,0.0,0.648148148148148,0.350450277831002,0.9886714727085479,0.05442442870263438,1.0,0.91412213740458,0.8085106382978724,,0.5275938189845475
0.07818185210545413,0.0,0.6466275659824048,0.0,0.648148148148148,0.4123395286453343,0.9691040164778579,0.07246587674708328,1.0,0.91412213740458,0.8085106382978724,0.993771748449241,0.4243929359823399
0.05942157053600612,0.0,0.6466275659824048,0.0,0.648148148148148,,0.819773429454171,0.0944084241922724,1.0,0.91412213740458,0.8085106382978724,0.9533007211659691,0.46992273730684325
0.13006176921897614,0.0,0.6466275659824048,0.0,0.648148148148148,,0.9691040164778579,0.05823459338540864,1.0,,0.8085106382978724,,
0.09709398281755578,0.0,0.6466275659824048,0.0,,0.5043111707223605,0.9237899073120494,0.06016240940628724,1.0,0.91412213740458,0.8085106382978724,0.9999999999999999,0.3708609271523179
0.1500898955916317,0.0,0.6466275659824048,0.0,0.6337448559670781,,0.945417095777549,0.05933490347279689,1.0,0.91412213740458,0.8085106382978724,0.9999999999999999,0.4034216335540839
0.09790313306031209,0.0,0.6466275659824048,0.0,0.6337448559670781,0.5575780800919717,0.9876416065911431,0.05420618537951606,1.0,0.91412213740458,0.8085106382978724,0.9875939280851279,
0.06592939093544917,0.0,0.6466275659824048,0.0,0.6337448559670781,0.5449319793063806,,0.04975947767098003,1.0,0.91412213740458,0.8085106382978724,0.9999999999999999,0.4867549668874172
0.08616061975131359,0.0,,0.0,,0.4188541866257903,0.9886714727085479,0.04581291091125682,1.0,0.91412213740458,0.8085106382978724,0.9904180745372939,0.5019315673289184
0.43099394986258266,0.0,,0.0,0.6337448559670781,0.3625215558536118,1.0,0.03273649846775002,1.0,0.91412213740458,0.8085106382978724,0.9999999999999999,0.7963576158940397
0.1113885957809542,0.0,0.6466275659824048,,0.6337448559670781,0.43897298333014,0.7713697219361483,0.0337185934217825,1.0,0.91412213740458,0.8085106382978724,0.8518836048212215,0.7792494481236203
0.28144108995089123,0.0,0.6466275659824048,0.0,0.6337448559670781,0.46484000766430345,1.0,0.041757222489974447,,0.91412213740458,0.8085106382978724,0.9999999999999999,
0.15994042028605637,0.0,0.6466275659824048,0.0,0.6337448559670781,0.5330523088714313,1.0,0.040420482135874666,1.0,0.91412213740458,0.8085106382978724,0.9999999999999999,
,,0.6466275659824048,0.0,0.6337448559670781,,1.0,0.04632214533186625,1.0,0.91412213740458,0.8085106382978724,0.9475767814816684,0.5126931567328918
0.27869409287727487,0.0,0.6466275659824048,0.0,0.6337448559670781,,0.9588053553038105,0.052123780338095296,1.0,0.91412213740458,0.8085106382978724,0.9999999999999999,0.49779249448123614
0.46670715977137434,0.0,0.6466275659824048,,0.6337448559670781,0.37746694769112843,0.8496395468589084,0.043448608244141526,1.0,,0.8085106382978724,0.8299460386302889,0.7077814569536423
0.7633423805899254,0.0,0.6466275659824048,0.0,0.6337448559670781,0.4065913010155201,1.0,0.02689848957433459,1.0,0.91412213740458,0.8085106382978724,,0.5863686534216335
,0.0,0.6466275659824048,0.0,0.4362139917695472,0.6305805709906113,1.0,0.03054497176477007,1.0,0.91412213740458,0.8085106382978724,0.4514599828533966,0.49806843267108164
0.5746830275594392,0.0,0.6466275659824048,0.0,0.4362139917695472,0.42077026250239513,,,1.0,0.91412213740458,0.8085106382978724,0.0057491552776236824,0.23123620309050769
0.157855445011278,,0.6466275659824048,0.0,,0.5932170913968192,1.0,0.036182924278660364,1.0,0.91412213740458,0.8085106382978724,0.0875737556104695,0.5378035320088299
0.211360069272882,0.0,0.6466275659824048,0.0,0.4362139917695472,0.20444529603372297,1.0,0.03858360083296204,,0.91412213740458,0.8085106382978724,0.07178879419032728,0.9006622516556291
0.3220132476294224,0.0,0.6466275659824048,0.0,0.4362139917695472,0.3054224947307914,1.0,0.04181178332075404,1.0,0.91412213740458,0.8085106382978724,0.5311664733471179,0.5063465783664458
0.2031955084125099,0.0,0.6466275659824048,0.0,0.6049382716049384,0.5504885993485343,,0.06411806963780702,1.0,0.91412213740458,0.8085106382978724,0.06790559281859901,0.7538631346578366
0.12170276052974331,0.0,0.6466275659824048,0.0,0.6049382716049384,0.6171680398543783,0.9052523171987641,0.06273586192472423,1.0,0.91412213740458,,0.053583135811185637,0.6639072847682119
0.8264345191878419,,0.6466275659824048,0.0,0.6049382716049384,0.45909178003448925,,0.061199065191099314,1.0,,0.8085106382978724,0.040672752029855264,0.5212472406181015
,0.0,0.6466275659824048,0.0,0.685185185185185,0.4684805518298526,0.9515962924819773,0.06774636488464932,1.0,0.91412213740458,0.8085106382978724,0.8060416561601695,0.385485651214128
,0.0,0.6466275659824048,0.0,0.47119341563786,0.3998850354474036,0.8722966014418125,0.0747119642808428,1.0,0.91412213740458,0.8085106382978724,0.7343537243431338,0.3413355408388521
,0.0,0.6466275659824048,0.0,0.47119341563786,0.48706648783291817,,0.08113195536924041,1.0,0.91412213740458,0.8085106382978724,0.005547430531040396,0.5949227373068433
0.09875027368812907,0.0,0.6466275659824048,0.0,0.40946502057613154,0.3839816056715847,0.6972193614830071,0.08492393310842146,1.0,0.91412213740458,0.8085106382978724,0.008396792576529324,0.4257726269315673
0.1781949127052886,0.0,0.6466275659824048,0.0,0.6049382716049384,,,0.07092908001345834,1.0,0.91412213740458,0.8085106382978724,0.018558676685662415,0.6252759381898454
0.13758453984651883,0.0,0.6466275659824048,0.0,0.40946502057613154,0.4360988695152327,0.5849639546858908,0.07893133519446392,1.0,0.91412213740458,0.8085106382978724,0.06134953855464219,0.38520971302428253
,0.0,0.6466275659824048,0.0,0.6049382716049384,0.5060356390113049,0.780638516992791,0.06668242868444745,1.0,0.91412213740458,0.8085106382978724,0.046648847647385146,
0.09537845841761279,0.0,0.6466275659824048,0.0,0.40946502057613154,0.5340103468097336,0.8568486096807414,0.083941838154389,1.0,0.91412213740458,0.8085106382978724,0.20961722729335822,0.4390176600441501
0.11302679063970864,0.0,0.6466275659824048,0.0,,0.6269400268250623,0.94129763130793,0.087170020642181,1.0,0.91412213740458,0.8085106382978724,0.2042715215089011,0.49558498896247244
0.15631222611517515,0.0,0.6466275659824048,0.0,0.6748971193415637,0.5071852845372676,0.9485066941297631,0.09935527284962127,1.0,0.91412213740458,0.8085106382978724,0.2529376166221191,0.3708609271523179
0.12536916988086305,0.0,0.6466275659824048,0.0,0.7304526748971193,0.5878520789423259,0.9443872296601441,0.09048913784793895,1.0,0.91412213740458,0.8085106382978724,0.27618639366584297,0.5943708609271523
0.16201527977783042,0.0,0.6466275659824048,,0.7304526748971193,0.5556620042153669,0.9309989701338826,0.07938600878429379,1.0,0.91412213740458,0.8085106382978724,0.06851076705834887,
0.170517033405013,0.0,0.6466275659824048,,0.7304526748971193,,1.0,,1.0,0.91412213740458,0.8085106382978724,0.0226940339906198,0.6821192052980132
0.1536675108474913,0.0,0.6466275659824048,,0.7304526748971193,0.45487641310595894,0.8753861997940269,0.06283589011448683,1.0,0.91412213740458,0.8085106382978724,0.17305461697513744,0.8910044150110377
0.10547738178358788,0.0,0.6466275659824048,0.0,0.7304526748971193,,0.9371781668383111,0.0625267120734025,1.0,0.91412213740458,,,0.5836092715231787
0.24777801206430763,0.0,0.6466275659824048,0.0,0.7304526748971193,0.43245832534968376,0.92173017507724,0.06698251325373515,1.0,0.91412213740458,,0.9862575016390136,0.5623620309050772
0.10922640336257619,0.0,0.6466275659824048,0.0,0.7304526748971193,0.5451235868940408,0.9711637487126674,0.08506942865716706,,0.91412213740458,0.8085106382978724,0.9724141409047354,0.4908940397350993
0.06361759732619623,0.0,0.6466275659824048,0.0,0.7304526748971193,0.5092929680015329,1.0,0.0795860651638189,1.0,0.91412213740458,0.8085106382978724,0.9969489132079278,0.41004415011037526
0.14382373000840284,0.0,0.6466275659824048,0.0,,0.4393561985054609,0.9649845520082388,0.06965599396193474,1.0,0.91412213740458,0.8085106382978724,0.6056785516163196,0.6087196467991169
0.11987742368540903,0.0,0.6466275659824048,0.0,0.7304526748971193,0.555278789040046,0.9464469618949536,0.07804926843019398,1.0,0.91412213740458,0.8085106382978724,0.10777144586212113,0.613962472406181
,0.0,0.6466275659824048,0.0,0.7304526748971193,0.5326690936961104,0.9629248197734295,0.08569687821113224,1.0,0.91412213740458,0.8085106382978724,0.801074184275556,0.44315673289183216
0.11148188577977175,0.0,0.6466275659824048,0.0,0.7304526748971193,0.515424410806668,,0.09715465267484473,1.0,0.91412213740458,0.8085106382978724,0.9788693327954007,0.4059050772626932
0.10478568702127058,0.0,0.6466275659824048,0.0,0.6748971193415637,0.5027783100210766,0.9866117404737385,0.10293810073748057,1.0,0.91412213740458,0.8085106382978724,0.9999999999999999,
,0.0,0.6466275659824048,0.0,0.6748971193415637,0.5472312703583061,0.9824922760041195,0.09597250134128711,1.0,0.91412213740458,0.8085106382978724,0.7662766654899389,0.4850993377483443
0.07543451783907093,0.0,0.6466275659824048,,0.6748971193415637,0.6108449894615827,0.9237899073120494,0.10857605325137083,1.0,0.91412213740458,0.8085106382978724,0.0,
0.0571412482516555,0.0,0.6466275659824048,,0.6748971193415637,0.5242383598390495,,0.1126317416726532,1.0,0.91412213740458,0.8085106382978724,0.9702203842856422,0.4288079470198675
0.09263550765719814,0.0,,0.0,0.6748971193415637,0.7342402759149261,0.9927909371781669,0.12031572534077788,1.0,0.91412213740458,0.8085106382978724,0.9469716072419184,0.4141832229580573
0.10685987212751101,0.0,0.6466275659824048,,0.6748971193415637,0.6068212301207127,0.9392378990731204,0.12426229210050109,1.0,,0.8085106382978724,,0.46854304635761584
0.05240548823939068,,0.6466275659824048,,0.6748971193415637,0.4627323242000384,0.8753861997940269,0.13194627576862572,1.0,,0.8085106382978724,0.025619042816077464,0.4768211920529802
,0.0,0.6466275659824048,0.0,0.6748971193415637,0.4550680206936194,0.7971163748712667,,1.0,0.91412213740458,0.8085106382978724,0.008018558676685661,0.4197019867549669
0.07637247571874886,0.0,0.6466275659824048,0.0,0.6748971193415637,0.48285112090438786,0.839340885684861,,1.0,0.91412213740458,0.8085106382978724,0.9999999999999999,0.35789183222958054
,0.0,,0.0,0.6748971193415637,0.60164782525388,0.8970133882595263,0.13348307250225067,1.0,0.91412213740458,0.8085106382978724,0.6427706893943215,0.40535320088300225
0.06535728720776066,0.0,0.6466275659824048,0.0,0.6748971193415637,0.5656255987737114,0.8959835221421216,0.1520428484391056,1.0,0.91412213740458,0.8085106382978724,0.9922335972565435,0.23620309050772625
0.08804103141422692,0.0,0.6466275659824048,0.0,0.5555555555555557,0.5073768921249281,0.6436663233779609,0.16675608580599988,,0.91412213740458,0.8085106382978724,0.9999999999999999,0.3170529801324503
0.04235882975227122,0.0,0.6466275659824048,0.0,,0.45813374209618696,,0.15839918522492702,1.0,,0.8085106382978724,0.05469262191739372,0.4254966887417218
0.1749960773241461,0.0,0.6466275659824048,0.0,0.40123456790123446,0.4531519448170148,0.7013388259526261,0.16175467631787138,1.0,0.91412213740458,0.8085106382978724,0.928992889202683,0.4525386313465783
0.04880831580305605,0.0,0.6466275659824048,0.0,0.40123456790123446,0.4993293734431884,0.835221421215242,0.17312151606361792,1.0,0.91412213740458,0.8085106382978724,0.9999999999999999,0.401766004415011
0.04004006749250421,0.0,0.6466275659824048,,0.40123456790123446,0.5510634221115157,0.7425334706488156,0.16067255317407636,1.0,0.91412213740458,0.8085106382978724,0.9910988955570125,0.3485099337748344
0.05215888792926325,0.0,0.6466275659824048,0.0,0.47119341563786,0.6551063422111517,0.666323377960865,0.12760868972164885,1.0,0.91412213740458,0.8085106382978724,0.943970951636492,0.2740066225165563
0.09047410202194271,0.0,0.6466275659824048,0.0,0.40946502057613154,,0.9526261585993822,0.11823332029935711,1.0,0.91412213740458,0.8085106382978724,0.8882444903928589,0.4528145695364238
0.07178609210218109,0.0,0.6466275659824048,0.0,0.40946502057613154,0.4983713355048859,0.9732234809474769,0.09788213041857251,1.0,0.91412213740458,0.8085106382978724,0.7626204044581169,0.6172737306843268
0.05468243859607319,0.0,0.6466275659824048,0.0,0.47119341563786,0.5600689787315577,0.9340885684860968,0.10691194791259355,1.0,0.91412213740458,0.8085106382978724,0.9982601240607191,0.46771523178807944
0.16878835848716442,0.0,0.6466275659824048,0.0,0.47119341563786,0.3339720252922017,0.972193614830072,0.08830670461675562,1.0,0.91412213740458,0.8085106382978724,0.8804276564627567,0.63962472406181
0.16103629677819056,0.0,0.6466275659824048,,0.47119341563786,0.5112090438781375,0.8764160659114315,,1.0,0.91412213740458,0.8085106382978724,0.965757224267487,0.3140176600441501
0.06538943291819659,0.0,0.6466275659824048,0.0,0.30246913580246926,,0.6364572605561277,0.20865880384471985,1.0,0.91412213740458,0.8085106382978724,0.9999999999999999,0.24862030905077265
0.06408753164554117,0.0,0.6466275659824048,0.0,0.30246913580246926,0.6110365970492432,0.741503604531411,0.20024734243286746,1.0,0.91412213740458,0.8085106382978724,,0.16583885209713026
0.06434582130491803,0.0,0.6466275659824048,0.0,0.30246913580246926,0.6706265568116497,0.7631307929969104,0.20742209168038267,1.0,0.91412213740458,,0.9959150738816884,0.1456953642384106
0.026663518035541914,0.0,0.6466275659824048,0.0,,,0.4016477857878476,0.23592103229091838,1.0,0.91412213740458,0.8085106382978724,0.9340107922739422,0.320364238410596
,0.0,0.6466275659824048,0.0,0.40740740740740733,0.5271124736539566,0.5046343975283213,0.2602642562904091,1.0,0.91412213740458,0.8085106382978724,0.9791214887286298,0.24420529801324503
0.06390286240691793,0.0,0.6466275659824048,0.0,0.40740740740740733,0.48917417129718344,0.791967044284243,0.21972555902117868,1.0,0.91412213740458,0.8085106382978724,0.9893590196177316,0.36561810154525387
0.054280729613212925,0.0,0.6466275659824048,0.0,0.40740740740740733,,0.518022657054583,0.18393365402977202,1.0,0.91412213740458,0.8085106382978724,0.9781128649957135,0.2682119205298013
,0.0,1.0,0.0,0.4609053497942387,0.36271316344127225,,,0.13043478260869565,1.0,0.7978723404255321,0.9954359776085531,
0.001989999312126756,0.0,,0.0,0.4609053497942387,0.35504885993485324,0.9824922760041195,0.056906946503105446,0.13043478260869565,1.0,,0.866735589288416,0.6136865342163356
0.002260765103875604,0.0,1.0,0.0,0.4609053497942387,0.2935428242958421,0.9794026776519054,0.06301775955041876,0.13043478260869565,1.0,0.7978723404255321,0.8021332391951183,0.7712472406181015
0.0011174568292100654,0.0,1.0,0.0,0.4609053497942387,0.4640735773136616,0.9876416065911431,0.06715528921787052,0.13043478260869565,1.0,0.7978723404255321,0.9828786121337435,0.4508830022075055
,0.0,1.0,0.0,0.4609053497942387,0.4640735773136616,0.8300720906282183,0.08914330402204261,0.13043478260869565,1.0,0.7978723404255321,0.9999999999999999,0.3206401766004415
0.0031839988994028096,0.0,0.33834310850439886,,0.41152263374485576,0.350450277831002,0.7209062821833162,,0.21739130434782608,0.38931297709923657,,0.9999999999999999,0.5355960264900663
0.0029454912156788343,0.0,0.33834310850439886,0.0,0.41152263374485576,0.42785974324583254,0.6972193614830071,,0.21739130434782608,0.38931297709923657,0.7021276595744679,,0.3413355408388521
0.00261661587044964,0.0,0.33834310850439886,,0.41152263374485576,0.47097145046943856,0.6426364572605561,0.11635097163746148,0.21739130434782608,0.38931297709923657,,0.9999999999999999,0.3087748344370861
0.0004377886089089926,0.0,0.42045454545454547,0.0,0.3868312757201645,0.4903238168231462,0.7600411946446962,,0.0,,0.8936170212765959,,0.20281456953642385
0.0006118924741721581,0.0,0.42045454545454547,0.0,0.3868312757201645,0.6543399118605097,0.9073120494335736,0.09438114377688257,0.0,,,0.9999999999999999,0.10789183222958057
0.0011607299009507488,0.0,0.42045454545454547,0.0,0.3868312757201645,0.6194673309063038,0.8898043254376931,0.11451409033454883,,0.1641221374045801,0.8936170212765959,0.9913006203035958,0.13107064017660044
0.0004618416929414764,0.0,0.42045454545454547,0.0,0.3868312757201645,0.4730791339337038,0.8022657054582903,0.12507161109039822,0.0,0.1641221374045801,0.8936170212765959,0.9999999999999999,0.1697019867549669
