0
480.48
445.75
453.09
464.43
470.96
442.35
464.0
428.77
484.31
435.29
451.41
480.66
460.17
453.13
461.71
471.08
473.74
448.56
464.82
427.28
474.71
467.21
452.16
429.87
468.82
442.85
483.26
433.59
433.04
458.6
443.2
477.9
435.57
462.28
441.81
454.16
440.0
429.41
464.95
437.15
442.22
441.03
468.91
432.46
430.07
457.71
438.32
434.35
427.05
475.88
479.28
441.5
433.26
455.14
431.26
437.76
464.63
462.58
483.27
431.03
484.0
451.78
467.23
459.81
447.15
442.0
449.61
481.28
475.52
458.68
446.08
481.96
479.66
435.28
434.86
435.72
454.14
455.76
442.83
449.47
445.76
473.57
435.75
437.96
444.21
459.47
435.68
449.2
463.93
465.82
471.6
427.72
454.57
489.79
481.78
443.57
457.9
451.19
486.68
445.72
470.87
448.15
476.03
456.18
473.64
463.64
452.06
466.93
458.87
432.72
472.9
457.83
462.05
445.3
435.94
472.71
464.5
449.77
435.04
472.47
434.62
430.64
447.16
470.41
468.37
483.59
432.74
438.11
484.75
445.82
459.76
445.3
486.9
454.89
441.19
435.04
442.16
442.49
471.42
487.0
479.56
429.57
489.26
435.62
443.84
447.26
475.01
445.11
450.35
446.14
468.57
461.55
468.02
447.18
428.27
460.6
436.21
476.25
461.08
435.04
484.78
452.17
434.47
436.8
459.76
468.81
454.29
442.8
445.52
447.43
437.31
440.03
466.24
440.21
475.17
466.95
433.34
485.19
450.96
446.05
469.31
479.01
432.46
458.59
440.13
432.43
455.07
431.99
439.22
433.14
483.95
478.29
453.08
480.96
437.19
478.02
456.07
435.31
431.69
435.66
488.05
429.13
465.61
479.23
472.32
487.57
449.08
474.16
454.25
429.85
434.04
470.84
473.94
437.42
457.12
457.49
443.41
445.27
487.33
437.14
439.96
436.88
438.62
470.55
454.41
479.15
458.67
444.16
489.09
471.43
455.24
445.49
430.56
443.15
474.22
445.71
491.29
437.87
467.44
448.24
478.12
465.44
445.65
437.4
455.66
449.36
436.26
452.99
481.83
433.08
446.87
463.03
430.91
430.34
462.46
460.08
436.38
460.7
467.46
440.27
454.32
442.48
435.76
439.56
467.0
462.6
448.46
449.74
439.29
473.2
491.49
461.38
461.74
489.54
477.61
474.93
447.89
481.02
470.68
443.31
438.9
446.72
449.68
451.97
479.61
453.76
430.28
442.39
474.57
466.33
460.44
445.04
432.85
439.37
433.63
445.1
433.01
454.46
441.53
479.15
438.18
447.45
460.01
432.3
450.23
481.08
460.57
478.24
431.83
469.33
442.77
447.8
436.19
441.56
463.33
470.53
450.7
432.78
451.09
457.07
473.43
437.39
450.86
435.12
432.6
486.46
468.14
429.08
443.7
433.84
442.65
446.26
443.71
441.25
473.31
460.54
482.31
434.45
464.87
446.33
439.0
466.24
445.92
472.06
485.58
431.84
483.14
429.31
443.87
476.9
445.56
434.97
431.18
444.0
467.97
451.79
467.1
438.5
465.24
472.14
437.44
477.27
439.31
479.32
444.96
429.28
431.66
477.8
440.86
465.29
467.0
452.0
474.72
482.39
478.45
466.88
485.61
487.71
483.26
476.69
450.4
439.39
439.13
472.43
434.14
450.3
470.99
481.41
490.23
457.64
437.35
474.03
478.29
454.06
430.46
435.75
452.82
475.04
464.07
455.86
448.77
429.86
443.81
430.15
452.8
432.19
442.19
439.01
432.92
441.79
474.6
454.53
470.38
456.49
440.15
481.89
454.09
440.61
456.97
481.92
445.89
485.18
440.94
456.77
454.2
452.84
471.43
430.32
443.85
463.67
462.44
460.59
448.11
479.13
439.51
458.8
460.2
459.84
444.78
489.8
434.74
431.73
435.23
437.46
440.8
426.53
458.41
466.03
474.74
479.83
456.4
455.32
449.54
444.39
475.87
483.43
458.93
430.9
446.4
434.53
442.84
425.28
451.86
431.72
476.42
469.35
466.77
487.17
481.37
440.92
434.64
442.5
440.26
473.67
466.45
432.18
463.5
434.24
432.88
452.26
438.64
450.23
483.31
485.1
470.84
450.25
465.6
429.92
474.27
472.7
435.46
443.75
435.53
463.35
450.48
467.22
438.69
486.4
441.22
452.0
473.54
440.07
468.29
458.67
468.87
438.73
469.06
453.79
460.64
462.67
427.2
474.68
471.17
464.02
468.37
459.87
455.53
435.88
442.45
475.86
477.51
439.16
445.51
474.51
462.55
490.78
438.08
440.75
476.12
446.58
455.5
435.93
432.49
441.2
447.84
435.31
454.25
464.81
439.73
440.27
483.62
431.16
428.24
454.65
467.61
449.48
457.57
445.9
448.58
475.46
463.17
446.56
476.97
446.66
446.62
446.63
466.2
449.66
454.47
438.82
443.61
446.7
457.17
464.79
466.24
447.06
445.31
437.76
438.09
428.54
438.95
477.32
475.51
427.77
432.44
447.26
466.15
478.37
473.84
442.23
474.45
445.82
443.88
441.08
452.1
455.35
442.47
448.84
464.88
447.26
471.49
433.46
473.33
477.22
441.66
457.74
440.52
440.74
438.2
430.11
457.44
430.8
472.55
433.71
475.33
430.48
452.21
445.09
480.84
466.51
440.0
436.67
431.0
481.09
443.72
451.11
465.93
435.51
459.06
445.22
430.42
466.08
436.16
443.58
430.05
448.65
442.69
442.96
481.59
483.12
472.46
481.46
477.74
465.49
455.29
436.02
469.02
466.56
433.1
433.53
437.95
471.38
435.05
434.88
479.91
472.45
467.05
471.05
458.75
436.95
434.6
446.17
451.94
458.25
446.05
442.88
452.5
458.66
440.3
428.42
426.79
434.75
472.36
426.69
430.87
438.83
432.35
433.89
437.55
471.91
449.79
426.9
464.13
491.38
426.46
438.22
430.12
455.63
429.15
451.75
441.68
454.2
436.7
474.97
456.25
431.24
465.8
463.29
453.5
444.71
445.35
454.44
425.48
432.82
477.49
470.88
430.81
463.09
434.43
461.12
442.51
478.31
471.33
476.67
451.38
449.59
458.26
471.55
471.46
464.5
460.95
430.32
433.09
430.7
478.66
445.21
468.94
431.23
484.19
433.35
474.32
474.17
479.2
429.99
442.25
439.93
439.84
464.81
442.25
477.78
446.57
455.79
476.61
472.11
430.72
465.64
430.81
450.25
438.51
452.11
434.59
440.09
427.21
469.5
483.56
437.9
437.35
440.75
436.36
442.18
475.9
429.38
476.71
443.06
435.66
444.71
481.29
464.12
457.92
465.64
457.53
479.95
435.36
457.89
459.23
442.03
431.97
477.38
429.84
440.58
439.55
440.74
488.58
446.04
454.78
436.25
432.88
462.16
478.06
439.81
434.01
444.64
477.53
429.02
428.87
477.73
477.52
456.83
441.99
471.73
477.62
447.49
473.59
484.45
427.67
478.02
444.82
461.96
443.02
433.13
459.1
477.38
448.51
488.63
471.97
480.07
437.14
462.58
437.75
450.98
473.26
434.08
480.47
439.48
442.24
449.48
449.77
486.15
466.79
471.93
456.57
449.54
443.82
435.06
432.09
456.21
452.96
462.07
461.15
477.8
438.79
452.57
453.02
463.44
471.15
466.17
437.95
472.68
470.77
440.67
479.88
471.61
433.4
454.16
466.74
438.05
475.42
431.09
444.86
460.14
435.14
441.92
438.24
433.57
435.97
469.9
440.1
480.63
448.83
460.97
475.42
466.71
462.67
465.99
444.19
464.95
464.59
494.43
465.78
458.61
431.53
461.61
444.5
456.28
476.49
431.18
443.25
445.37
472.5
472.79
478.52
494.24
439.56
447.78
476.24
442.2
449.73
433.75
451.9
430.58
454.4
441.93
437.42
446.86
436.58
466.05
432.13
477.26
438.52
443.04
438.15
437.17
436.17
447.36
441.36
482.46
443.01
463.57
470.92
452.12
458.78
450.33
445.61
473.51
468.84
433.25
440.74
449.84
436.33
450.48
472.82
465.81
425.74
439.68
473.57
470.98
459.77
444.98
464.9
453.27
437.47
425.98
434.28
440.79
441.21
475.77
461.86
495.35
450.72
466.95
436.92
480.99
469.57
469.68
433.07
464.93
483.39
431.36
475.09
438.28
479.58
470.9
455.31
455.02
463.86
444.07
435.9
466.33
448.06
446.62
457.28
484.33
430.31
481.44
453.9
448.69
460.33
487.35
472.19
472.9
456.41
441.68
452.86
454.66
461.87
450.53
437.63
452.2
481.18
452.28
436.44
469.34
439.84
438.25
458.19
440.29
469.93
449.01
475.79
460.1
430.37
438.17
465.32
488.67
472.04
466.47
465.85
471.89
494.91
433.34
437.87
481.66
466.99
456.29
436.0
452.83
460.35
466.27
446.75
445.22
454.9
440.69
477.93
427.04
476.32
444.95
478.86
429.62
430.12
432.84
429.84
460.33
473.75
434.48
439.87
431.96
447.7
451.8
430.88
445.41
437.93
429.64
441.2
450.57
431.93
482.57
443.75
444.19
450.06
467.32
446.23
431.59
433.39
446.44
452.56
464.23
473.66
442.48
440.22
434.73
446.5
445.09
465.87
452.93
458.58
449.26
441.58
471.32
482.98
455.28
427.61
462.1
475.51
439.65
444.66
483.17
436.62
472.01
477.0
470.39
434.21
459.65
444.88
440.66
454.54
462.72
480.59
492.39
451.21
444.49
481.88
439.63
445.6
463.72
443.99
468.88
431.58
478.03
480.38
479.48
464.17
454.35
490.02
476.87
470.88
454.1
438.63
446.33
470.59
461.73
486.76
464.38
473.05
444.61
433.13
444.14
436.62
442.5
475.61
438.04
452.57
430.55
439.91
479.33
444.53
474.28
438.26
478.05
441.13
463.11
484.91
453.87
434.72
456.4
441.08
442.21
473.86
480.38
453.64
452.64
440.02
429.2
441.16
452.77
475.59
477.67
434.1
437.32
447.58
444.6
430.55
484.5
476.87
459.85
465.38
439.9
459.0
436.99
462.74
440.04
451.05
491.23
438.61
451.06
457.94
472.5
485.04
469.8
446.08
480.97
476.29
448.43
434.0
481.58
486.86
485.73
474.91
437.8
486.03
429.8
431.69
474.79
430.82
433.49
491.37
469.03
449.6
463.54
431.93
456.72
479.06
434.24
478.8
450.18
485.03
486.84
470.18
442.76
435.32
480.59
466.01
449.61
446.46
440.81
482.3
446.05
473.22
481.44
443.94
447.31
430.85
488.54
463.1
463.65
446.05
472.41
471.61
437.21
464.14
437.04
466.24
476.74
467.4
438.73
444.31
436.71
479.66
469.44
474.87
466.02
427.83
471.59
427.69
440.52
440.86
451.1
442.19
486.46
459.98
436.46
443.66
462.19
440.58
466.17
438.91
447.93
452.89
431.07
442.56
429.97
438.73
454.34
443.18
435.94
448.61
477.78
478.52
464.26
430.42
443.53
487.45
453.32
484.03
449.58
485.98
443.06
454.76
468.35
430.62
427.63
450.05
443.12
438.41
440.96
467.79
434.65
448.39
459.8
448.72
447.13
435.9
448.32
442.35
461.73
448.92
479.87
485.08
438.64
469.69
456.13
468.49
469.02
475.02
426.29
465.58
434.83
437.9
427.9
446.17
441.75
471.07
479.65
455.96
476.99
484.55
445.58
472.11
445.87
449.21
439.73
468.88
433.73
426.82
442.48
437.96
438.5
436.94
446.33
429.5
440.04
447.88
456.08
442.43
468.8
436.82
440.43
461.27
431.77
473.99
474.58
473.99
457.3
464.5
472.46
444.48
487.63
469.37
435.9
433.89
466.7
464.74
476.12
464.36
473.63
434.02
489.86
453.03
478.43
466.22
451.43
467.83
436.18
434.88
490.34
469.86
434.93
480.05
440.7
457.11
435.64
454.94
468.4
468.67
434.3
451.81
430.8
428.0
436.56
483.61
464.72
460.84
465.45
464.25
470.8
491.81
446.96
449.7
450.88
440.99
435.56
434.27
444.57
433.31
444.99
440.29
476.37
468.47
436.08
495.24
457.26
434.67
431.18
443.61
471.49
465.24
489.95
442.81
473.01
447.95
475.7
448.93
440.43
445.85
489.6
432.67
434.66
482.36
450.08
438.33
464.2
440.65
463.65
439.27
472.62
467.45
431.11
481.56
463.77
471.26
477.02
462.32
462.08
485.11
435.66
435.47
448.1
463.18
445.0
472.61
456.59
463.37
480.14
444.4
484.08
457.53
488.92
434.09
437.11
456.17
446.62
467.33
461.31
478.21
441.15
480.04
431.84
470.44
443.86
428.27
475.07
451.5
472.95
454.4
452.34
469.34
452.52
464.19
431.21
471.44
438.14
441.22
466.83
430.41
433.48
431.77
477.23
445.76
447.89
445.68
454.99
467.81
436.46
439.33
467.28
438.5
482.26
455.8
432.68
440.51
449.01
440.68
466.64
432.33
482.02
475.74
490.41
434.95
450.62
465.09
439.4
432.13
448.22
438.97
450.88
448.75
463.9
462.11
442.84
462.48
430.49
461.96
447.48
474.08
459.79
484.9
432.98
449.58
466.67
436.23
447.59
490.03
441.99
461.8
470.04
454.02
458.12
443.94
466.68
435.48
486.18
465.89
464.77
477.94
441.04
455.5
474.81
472.84
479.94
475.06
431.54
444.54
477.69
458.59
458.63
446.28
464.72
443.73
449.93
456.12
448.54
442.96
448.13
448.52
478.53
431.33
440.56
434.82
432.06
446.61
445.65
454.78
435.52
434.91
478.58
468.43
447.88
431.62
465.78
470.86
460.87
474.69
470.29
479.18
440.6
486.08
438.26
452.82
441.53
468.22
468.09
441.64
469.69
448.72
480.05
463.6
448.15
439.63
441.17
439.46
433.47
435.47
469.17
457.94
468.63
439.16
449.99
449.06
460.07
427.51
463.78
425.82
427.95
436.36
440.59
432.91
435.23
435.64
446.23
474.47
445.12
426.86
484.21
470.97
475.01
467.29
441.85
447.62
434.8
479.3
470.22
481.88
433.47
460.43
492.06
483.17
480.69
448.43
466.49
481.96
446.49
431.33
476.84
464.7
463.4
470.37
474.61
459.61
440.12
431.57
438.25
462.94
476.7
479.66
440.5
436.4
468.33
477.18
462.6
468.27
475.74
446.74
455.97
459.83
469.27
473.84
461.07
446.57
470.39
458.69
475.58
428.9
479.78
442.58
464.6
435.02
465.2
479.32
476.72
462.69
447.07
445.82
464.85
454.51
437.73
435.96
445.37
447.1
425.72
488.13
464.82
453.76
459.89
470.67
485.92
475.24
436.15
446.84
430.37
435.15
430.46
438.96
430.47
468.15
433.3
435.4
459.64
478.73
471.47
462.4
459.62
435.13
434.78
450.6
441.92
430.82
461.64
435.51
483.03
437.26
447.65
444.44
463.77
440.78
451.77
472.45
447.15
431.26
469.41
443.93
465.65
475.21
479.53
479.03
434.64
472.77
447.03
462.64
465.78
481.52
486.39
474.57
479.24
433.43
440.64
444.05
471.09
450.53
438.29
457.8
433.25
447.92
457.74
442.74
473.28
456.84
434.65
471.0
436.68
478.13
451.82
471.87
466.01
429.97
456.61
430.63
467.41
484.0
461.7
427.11
488.7
476.5
440.2
464.3
479.86
430.66
436.43
460.49
481.46
481.46
482.05
456.18
430.67
441.35
456.18
441.6
448.22
469.85
484.47
467.02
451.79
433.14
470.95
433.75
469.27
431.39
444.64
459.96
438.76
427.91
458.46
441.07
429.86
487.48
435.59
444.15
445.8
448.91
442.23
441.54
451.95
467.37
447.41
446.3
430.53
426.1
475.66
440.35
476.89
452.57
434.2
433.28
437.91
471.08
451.28
483.12
455.37
480.54
465.13
438.28
480.47
487.36
436.82
455.86
459.18
460.24
427.39
465.14
426.96
442.02
453.95
472.63
452.46
440.52
452.29
442.39
437.59
447.77
478.68
439.8
465.72
481.95
459.25
461.16
431.12
475.47
487.03
434.98
466.0
457.53
437.62
462.51
486.14
456.87
455.04
456.84
454.11
436.53
439.73
437.7
463.26
428.06
469.67
450.04
435.21
447.02
485.76
441.91
431.14
465.82
439.06
433.37
431.32
429.94
453.02
436.04
428.85
457.72
459.78
455.88
444.17
448.49
482.83
443.87
465.41
451.0
440.6
489.4
470.66
443.27
468.13
476.4
465.08
429.27
453.29
448.79
441.21
440.88
444.38
454.4
427.45
472.65
471.24
438.23
447.14
465.46
436.51
473.3
468.27
473.73
479.65
470.8
459.9
462.37
473.76
470.37
433.47
435.38
432.68
465.42
443.45
482.38
481.95
468.83
480.71
473.88
432.21
471.95
431.02
483.79
432.38
434.95
425.55
446.8
438.01
436.29
439.48
474.4
442.75
434.85
442.23
441.43
443.95
446.93
448.85
487.33
461.05
488.5
425.34
433.76
432.47
431.19
468.86
477.51
429.21
454.67
479.64
433.11
433.71
469.54
443.22
462.3
430.38
441.03
449.94
449.54
438.38
444.39
465.89
429.66
467.72
464.18
433.35
446.93
445.59
444.65
475.58
466.69
467.04
437.26
437.81
464.93
437.35
472.27
461.97
441.86
436.83
473.56
474.03
471.84
472.3
453.13
430.71
440.48
437.58
461.58
465.74
450.69
428.69
464.7
449.59
457.41
447.02
471.62
474.07
436.67
464.57
467.21
437.29
456.54
465.07
472.19
448.71
438.91
447.81
460.86
459.09
465.29
463.89
437.78
473.29
443.28
430.5
441.32
465.74
452.75
464.0
453.99
433.45
463.96
472.9
466.29
436.51
481.13
455.44
432.28
445.49
484.12
440.99
426.66
452.38
440.58
479.98
451.13
448.2
476.1
467.22
449.38
471.96
430.38
433.08
445.52
460.81
428.89
454.26
469.52
444.7
442.85
434.01
479.61
478.81
456.25
454.25
460.19
441.05
426.35
437.81
473.68
431.96
436.31
427.1
480.29
430.16
433.06
466.72
474.81
432.94
460.07
443.5
438.31
428.71
476.12
443.73
434.83
478.16
434.09
442.31
447.06
438.34
489.96
435.09
433.75
469.02
444.95
486.94
447.89
477.57
428.94
444.56
440.93
482.77
448.04
445.98
468.23
432.07
444.34
468.57
488.69
458.29
448.61
436.95
467.01
459.86
441.13
430.29
453.86
447.14
452.64
446.76
448.87
445.92
447.09
473.46
433.04
448.04
437.82
445.37
480.39
463.88
432.2
489.1
478.61
477.2
475.51
431.7
470.63
442.54
425.89
435.41
432.92
457.68
439.67
448.39
494.84
430.54
473.98
445.61
474.49
463.52
457.33
440.52
448.83
431.22
483.63
463.3
453.77
466.78
437.07
430.96
450.65
449.48
459.15
465.64
445.1
462.5
435.34
470.17
462.51
450.87
430.36
471.71
467.92
464.27
464.16
447.92
439.51
468.64
475.29
431.39
465.14
464.03
439.3
447.83
444.26
433.9
479.32
454.06
440.76
439.9
470.9
455.41
454.94
434.68
434.5
433.44
449.6
465.76
444.06
434.43
473.36
437.4
445.39
440.49
463.89
426.87
442.53
431.99
431.26
466.7
475.61
432.93
474.45
466.72
436.88
426.58
469.28
470.39
464.61
459.26
466.6
450.38
486.5
462.11
462.84
444.11
467.57
453.24
454.19
455.49
438.49
484.14
438.54
465.6
435.01
455.7
461.96
462.28
442.44
438.85
432.46
470.57
453.22
480.92
468.55
430.46
466.06
449.74
485.01
436.3
453.67
465.25
464.67
432.94
447.34
437.37
426.6
438.72
453.34
468.8
465.37
437.41
435.58
438.55
442.42
445.67
452.79
477.71
445.54
457.01
467.3
436.06
467.14
453.2
444.63
439.72
439.78
434.23
441.66
473.72
462.49
442.14
480.49
483.27
451.35
461.21
443.94
464.37
432.69
449.91
477.5
434.99
483.54
435.48
452.66
468.01
470.11
458.47
433.03
444.57
439.43
441.08
456.06
430.61
467.71
470.23
432.53
443.98
430.18
445.93
435.78
448.46
436.21
458.75
437.57
430.82
466.83
453.46
458.72
427.76
430.41
465.37
463.4
430.53
466.83
439.28
445.07
482.47
474.75
439.14
464.67
449.44
442.83
438.24
479.45
430.55
469.57
468.58
446.46
429.47
447.03
443.54
453.77
434.94
436.79
457.74
432.8
429.18
449.81
436.65
464.88
445.66
460.48
436.32
438.42
445.19
434.99
446.1
474.8
465.33
464.76
453.54
466.15
461.36
486.01
443.75
469.0
454.74
454.37
465.01
442.02
471.42
462.13
436.75
456.94
493.16
468.37
461.63
465.73
442.9
458.1
440.53
443.35
463.81
452.33
435.25
455.13
444.9
440.9
437.96
437.58
459.1
490.5
432.75
455.37
432.25
456.7
435.95
486.84
435.54
468.4
444.8
452.82
444.66
463.07
434.64
446.16
469.63
443.89
455.32
464.46
485.36
447.3
453.99
456.91
481.93
487.79
430.69
449.59
477.3
455.38
455.59
481.05
434.97
428.98
452.55
462.58
464.6
438.09
471.56
450.99
475.73
439.51
429.84
441.0
442.9
466.87
440.17
453.18
442.04
455.34
488.56
464.07
459.27
451.26
476.04
474.9
477.14
447.37
444.9
452.7
483.59
474.03
457.12
474.72
457.32
468.36
465.82
443.66
456.28
463.51
473.88
459.01
449.33
453.19
434.01
481.03
448.37
438.62
471.99
444.13
447.36
467.18
439.46
468.45
432.52
487.3
467.87
457.88
455.42
441.16
469.3
460.46
464.25
463.62
484.22
464.55
458.36
466.69
460.66
442.37
477.76
433.39
467.89
433.29
469.23
448.5
433.24
436.89
486.3
457.1
437.26
464.17
443.87
427.65
478.19
430.75
437.98
433.07
454.36
449.23
446.77
478.45
443.44
463.71
441.73
484.64
439.94
462.4
450.55
442.28
432.11
469.9
437.65
481.23
434.47
469.08
430.19
484.45
444.69
425.91
463.99
479.21
482.96
444.83
431.25
443.78
479.78
440.44
463.99
449.22
437.35
439.39
434.89
486.36
465.5
446.34
443.43
478.37
464.14
440.26
473.08
442.03
462.86
440.32
489.66
486.07
429.32
448.32
439.66
482.52
444.36
429.66
441.37
427.96
470.41
486.37
449.13
440.09
466.96
460.0
478.95
435.72
442.75
442.27
444.06
452.85
457.26
445.12
479.65
445.32
440.54
444.03
473.46
460.8
463.08
487.19
488.02
451.06
484.09
459.91
431.35
456.04
431.74
436.42
467.5
468.88
434.6
430.57
434.15
461.81
452.09
457.26
472.51
451.09
466.39
447.96
487.07
472.64
434.51
443.92
469.92
474.71
470.35
446.32
437.03
442.6
451.58
444.23
449.04
443.03
449.82
433.81
432.59
436.17
441.01
448.46
435.71
450.24
466.75
439.45
445.75
477.54
457.85
473.76
485.57
431.68
471.42
441.8
426.52
455.81
456.64
421.57
435.67
432.89
443.1
464.32
452.06
460.18
449.11
450.07
448.64
467.6
445.27
451.03
450.6
478.1
454.66
483.43
457.09
440.62
481.34
442.71
459.59
470.22
481.03
451.42
456.16
476.28
471.42
436.61
449.63
445.34
479.08
471.32
436.24
463.5
460.76
435.78
477.18
465.53
469.02
444.88
449.82
468.22
431.32
484.98
458.49
452.19
478.82
462.96
457.6
456.81
476.04
475.07
485.18
451.95
483.38
425.3
436.67
438.54
474.79
467.23
456.25
438.5
439.86
483.16
442.98
456.2
433.74
457.76
471.3
477.14
469.79
438.88
444.64
480.83
437.78
439.52
428.79
444.34
465.62
432.3
449.95
429.67
470.91
471.8
434.08
464.63
440.98
473.48
460.77
451.39
456.36
470.76
430.91
436.7
443.23
479.08
464.38
431.7
439.12
438.12
473.97
436.94
433.01
448.86
438.99
452.5
469.37
438.87
440.92
434.76
443.31
483.01
470.49
462.52
486.7
442.58
442.94
446.02
468.14
442.28
484.13
442.08
473.09
456.8
464.56
485.24
449.54
465.58
442.73
433.21
470.49
458.75
445.31
444.19
465.14
450.81
487.8
460.54
472.72
459.12
481.61
471.26
450.22
476.83
460.75
438.6
446.92
445.87
478.27
441.37
440.03
430.44
436.03
434.83
438.49
438.25
434.54
466.06
446.79
466.66
452.32
446.3
429.31
436.33
447.04
463.86
453.27
473.45
428.62
464.44
468.19
432.84
465.0
470.48
450.26
483.11
457.74
469.51
432.65
426.13
456.91
446.64
465.7
434.32
471.92
469.6
465.24
454.47
433.62
466.89
441.62
470.71
439.6
432.45
434.56
463.83
435.38
441.6
427.06
447.25
458.96
485.3
443.04
482.55
478.48
437.71
469.13
433.59
432.07
444.19
438.29
425.75
436.64
464.56
447.07
454.18
484.71
439.49
445.46
429.29
443.75
463.06
479.69
474.36
437.31
476.02
434.5
452.84
462.2
469.34
452.31
447.67
444.57
432.24
445.41
435.85
447.96
434.11
479.06
444.63
459.19
450.22
444.99
483.88
441.51
459.75
449.74
448.21
439.11
446.97
447.85
444.55
430.09
473.51
447.57
453.92
477.03
461.06
443.5
467.22
478.81
428.68
458.26
433.88
472.15
476.03
491.4
449.65
468.35
462.54
466.75
467.43
439.77
446.76
448.6
446.54
437.11
485.87
432.78
449.32
460.19
457.98
439.03
463.6
459.06
433.31
474.01
469.92
446.75
480.87
482.16
474.18
467.81
469.81
432.0
461.99
444.06
450.89
441.4
435.96
468.43
438.08
436.89
443.17
475.85
441.48
427.01
457.54
462.54
461.33
442.79
430.85
438.77
479.44
463.86
485.43
473.66
449.26
443.31
432.93
455.63
484.42
438.62
484.32
439.77
441.97
479.23
447.16
467.54
487.72
462.92
483.87
486.14
457.01
433.25
455.87
471.36
431.44
481.74
447.61
445.44
451.38
490.5
437.13
450.76
440.22
445.98
486.33
476.91
459.78
453.94
441.51
444.53
473.56
433.73
482.83
440.96
432.19
485.13
440.0
437.81
451.14
438.71
481.77
435.03
488.57
448.4
425.29
435.21
425.61
443.66
445.8
444.72
440.93
477.68
435.84
438.8
434.07
446.82
439.09
435.9
454.12
457.08
435.09
467.99
448.51
438.01
464.4
436.36
451.49
435.13
467.48
449.26
475.8
471.38
478.37
459.45
456.29
458.31
430.9
455.22
433.07
484.49
438.44
433.18
449.02
469.38
466.1
466.99
466.73
481.45
438.72
444.84
444.39
436.71
465.2
477.07
454.35
435.79
469.9
489.18
462.16
463.21
463.65
474.57
461.02
438.33
462.21
436.7
468.84
469.18
445.25
454.03
451.31
455.85
471.93
460.2
467.42
465.22
451.47
489.64
434.14
484.94
447.96
442.62
464.35
435.49
451.41
431.69
438.78
449.57
428.63
452.94
436.17
434.18
465.62
439.84
471.3
453.05
443.54
441.92
440.04
452.15
446.11
446.7
479.4
446.2
443.0
443.15
453.54
453.47
438.9
456.18
462.69
476.63
475.44
441.54
448.65
482.22
467.25
447.2
483.74
447.09
442.12
487.84
447.36
431.64
436.41
451.66
464.17
429.25
446.47
445.33
487.25
429.15
468.1
433.58
466.0
444.43
437.48
446.31
484.66
429.01
428.72
469.43
442.46
440.75
433.34
483.8
442.99
441.71
487.85
475.46
467.47
491.4
439.25
442.0
465.82
480.83
450.14
460.02
442.59
480.38
459.59
460.82
467.16
439.81
464.27
430.4
436.72
453.47
478.13
447.44
458.59
434.64
460.7
450.75
454.84
465.95
485.57
434.29
475.55
476.12
450.61
482.38
429.33
447.16
457.43
446.62
467.54
489.25
450.44
449.21
447.35
445.31
453.29
432.17
474.35
456.42
460.73
449.34
456.31
435.85
454.5
444.36
472.45
439.31
434.01
434.47
481.3
444.23
435.7
449.4
472.54
474.61
483.71
469.42
460.33
470.07
442.23
467.51
475.14
464.79
436.3
432.58
477.57
452.03
432.6
452.41
485.28
464.95
433.57
488.65
474.58
467.01
450.53
435.02
437.4
442.75
443.69
456.54
431.79
461.9
452.58
448.32
478.82
426.0
456.61
484.26
434.73
458.97
457.72
449.05
430.51
435.56
465.94
456.56
477.34
443.86
476.81
445.3
464.93
471.83
439.79
483.19
429.48
439.36
434.09
455.15
468.88
453.84
456.34
483.8
479.35
443.39
443.55
448.59
439.91
477.62
465.74
445.03
431.58
440.4
435.21
457.09
444.77
465.61
441.71
474.52
434.92
450.18
428.48
439.83
435.94
446.77
440.17
454.98
440.97
481.59
484.82
437.67
441.9
442.12
450.26
457.16
446.33
442.71
426.22
440.85
473.17
485.89
455.76
432.81
470.59
473.93
456.62
442.73
442.86
434.89
439.96
433.36
439.4
426.25
433.72
434.47
430.23
468.76
489.59
463.09
459.94
459.48
431.91
434.74
442.16
438.31
479.56
487.94
459.95
430.65
460.11
442.0
437.27
473.19
440.09
441.91
479.85
436.97
442.18
481.83
434.26
468.53
441.31
458.74
453.17
437.83
438.46
466.4
474.49
427.56
446.57
438.57
448.08
463.1
464.01
443.78
476.18
449.27
469.34
431.0
449.5
475.73
440.31
473.54
471.75
467.21
437.99
446.67
482.43
436.19
431.23
462.13
432.67
495.21
467.47
453.24
478.07
426.67
436.39
434.65
481.56
485.17
434.15
438.48
466.56
468.46
440.55
475.64
439.19
435.21
472.65
460.38
463.33
453.33
475.01
426.47
433.55
449.28
438.1
439.91
433.92
475.89
468.5
457.11
445.54
469.31
438.8
463.5
437.88
436.16
440.64
459.79
465.97
443.79
483.03
438.42
432.7
431.93
470.95
433.0
443.06
434.56
428.88
462.84
447.09
472.52
458.56
450.46
436.55
430.94
433.94
449.98
447.16
450.33
441.78
492.93
436.72
453.03
434.35
441.99
446.09
445.56
460.15
485.6
477.78
475.46
472.12
461.14
431.28
440.28
428.93
436.78
448.17
446.11
476.72
463.22
454.85
435.04
435.21
456.63
442.47
432.56
445.57
459.48
472.76
439.97
456.2
466.42
441.88
473.84
434.06
441.41
467.72
469.83
474.99
443.45
449.67
462.73
478.27
442.51
453.96
437.24
450.48
426.14
438.28
491.54
437.75
434.18
465.57
443.29
432.51
448.51
482.69
436.85
430.07
483.0
462.56
437.33
452.13
432.41
459.27
442.78
464.37
432.01
450.23
480.56
463.58
437.03
433.85
436.92
474.36
455.6
439.82
437.42
439.94
450.07
470.63
462.67
428.34
431.37
474.23
480.68
439.43
488.75
457.29
446.94
473.78
444.74
460.29
445.5
455.22
451.4
467.71
454.04
436.32
451.64
432.84
458.87
465.88
445.12
480.87
442.48
495.76
447.67
437.24
451.42
475.02
432.31
485.78
474.28
435.22
479.43
437.83
464.11
442.18
472.98
427.38
440.85
465.7
444.81
449.24
444.26
436.5
472.69
435.62
437.61
466.71
482.78
454.21
465.01
478.87
448.37
473.22
461.18
446.93
479.2
449.63
463.64
466.99
428.58
438.79
466.77
455.09
427.49
451.49
442.88
433.02
435.22
454.62
488.53
477.14
431.29
453.4
463.3
475.13
466.83
442.86
429.38
431.58
444.59
441.33
475.06
475.37
444.37
474.49
432.75
457.09
450.86
458.8
442.78
435.75
458.46
470.68
461.54
465.66
447.91
437.0
481.38
463.83
457.03
454.97
460.21
440.7
438.71
441.9
430.0
442.44
429.25
462.7
478.88
474.73
450.92
484.16
448.45
445.01
442.89
450.86
450.5
446.48
459.6
444.09
462.09
468.53
426.91
472.81
437.18
432.94
470.02
444.12
432.38
458.37
468.14
451.95
425.27
488.2
430.14
440.31
451.22
444.74
427.83
438.52
434.94
431.82
444.16
470.75
432.79
437.47
461.56
474.17
443.92
479.16
436.19
455.07
449.7
449.41
437.83
435.68
453.34
455.93
429.58
461.06
433.24
431.07
431.48
439.3
434.14
479.08
457.8
473.79
475.37
478.35
431.24
481.49
477.65
472.16
468.87
479.82
435.57
438.43
455.64
439.12
479.14
471.27
431.87
463.9
473.19
453.74
429.39
448.89
440.79
461.15
438.56
446.95
430.53
442.85
431.97
441.51
442.83
438.54
479.28
442.48
459.85
486.79
481.03
435.75
425.11
450.66
443.31
473.12
464.7
427.22
480.61
451.44
452.82
435.99
435.99
438.64
448.32
479.7
439.75
443.46
470.19
430.06
444.89
474.07
442.93
457.91
483.94
480.36
430.89
430.26
430.98
472.63
446.23
441.04
447.95
468.8
437.25
460.76
438.93
447.96
434.34
446.33
464.56
467.08
454.01
467.85
442.45
473.92
446.95
432.2
425.14
453.8
440.68
450.16
442.43
463.93
469.47
484.25
470.84
478.75
465.86
434.54
474.16
482.85
427.06
430.11
446.49
440.62
430.83
443.54
428.67
443.58
477.89
488.85
433.16
428.49
456.55
436.46
481.02
459.31
466.85
463.4
451.84
454.59
466.36
453.3
463.05
428.35
469.06
475.14
466.49
433.44
439.76
460.75
455.33
439.42
429.27
432.79
480.06
444.9
472.4
442.75
452.84
431.96
474.26
446.26
432.06
481.28
479.91
480.2
448.82
440.79
473.9
445.49
447.64
479.8
484.85
437.44
438.12
477.78
471.05
453.49
434.77
460.44
439.29
462.81
445.22
434.38
483.01
429.12
437.98
443.73
436.45
430.63
425.41
437.53
463.37
494.9
476.54
433.74
467.41
440.93
466.75
437.97
455.57
490.23
460.44
451.93
444.68
433.08
466.73
474.81
430.22
433.03
474.76
439.14
434.44
448.37
432.25
430.32
452.0
471.07
490.68
440.91
458.34
432.64
431.12
432.56
435.86
456.77
451.4
443.59
475.03
467.18
467.12
482.58
446.51
437.55
433.72
438.36
459.14
458.41
433.92
445.71
489.44
457.75
438.67
452.94
450.08
441.18
448.17
466.38
474.26
440.87
483.82
492.85
474.2
436.77
429.46
455.17
441.3
465.72
465.35
465.17
441.24
470.19
443.44
429.85
471.08
473.01
447.19
463.98
469.38
474.65
440.74
432.49
446.44
481.94
484.55
469.03
439.82
440.13
466.47
472.32
437.06
472.86
427.62
451.86
436.31
459.72
443.04
480.32
439.74
467.6
443.98
444.42
462.19
429.83
448.74
467.99
433.34
442.97
432.33
467.06
430.06
442.94
469.27
440.39
456.08
439.74
446.88
467.8
430.56
444.79
446.68
432.02
469.49
430.2
479.76
442.71
432.43
436.02
489.36
468.49
487.4
457.94
478.79
445.33
473.0
459.84
468.64
443.41
443.24
444.35
447.76
448.07
459.14
479.62
476.96
426.61
441.54
482.22
444.38
463.53
462.69
479.6
490.47
490.92
477.41
455.56
450.81
461.96
456.92
468.28
469.93
439.48
444.4
435.99
461.07
446.35
488.82
438.66
465.57
426.3
433.3
452.02
448.31
438.4
474.55
469.75
470.14
450.04
449.12
427.84
454.64
447.84
434.96
437.73
487.17
454.15
444.71
435.98
473.9
441.29
436.74
462.21
443.13
470.17
451.71
428.6
462.73
460.2
440.64
428.75
438.36
472.33
437.65
448.77
426.56
442.83
438.39
480.15
443.65
484.81
455.53
434.9
492.12
437.82
449.41
467.95
478.25
439.0
447.42
430.3
449.57
432.05
465.05
465.32
474.51
441.07
470.92
437.13
481.83
481.74
475.19
440.26
442.64
452.94
455.27
432.04
475.41
430.62
452.56
444.43
465.74
447.75
435.95
444.51
444.09
482.82
436.66
445.87
441.93
448.83
479.61
486.41
470.9
469.35
454.14
446.77
450.5
431.7
435.06
483.38
428.1
440.22
450.55
470.28
455.24
475.96
474.04
477.06
445.36
456.09
443.46
449.03
436.35
467.65
468.57
445.32
453.26
436.05
442.7
444.65
463.06
440.3
467.41
465.16
435.59
435.27
474.44
447.01
484.54
434.77
462.12
425.64
433.46
467.98
442.78
439.92
448.97
470.88
456.11
447.52
478.5
459.53
440.16
461.88
439.74
482.11
488.01
493.87
450.4
473.82
435.87
425.21
482.17
434.66
450.33
436.69
454.88
453.4
445.33
438.62
474.07
446.9
470.89
444.59
458.67
432.26
451.98
457.28
482.8
463.14
444.81
466.2
462.59
441.1
430.15
473.41
437.27
477.86
456.07
456.41
485.86
435.35
482.09
434.02
446.79
441.3
439.45
472.22
437.57
433.73
468.61
478.7
459.42
462.59
435.2
444.66
469.9
437.27
456.89
446.09
441.49
433.69
450.67
437.76
477.12
445.23
465.24
463.04
431.77
438.09
443.86
438.41
463.74
448.34
441.22
431.82
479.68
473.73
438.39
440.25
484.21
469.12
483.49
431.27
443.79
490.81
469.57
471.28
435.91
466.62
437.08
475.13
484.65
444.37
434.1
455.75
469.63
428.83
479.81
438.46
480.26
452.37
442.47
463.09
483.51
489.96
438.15
480.86
445.35
448.76
477.88
429.28
442.5
443.09
472.31
485.75
466.71
448.35
430.45
473.6
465.25
446.98
490.07
435.46
477.52
486.07
470.41
484.41
463.93
435.2
455.55
445.26
445.52
444.01
441.45
441.46
446.56
464.13
435.28
433.32
452.68
427.53
435.93
434.7
441.27
440.6
452.53
428.41
437.44
437.49
436.55
437.49
440.03
435.2
438.53
490.55
472.37
439.96
433.97
425.91
455.25
439.36
448.1
486.7
449.88
439.06
440.75
479.94
456.86
456.78
449.62
442.13
474.35
467.44
468.8
435.74
469.75
440.16
430.22
458.4
448.9
437.83
448.02
445.05
472.53
437.49
437.12
467.74
439.71
455.85
430.89
438.24
455.2
456.18
474.13
460.26
484.54
455.71
461.78
463.49
453.83
432.44
456.48
439.54
429.95
436.77
464.45
444.97
432.48
437.43
442.32
446.91
472.54
481.24
434.82
492.96
485.2
481.18
473.23
447.69
434.2
438.78
481.88
484.94
451.93
462.77
444.19
466.78
444.9
435.69
453.45
449.23
451.99
473.32
483.24
465.49
432.73
467.83
426.85
459.52
437.55
445.07
452.03
444.77
464.45
460.45
448.04
479.14
469.23
476.15
459.36
436.64
432.72
478.43
465.57
478.65
466.88
464.48
476.81
436.77
469.96
462.87
473.41
445.1
433.05
477.22
432.41
438.51
441.71
467.51
447.46
468.92
464.15
460.41
480.61
486.91
469.59
438.71
485.25
464.59
433.1
436.5
439.66
473.71
449.48
448.92
449.67
443.89
450.22
440.42
442.07
432.0
464.22
472.59
433.37
436.37
432.07
477.79
467.68
451.67
438.24
488.42
462.6
483.92
441.61
431.44
478.19
473.27
474.15
433.46
466.92
460.68
430.07
479.63
441.3
431.86
449.91
472.95
445.11
442.71
475.47
438.08
453.29
465.36
435.25
470.2
437.38
432.33
445.78
435.45
464.91
480.28
456.07
454.86
474.64
465.25
477.51
474.02
442.34
444.46
468.19
468.8
444.86
471.46
448.23
471.86
469.17
475.76
449.28
476.21
483.88
456.58
456.93
445.3
442.77
480.58
456.31
435.71
484.12
445.26
477.2
449.59
433.72
441.07
465.98
462.55
440.96
463.6
484.13
453.96
472.63
434.79
464.42
470.93
468.4
439.68
483.42
455.19
462.63
439.87
459.85
444.75
460.19
433.56
455.48
457.98
457.21
446.3
434.65
447.5
473.17
471.32
486.79
431.97
449.24
447.58
441.9
452.56
467.07
478.96
454.26
471.61
455.95
445.79
453.39
425.12
476.68
437.55
433.59
460.88
438.26
472.73
433.42
436.6
439.77
471.39
446.75
420.26
467.62
466.14
453.27
440.03
434.15
473.45
466.16
444.1
478.82
474.7
447.31
446.03
478.34
480.74
437.43
453.33
477.89
475.08
462.05
433.72
454.59
444.02
447.57
449.12
433.86
454.48
440.67
453.5
461.14
432.14
457.66
439.81
435.38
446.46
439.15
430.72
463.47
490.79
442.29
442.66
447.27
474.26
447.64
451.16
448.79
442.94
431.81
440.67
441.94
427.53
433.4
442.11
456.03
489.52
433.32
425.75
450.93
489.36
438.7
457.55
464.57
427.55
445.39
452.76
440.98
475.64
454.02
449.1
433.77
432.58
450.89
480.38
440.26
430.46
444.21
450.83
440.15
428.5
464.39
442.65
437.84
433.7
471.79
463.35
434.09
445.67
459.39
443.53
438.24
436.05
451.7
487.19
442.38
455.13
478.75
436.73
444.04
455.29
450.14
439.78
425.16
455.25
459.38
451.37
460.42
440.75
457.7
433.01
437.11
481.77
480.54
459.12
465.36
432.08
461.14
462.94
441.34
471.69
450.39
442.3
448.17
473.13
443.89
440.11
481.85
493.3
471.47
433.19
444.19
491.84
438.59
472.86
430.88
463.91
450.75
454.67
455.71
437.52
437.2
477.76
455.58
462.88
432.04
474.65
467.62
474.92
471.38
456.29
440.0
460.86
458.76
452.51
449.98
467.83
452.42
479.78
448.27
430.24
484.57
442.4
442.82
469.73
437.63
479.78
442.4
429.23
443.85
449.14
486.35
438.84
452.71
448.17
442.38
430.16
483.72
433.43
433.63
447.5
433.78
434.33
442.31
487.83
442.76
478.55
430.11
460.4
437.85
466.55
465.09
432.49
433.43
448.56
426.85
471.0
478.5
438.19
455.75
448.5
479.13
459.37
463.71
475.96
451.44
434.16
439.03
488.27
442.87
471.31
446.17
438.67
465.31
439.58
442.43
451.95
444.42
465.69
427.15
435.98
444.35
432.41
474.46
473.56
442.22
440.17
434.79
437.01
452.27
463.39
449.07
473.16
464.85
440.8
433.96
430.17
445.1
438.92
432.6
448.69
462.64
483.38
478.01
478.77
445.17
456.88
483.56
436.3
465.45
428.8
486.91
441.29
439.86
439.99
468.69
467.77
443.87
453.45
437.6
443.48
431.01
430.86
455.85
470.31
450.07
460.73
456.75
434.08
443.3
445.36
442.26
446.01
447.02
440.06
456.86
480.73
466.52
446.22
459.73
442.51
472.31
456.71
476.06
435.08
447.9
451.96
451.69
438.85
437.2
462.52
433.63
471.24
480.18
449.6
441.33
451.96
428.6
425.35
457.81
450.68
484.04
462.19
442.89
476.88
446.42
439.47
440.26
467.2
453.16
454.41
436.6
476.91
480.68
453.01
456.11
451.96
441.04
449.42
471.05
427.25
437.96
439.71
469.64
451.16
448.9
482.1
467.95
450.57
466.2
478.63
473.62
474.1
446.68
438.57
471.7
431.03
454.22
438.97
484.03
487.15
474.02
433.03
461.97
440.43
438.8
443.26
466.27
428.28
431.46
475.57
435.43
428.37
442.2
464.69
468.55
460.59
431.65
459.43
444.66
431.23
436.43
442.64
478.36
465.03
436.56
459.12
445.58
443.09
444.93
447.73
447.32
449.81
442.92
474.87
449.8
435.13
440.29
477.45
433.94
459.66
438.97
436.13
458.05
433.25
477.97
471.24
459.63
478.56
448.65
474.92
465.5
470.46
452.56
462.6
465.05
475.38
477.04
442.2
448.19
485.21
484.17
482.25
474.63
482.98
471.98
442.28
478.3
481.24
439.18
442.37
432.32
445.02
461.16
438.86
450.85
439.25
479.61
447.22
472.88
450.29
449.52
468.21
481.87
434.81
473.78
431.44
470.47
434.48
473.34
470.1
448.71
452.05
430.98
443.76
477.85
479.59
492.88
451.85
484.07
435.58
466.54
464.45
471.86
431.29
450.54
491.1
429.53
473.2
488.12
429.06
455.18
452.55
456.85
439.32
443.13
456.7
458.57
490.83
426.48
436.28
435.69
491.22
453.28
449.76
460.2
449.64
446.63
450.25
444.85
427.36
447.54
427.35
442.52
437.09
433.79
472.84
434.94
435.71
446.57
443.14
445.27
452.33
444.22
434.41
463.46
475.01
437.33
456.52
441.28
436.64
477.91
439.06
463.79
468.92
463.89
474.46
478.7
439.8
443.75
428.69
480.35
448.73
484.44
436.69
436.05
439.14
443.43
440.98
432.71
478.88
476.58
471.39
431.78
467.74
434.25
481.32
435.61
451.14
455.91
445.85
464.68
435.56
470.76
467.12
439.03
463.47
430.86
434.78
443.12
451.93
461.39
469.1
442.46
465.96
446.36
464.12
433.23
441.54
483.54
477.56
464.73
471.32
444.35
437.41
462.59
456.37
450.41
439.83
432.76
444.9
469.53
436.67
453.3
487.84
466.83
441.47
429.91
455.01
431.81
458.3
440.08
469.55
440.12
432.66
439.36
446.71
462.48
434.31
439.6
437.65
466.63
456.33
455.45
434.36
442.58
460.6
445.72
443.67
441.78
438.5
465.74
447.46
468.91
475.44
437.04
455.06
445.2
474.42
448.15
470.33
430.2
450.92
441.56
466.61
436.8
454.28
475.61
474.07
448.03
447.47
429.05
432.0
439.15
457.45
452.73
448.88
436.81
442.67
469.18
439.17
425.2
446.56
455.42
434.45
446.94
445.59
485.35
479.23
444.35
430.45
443.21
478.05
470.96
452.43
452.91
468.22
474.93
482.06
469.83
441.93
456.98
460.99
441.06
432.99
431.32
454.59
443.2
447.63
470.81
429.36
438.89
472.13
448.43
450.73
457.0
493.9
484.87
435.84
473.22
462.28
436.43
448.26
436.84
483.13
426.8
438.1
442.13
437.39
465.42
468.52
457.17
460.02
468.35
436.39
478.51
491.35
454.35
470.63
444.6
466.5
437.85
442.84
444.66
442.9
441.77
475.43
439.04
428.25
435.92
438.4
439.08
465.78
439.7
483.1
481.31
437.37
430.33
432.57
466.86
472.52
447.66
480.72
435.36
426.07
480.21
453.96
468.23
452.5
467.71
473.16
432.12
470.87
435.6
467.87
447.42
442.98
443.29
440.36
464.98
455.72
431.1
473.47
463.22
468.64
440.66
451.0
459.36
428.77
458.16
468.17
461.68
450.13
483.91
483.5
434.4
486.91
464.02
456.27
462.86
468.86
470.06
436.58
452.59
443.91
481.55
446.72
444.2
474.56
447.63
469.71
455.82
474.73
480.74
434.08
452.89
468.14
438.15
430.45
474.48
447.66
444.95
445.55
484.36
462.87
467.11
465.26
469.59
469.64
457.42
444.71
441.7
433.76
444.61
435.27
452.85
454.88
461.89
491.16
476.42
454.69
481.29
435.09
447.11
438.7
437.95
443.93
460.58
445.91
443.7
467.55
460.13
434.52
427.67
437.99
488.64
464.99
446.01
437.62
431.38
434.62
481.52
477.5
440.53
451.45
458.06
474.31
436.42
438.45
456.69
461.51
439.65
437.81
462.66
433.5
430.07
437.28
467.53
473.31
482.16
452.2
479.95
447.17
433.16
475.59
481.85
441.11
479.53
435.41
458.01
454.89
453.54
458.99
450.26
465.16
466.38
473.77
435.82
432.27
449.1
434.27
432.55
452.71
435.39
432.04
434.84
435.14
449.08
438.92
463.2
471.63
441.35
477.01
471.82
468.96
435.17
446.38
438.66
443.66
474.03
478.47
427.21
443.7
443.67
470.45
428.44
448.8
439.89
483.49
440.87
446.48
436.26
430.36
479.12
435.81
480.8
479.28
438.92
485.31
442.84
483.26
434.7
439.53
461.34
444.02
439.33
434.78
462.26
469.48
484.99
449.34
461.68
453.02
432.62
438.42
433.62
441.0
426.28
464.86
445.45
435.13
464.06
435.12
464.11
482.26
477.69
469.61
438.83
440.78
457.67
445.45
440.18
475.89
465.24
458.57
484.93
458.21
436.39
489.96
462.72
447.91
432.47
463.99
449.61
437.55
438.31
486.76
442.04
472.17
474.5
487.08
439.71
435.64
459.68
481.88
435.69
448.8
451.08
433.91
431.97
434.43
441.12
457.59
439.98
430.6
434.92
467.82
437.19
457.89
488.57
442.6
428.75
443.52
426.35
478.89
456.71
477.2
469.34
450.64
481.58
466.21
479.58
440.99
445.62
429.72
436.64
462.07
431.11
483.82
467.51
443.03
443.96
455.66
448.41
458.94
452.68
428.69
446.43
439.58
481.46
437.7
437.85
445.66
436.89
484.75
479.8
462.8
469.64
483.12
461.46
454.88
446.73
436.47
465.09
446.19
461.13
485.36
477.75
475.91
443.1
434.96
443.77
472.85
439.99
453.4
449.2
435.42
453.86
452.31
437.62
471.85
441.31
446.4
438.41
436.33
450.56
468.35
488.48
457.29
485.23
447.35
481.58
433.83
436.08
464.93
436.94
458.46
430.87
473.39
429.03
436.34
466.63
442.65
473.49
465.15
467.46
468.66
470.94
467.9
464.79
467.46
466.78
433.62
486.67
437.6
444.85
433.4
454.29
444.04
442.17
475.53
442.36
480.4
472.22
474.44
444.57
468.8
464.12
437.02
438.52
434.68
445.0
435.27
444.85
442.69
439.75
449.65
490.57
482.49
440.99
484.2
454.5
458.13
458.96
438.82
456.72
442.66
468.19
470.02
450.07
439.03
440.53
481.12
451.92
477.78
466.21
487.05
482.99
465.61
481.42
466.47
428.39
427.58
439.37
462.79
468.85
450.5
470.41
425.5
451.62
458.06
478.65
435.84
438.0
481.68
440.74
435.39
435.6
483.63
475.13
482.99
458.82
431.37
442.15
443.91
472.66
469.18
472.34
444.01
485.32
476.22
433.95
433.92
437.51
466.15
452.41
488.99
460.44
481.69
450.87
445.86
478.85
483.57
468.62
467.16
427.42
481.6
459.59
449.57
468.82
448.09
462.51
464.03
477.26
435.57
457.0
465.47
464.01
441.14
442.67
454.87
479.09
467.39
464.58
444.51
439.34
432.59
468.87
437.95
448.6
465.26
461.62
467.2
445.8
437.62
476.6
437.85
447.67
472.32
431.06
473.96
457.07
469.8
462.84
440.21
459.76
446.09
431.77
482.46
475.18
463.61
445.16
440.28
438.08
471.86
481.35
465.68
463.79
473.38
434.41
428.84
483.58
452.73
438.45
463.64
480.35
483.74
443.74
463.32
436.61
451.76
468.12
431.43
476.6
446.01
472.36
439.69
479.03
438.17
439.25
440.85
486.31
442.93
443.24
463.58
455.2
452.94
438.82
451.14
431.41
486.34
473.61
452.49
439.79
470.85
434.67
477.5
477.47
432.52
443.8
427.65
479.96
481.51
462.02
481.47
432.65
436.92
433.48
438.92
445.66
447.48
466.06
452.01
441.04
470.5
456.01
485.73
471.58
458.28
441.15
462.41
439.6
468.84
451.17
440.47
462.65
430.93
446.53
440.51
447.06
434.38
461.91
474.15
474.1
444.39
466.95
446.41
449.51
449.4
486.26
450.0
439.3
442.53
468.4
441.68
441.18
442.29
467.68
445.4
453.36
436.15
481.08
451.87
437.06
453.6
439.34
464.41
442.67
433.34
450.46
472.52
480.34
474.37
445.75
474.66
440.31
470.78
427.4
460.06
442.76
475.42
441.16
476.68
429.35
446.51
450.97
437.76
460.93
432.51
431.37
444.69
459.72
443.39
440.25
437.67
458.6
482.96
471.23
463.81
435.47
450.11
435.67
454.6
464.3
436.96
462.34
447.26
453.35
435.65
439.4
460.58
439.92
431.95
443.71
472.34
442.78
465.93
439.84
444.73
479.8
445.63
441.05
453.39
461.96
452.6
469.09
442.91
441.51
426.79
467.34
447.29
437.94
451.86
434.46
474.22
465.28
475.13
460.59
465.77
482.66
460.63
436.42
438.33
446.18
471.23
439.64
436.65
434.38
442.0
436.16
431.15
438.67
483.63
467.88
462.69
442.82
448.96
461.21
474.12
446.54
459.89
465.88
463.12
454.45
462.57
479.16
437.61
443.6
447.29
466.38
481.36
466.52
457.41
481.03
469.92
437.91
431.72
450.32
472.42
469.8
475.42
460.91
453.55
441.15
476.81
472.33
467.92
465.87
464.54
477.71
444.38
448.25
440.36
445.52
476.81
446.18
436.37
477.37
475.98
452.95
465.89
453.29
438.74
444.41
461.03
439.21
473.27
433.83
445.97
470.71
435.12
455.22
476.2
445.02
475.77
479.74
465.56
467.96
448.06
439.86
460.27
437.1
436.22
444.22
455.3
444.76
440.67
474.3
459.47
447.28
437.91
441.9
435.06
439.59
481.24
469.89
462.65
472.22
442.7
481.4
444.62
475.35
477.19
487.18
436.76
453.22
464.62
488.69
433.56
463.72
466.47
447.14
480.96
439.82
430.98
439.66
441.34
444.23
439.13
446.64
483.54
465.92
436.15
445.72
475.21
445.36
434.03
458.31
440.87
472.16
433.57
444.46
478.74
439.66
483.5
441.84
474.72
458.67
491.97
466.7
439.67
486.34
474.11
468.9
472.5
473.0
435.87
476.81
480.82
440.83
454.44
433.99
459.72
433.37
444.26
442.12
429.29
474.91
474.82
473.16
439.46
468.78
445.82
465.69
478.48
435.73
449.86
447.66
479.91
444.51
489.64
482.8
480.53
440.79
478.87
465.15
444.89
473.57
460.01
464.64
438.42
457.58
467.39
446.69
461.35
451.74
435.08
440.43
435.46
444.07
432.97
434.12
472.32
447.7
445.25
438.01
440.81
433.37
478.96
438.99
439.01
463.28
430.21
450.13
467.21
483.74
442.64
451.04
467.48
462.05
456.03
455.72
475.51
435.77
471.04
432.17
437.26
450.74
429.74
431.74
471.26
438.28
437.45
440.13
469.44
465.84
470.39
449.99
451.89
441.39
456.79
441.7
445.1
482.56
435.58
456.53
429.69
440.95
446.34
440.37
441.18
452.08
459.67
470.19
471.77
446.84
471.81
455.99
477.07
467.54
481.54
427.3
467.56
438.76
432.51
461.88
441.32
449.79
443.59
433.82
433.29
435.84
488.82
431.87
435.94
435.78
460.32
436.61
478.71
489.0
439.33
452.04
431.23
439.2
441.54
440.04
437.8
460.45
447.06
443.27
448.66
436.97
478.88
437.0
445.11
468.06
466.86
462.18
432.03
454.42
431.14
459.87
426.55
475.89
449.07
479.2
438.7
464.71
430.67
470.74
471.72
468.36
473.37
451.64
445.6
458.07
441.44
453.55
437.45
460.66
425.19
477.49
434.4
427.69
447.49
432.39
436.3
436.91
476.02
432.1
445.36
455.7
438.56
461.07
434.57
477.22
472.15
451.37
461.49
438.56
475.85
436.54
449.07
443.5
436.17
440.89
463.47
446.44
481.87
441.74
433.42
490.78
454.26
446.02
442.16
457.92
474.16
435.32
425.69
451.67
462.78
465.0
426.8
487.24
436.0
432.27
447.24
445.01
474.94
441.98
483.8
444.71
441.34
442.24
453.94
427.62
454.68
444.04
454.86
438.65
430.1
471.81
468.43
438.36
425.89
477.27
469.28
474.57
435.17
459.45
467.59
437.98
466.06
478.07
429.62
439.4
488.22
429.42
481.53
443.44
435.85
445.84
461.45
468.82
463.92
448.31
451.51
443.77
438.49
482.67
485.8
455.54
449.08
436.1
478.55
440.52
449.12
439.01
431.8
449.4
446.87
450.98
443.82
430.01
449.09
471.05
428.67
479.48
440.12
477.68
494.21
438.12
430.58
427.71
437.54
469.56
473.26
438.4
442.85
470.06
432.19
438.17
445.91
453.47
441.14
456.3
474.46
439.26
446.67
477.56
458.31
442.78
428.76
462.78
434.35
443.9
457.98
480.7
438.52
434.93
475.23
434.37
486.19
440.66
436.32
471.34
437.64
458.15
449.52
464.86
434.58
460.56
482.82
430.78
436.15
477.19
433.67
472.77
478.79
441.8
474.7
471.42
472.95
462.48
436.26
494.67
486.83
460.57
455.93
455.5
464.51
453.72
464.44
473.88
446.22
448.51
437.16
480.53
455.57
474.87
464.14
454.15
475.6
472.13
435.01
443.76
478.32
473.85
477.94
444.36
460.14
456.85
486.81
433.82
430.11
441.6
482.17
463.74
438.06
467.74
471.65
461.01
443.5
445.5
492.26
474.91
435.48
433.42
469.25
451.21
444.16
465.22
430.3
444.38
426.62
455.57
456.97
466.3
434.47
430.45
464.49
464.94
431.67
442.84
449.23
467.76
449.73
478.98
426.15
473.4
454.37
462.33
454.64
474.46
448.22
440.29
484.67
436.03
436.37
457.36
469.22
440.94
481.3
437.53
432.07
474.88
438.02
454.71
466.25
479.65
435.23
480.73
462.77
433.64
479.62
437.89
453.19
477.5
436.42
462.7
454.16
440.27
475.32
476.46
476.37
463.2
434.11
470.66
468.46
486.2
455.4
467.42
453.96
444.5
441.57
468.43
439.22
466.87
460.16
437.51
473.22
442.65
483.11
483.55
449.36
472.43
459.65
464.14
471.8
439.37
463.57
458.59
473.26
481.86
448.91
448.66
451.46
440.01
472.02
428.61
469.4
452.77
457.4
488.0
442.33
444.83
434.13
466.25
473.59
466.91
438.16
431.52
475.54
462.7
440.96
482.2
461.47
447.0
475.15
435.56
440.79
479.53
444.59
433.54
442.57
472.88
455.72
451.88
456.62
443.74
434.94
456.35
440.17
463.06
448.76
479.86
438.51
429.1
487.58
479.78
432.92
454.88
472.94
486.09
485.18
481.07
455.13
463.48
491.54
455.12
444.52
477.52
445.24
460.82
475.32
442.6
439.66
489.22
479.03
464.24
447.31
440.12
477.13
462.87
438.0
439.55
429.56
466.36
444.54
455.82
431.76
479.25
474.7
448.97
429.55
430.22
448.11
463.67
461.97
425.21
441.9
471.1
471.12
438.55
470.89
452.65
472.49
452.39
434.64
482.39
461.6
478.21
441.75
469.08
449.07
452.3
438.03
449.31
443.68
442.59
433.63
480.54
458.06
445.55
483.55
444.37
468.53
486.11
454.32
433.04
428.72
442.78
466.46
464.46
474.94
461.23
475.96
455.88
470.63
444.27
471.52
473.51
442.15
459.11
470.69
427.66
462.59
450.93
451.67
