0
15.55
15.55
15.55
15.55
21.46
20.71
19.5
19.34
18.31
17.05
16.95
15.98
29.9
29.63
24.77
24.77
6.07
6.05
6.01
6.04
6.37
6.37
6.4
6.85
6.79
7.1
7.1
7.1
10.85
10.54
10.77
10.56
8.6
8.49
8.5
24.58
24.63
24.59
29.03
29.14
28.09
26.28
26.37
25.27
23.53
24.03
23.54
35.56
37.12
36.9
35.94
32.96
32.94
32.21
10.36
10.36
10.39
10.71
10.8
10.7
10.75
11.11
11.13
11.09
11.16
11.68
11.69
11.69
15.41
15.2
15.21
12.97
12.93
13.02
24.29
24.31
24.13
24.25
28.88
28.83
27.9
26.48
27.02
26.33
25.36
23.75
24.23
23.67
35.65
37.26
36.97
36.03
33.16
33.12
32.41
10.46
10.32
10.45
10.64
10.72
10.55
10.68
11.46
11.32
11.49
11.42
11.33
11.43
15.41
15.19
12.88
13.0
13.04
24.28
24.4
24.11
28.07
29.62
29.05
26.89
26.46
22.93
23.84
24.17
23.87
35.78
36.97
36.7
32.52
33.28
32.33
33.24
10.38
10.77
10.68
10.68
11.22
11.16
11.1
11.59
11.6
11.53
11.61
15.36
15.12
15.36
12.68
12.63
12.73
24.23
24.04
24.32
29.06
28.05
29.79
27.03
23.8
36.86
35.89
37.1
32.38
33.09
10.08
10.15
10.14
10.66
10.68
10.53
11.18
11.22
11.07
11.2
11.33
11.43
15.4
15.19
15.32
15.16
13.04
13.0
24.35
24.33
24.26
29.83
29.08
28.03
29.02
27.03
25.36
26.45
23.89
22.89
23.86
36.71
36.77
35.48
32.31
33.21
32.46
10.47
10.37
10.34
10.39
10.78
10.7
13.69
11.21
11.11
11.16
11.38
11.34
11.22
15.16
15.12
15.36
12.59
12.74
12.8
12.62
28.15
28.37
28.41
32.68
32.84
32.0
29.54
30.05
29.6
28.66
26.84
26.97
38.67
40.03
39.86
36.96
12.43
12.5
12.57
12.65
12.57
12.78
12.93
12.73
12.72
13.18
13.17
13.18
17.35
15.09
15.08
15.16
28.67
28.18
28.6
32.33
31.66
29.34
29.87
29.27
25.74
25.98
25.38
24.94
38.57
40.19
39.97
38.98
36.95
36.28
36.86
36.45
12.35
12.45
12.3
12.33
12.2
12.49
12.87
12.77
13.0
17.14
16.84
17.02
17.11
14.66
14.6
14.6
28.67
28.56
28.17
31.63
32.68
28.4
29.43
29.07
24.7
25.48
25.37
25.17
38.35
39.81
39.83
35.64
36.52
11.8
12.03
11.98
12.41
12.28
12.19
12.46
12.31
12.12
12.97
13.01
12.74
12.84
16.83
16.66
16.86
13.91
14.34
13.99
28.7
28.55
28.62
32.67
31.69
32.07
33.28
28.42
29.08
24.96
26.0
40.0
38.84
38.33
36.95
36.45
36.81
12.3
12.18
12.43
12.49
12.28
12.91
12.95
12.67
12.86
12.86
12.92
16.99
16.69
16.56
16.62
14.33
14.61
14.65
28.69
28.58
28.15
32.46
28.31
29.39
25.7
25.17
24.6
25.49
39.89
39.83
39.01
38.65
35.69
36.06
36.7
12.12
11.67
11.64
12.19
12.25
12.47
12.18
12.93
12.82
12.78
13.02
16.73
16.86
16.76
16.92
13.99
14.16
13.86
32.49
32.53
36.47
36.66
32.09
31.29
29.91
29.53
28.65
41.4
41.67
40.78
39.97
40.71
14.5
14.55
14.51
14.6
14.5
14.51
14.7
14.42
15.23
15.23
15.23
15.23
19.52
19.36
19.48
15.09
17.17
17.14
32.71
32.24
32.72
32.48
32.13
28.95
29.49
41.64
41.92
40.78
40.15
40.57
40.42
14.45
14.18
14.7
14.66
14.4
14.71
14.75
14.71
14.33
14.62
15.34
15.29
15.3
18.88
18.9
19.12
16.76
17.23
17.26
32.82
32.75
34.24
34.95
35.05
34.29
31.28
32.12
31.84
28.67
29.67
28.91
41.26
42.49
42.08
39.32
39.84
14.1
14.03
13.94
13.86
14.32
14.56
14.33
14.08
15.16
15.18
14.9
18.48
18.48
18.46
16.47
16.35
16.55
16.74
32.85
32.67
32.21
36.45
35.73
35.4
36.57
32.38
31.66
32.15
28.64
29.52
42.77
42.96
40.68
40.6
40.11
14.37
14.48
14.32
14.44
14.6
14.66
14.54
14.53
15.34
15.29
15.09
15.3
19.13
19.0
18.84
16.44
16.9
16.77
32.72
32.21
32.73
35.67
35.01
31.81
29.5
29.06
29.92
42.11
41.96
40.79
38.82
39.72
39.31
14.41
14.19
14.17
14.39
12.63
12.76
12.42
14.12
14.28
14.37
14.21
14.96
14.92
14.92
15.16
18.16
17.88
16.54
16.48
