0
79.99
40.27
41.05
44.3
47.03
36.45
45.85
39.29
38.07
28.02
43.01
42.33
52.91
56.14
40.56
42.62
44.21
52.52
53.3
41.15
52.12
38.6
55.26
52.91
42.13
53.69
38.41
30.08
37.72
42.23
36.25
50.46
43.7
39.0
53.1
41.54
35.08
15.05
40.76
26.26
32.82
39.78
33.12
49.19
41.93
33.02
9.87
55.06
44.7
30.28
28.8
33.4
36.3
29.0
37.8
40.2
33.4
28.1
41.1
35.3
28.3
28.6
35.3
35.3
39.3
40.6
35.3
24.1
46.2
42.8
49.2
46.8
45.7
55.6
54.9
46.9
33.4
54.1
49.8
38.0
56.1
59.09
22.9
35.1
61.09
59.8
56.7
68.3
50.7
56.4
60.29
55.5
68.5
71.3
74.7
67.7
71.3
74.5
71.3
49.9
63.4
64.9
64.3
64.9
60.2
72.3
69.3
64.3
66.1
77.3
80.2
77.3
79.4
77.3
59.89
66.7
74.19
70.7
65.2
75.5
79.3
56.5
79.3
76.8
73.3
82.6
67.8
24.45
29.45
40.71
22.14
22.84
27.66
34.56
12.45
25.72
33.96
37.34
15.04
21.06
26.4
40.57
12.47
20.92
24.9
39.61
10.03
24.48
35.34
9.45
22.72
40.39
25.48
17.82
24.24
32.85
39.23
18.0
30.39
50.77
53.9
17.84
40.23
47.13
49.97
13.36
22.32
24.54
31.35
19.93
25.69
39.59
44.3
13.82
42.35
26.31
42.92
25.37
37.4
44.4
19.52
38.5
45.08
47.82
15.44
26.77
33.73
42.7
45.84
29.93
29.65
36.97
13.12
24.43
13.62
21.6
27.77
35.57
7.32
21.5
31.27
7.4
23.51
31.12
48.15
45.08
48.97
23.14
41.89
48.28
35.23
39.94
48.72
52.04
21.02
33.36
33.94
44.14
15.36
28.68
30.85
51.06
21.78
42.29
55.83
42.22
23.8
38.77
51.33
56.85
58.61
21.91
47.4
51.96
56.74
17.57
33.73
40.15
46.64
50.08
17.37
45.94
51.43
59.3
30.45
66.82
66.95
27.42
55.51
61.99
63.53
18.02
52.2
53.96
56.63
15.34
46.23
16.28
25.62
31.97
36.3
57.23
81.75
64.02
78.8
41.37
60.28
56.83
51.02
55.55
44.13
39.38
55.65
47.28
44.33
49.25
41.37
39.4
39.3
58.52
53.58
59.0
14.4
21.29
15.52
15.82
12.55
8.49
15.61
11.98
16.88
33.09
31.81
29.75
33.01
32.9
29.55
24.66
29.59
24.28
20.73
46.39
39.16
41.2
33.69
37.81
24.85
44.64
37.27
53.72
48.59
51.72
35.85
53.77
53.46
48.99
31.72
39.64
43.39
37.96
55.02
49.99
53.66
37.68
56.06
41.16
52.96
44.28
40.15
51.02
53.39
35.36
25.02
23.35
52.01
38.02
39.3
55.25
46.68
22.75
34.77
47.97
61.46
44.03
55.45
55.55
57.92
25.61
33.49
59.59
29.55
37.92
61.86
62.05
72.1
39.0
65.7
21.97
15.07
13.4
24.13
44.52
62.94
25.12
23.64
38.61
68.75
66.78
32.07
11.65
19.2
39.6
43.94
21.86
14.6
18.75
23.4
25.57
27.74
9.62
15.69
32.63
17.24
19.77
39.44
25.75
24.07
21.82
14.84
25.45
22.49
39.7
13.09
38.7
17.58
21.18
18.2
17.2
22.63
21.86
12.37
37.81
33.04
14.54
8.0
11.48
24.44
10.73
31.38
13.22
20.97
35.17
36.45
38.89
6.47
12.84
18.42
25.08
11.36
31.25
33.7
9.31
26.94
27.63
29.79
34.49
12.54
27.53
32.92
9.99
12.25
11.17
17.54
14.2
24.5
15.58
26.85
26.06
38.21
43.7
12.73
20.28
34.29
47.71
43.38
29.89
4.9
4.57
24.29
33.95
11.41
20.59
25.89
29.23
33.66
27.87
19.35
12.79
39.32
43.38
20.42
6.94
15.03
32.53
7.68
38.8
33.0
17.28
24.28
24.05
36.59
50.73
14.14
47.78
16.89
23.52
39.7
7.72
41.68
9.56
17.17
30.44
9.73
3.32
43.25
6.28
54.6
9.69
8.37
39.66
10.09
4.83
10.35
43.57
11.85
17.24
27.83
35.76
38.7
17.44
31.74
37.91
15.87
33.61
40.66
40.86
17.54
18.91
25.18
30.96
43.89
54.28
14.5
22.44
12.64
26.06
33.21
36.94
44.09
52.61
59.76
67.31
69.66
71.62
18.13
22.53
29.98
32.72
6.27
23.22
31.35
39.0
41.24
14.99
13.52
24.0
37.42
11.47
22.44
21.16
31.84
25.18
17.54
14.2
16.26
31.45
37.23
41.05
18.13
26.74
61.92
47.22
41.64
13.71
31.65
19.11
39.58
48.79
19.69
14.99
27.92
34.68
38.11
33.8
42.42
48.4
67.11
20.77
25.18
29.59
21.75
39.09
24.39
50.51
74.99
33.76
16.5
19.99
36.35
33.69
15.42
33.42
26.86
45.3
15.57
44.61
53.52
57.21
52.82
33.4
32.84
42.64
40.06
41.94
61.23
40.87
33.3
52.42
15.09
38.46
37.26
35.23
42.13
31.87
41.54
37.91
44.28
31.18
23.69
32.4
28.63
36.8
33.06
31.03
44.39
12.18
25.56
36.44
17.95
8.54
49.77
52.44
40.93
44.86
13.2
29.87
56.61
12.46
23.79
13.29
39.42
44.52
26.14
15.52
43.57
41.05
28.99
46.24
26.92
10.54
25.1
29.07
9.74
39.84
26.97
27.23
24.58
30.88
15.34
24.34
22.93
29.41
28.63
36.8
32.72
31.42
28.94
40.93
12.18
25.56
36.44
32.96
23.84
26.23
38.63
8.54
13.46
32.25
23.52
49.77
52.45
44.87
13.2
37.43
29.87
56.62
12.46
23.79
13.29
39.42
46.23
23.74
15.53
43.58
35.87
46.25
26.92
25.1
29.07
9.74
33.8
33.76
19.99
38.22
33.42
39.06
27.68
26.86
30.12
15.57
44.61
53.52
57.22
65.91
33.4
18.03
35.31
42.64
40.06
43.8
33.31
52.43
15.09
38.46
37.27
42.14
31.88
39.46
44.28
31.18
32.77
32.4
