0
15.55
15.55
20.71
19.68
19.5
19.34
17.05
17.41
16.95
15.98
29.9
29.63
28.75
24.77
23.93
24.77
23.93
6.05
6.37
6.4
6.37
6.4
6.85
6.77
6.81
7.18
7.1
10.54
10.77
10.56
8.6
8.49
8.45
24.63
29.03
29.87
26.28
26.91
26.37
25.27
23.53
23.54
22.58
35.56
37.12
36.9
32.96
32.12
32.94
32.21
10.36
10.43
10.36
10.39
10.71
10.8
10.7
10.75
11.11
11.13
11.09
11.16
11.68
11.69
11.7
15.2
12.96
13.02
24.29
24.31
24.13
24.25
29.68
28.83
27.9
26.48
26.33
23.75
24.23
23.67
22.79
35.65
37.26
36.97
33.16
32.4
33.12
32.41
10.42
10.32
10.64
10.72
10.68
11.45
11.46
11.49
11.42
11.43
15.41
15.18
15.34
12.88
12.97
24.28
24.4
24.11
24.35
28.07
29.01
29.05
26.47
26.46
22.93
23.84
24.17
35.78
36.97
36.7
32.52
33.28
32.33
33.24
10.39
10.34
10.35
10.77
10.68
11.22
11.16
11.1
11.14
11.61
15.36
12.68
12.73
24.38
24.23
24.32
29.06
28.05
28.86
29.79
25.37
27.03
23.8
22.8
24.24
35.89
35.45
33.08
32.38
33.09
32.31
10.08
10.15
10.07
10.14
10.68
10.53
10.72
11.18
11.22
11.07
11.2
11.44
11.33
15.4
15.32
15.16
12.85
13.04
13.0
24.35
24.33
24.03
24.26
29.83
29.02
27.03
26.45
25.36
26.45
23.89
22.89
23.86
36.71
35.48
32.46
10.47
10.37
10.34
10.7
10.67
13.69
11.21
11.14
11.11
11.16
11.38
11.22
11.34
15.16
15.37
15.12
15.36
12.59
12.8
12.62
28.15
28.37
28.41
32.68
33.48
32.84
29.54
28.66
26.84
26.19
40.03
36.96
36.13
36.91
36.43
12.43
12.5
12.57
12.65
12.57
12.63
12.78
12.93
12.73
12.72
13.17
13.17
13.18
17.5
17.35
17.52
17.37
15.09
15.12
15.08
15.16
28.67
28.57
28.18
28.6
32.33
31.66
29.34
29.87
29.27
25.98
25.38
24.94
40.19
36.95
36.28
36.45
12.45
12.16
12.3
12.29
12.49
12.85
12.73
13.05
12.93
12.77
13.0
17.14
17.02
14.34
14.66
14.6
14.6
28.56
28.17
28.63
31.63
32.4
32.68
32.29
28.4
29.4
29.07
24.7
25.48
25.37
25.17
38.35
39.81
39.83
35.99
36.59
35.64
36.52
11.8
12.03
11.98
11.69
12.41
12.28
12.1
12.31
12.12
12.97
13.01
12.74
16.83
16.93
16.86
14.34
13.95
28.15
32.67
32.07
28.42
29.08
29.88
25.66
24.96
25.43
40.0
38.84
38.33
36.95
36.45
36.26
12.32
12.3
12.18
12.43
12.36
12.49
12.28
12.91
12.95
12.67
12.86
12.95
13.0
12.86
12.92
16.99
16.56
16.62
14.33
14.61
14.65
28.69
28.58
28.15
28.61
29.71
28.31
25.17
24.6
39.89
39.83
39.01
36.64
36.06
36.7
12.12
11.67
11.64
12.02
12.27
12.19
12.25
12.27
12.12
12.18
12.47
12.93
12.82
12.78
13.02
16.86
16.92
13.99
13.86
32.26
32.26
32.53
36.47
37.24
35.96
31.89
32.39
31.29
28.65
42.62
41.67
39.97
40.43
14.52
14.61
14.5
14.55
14.51
14.5
14.58
14.7
14.42
14.42
15.23
19.52
19.48
19.42
17.17
17.14
17.14
32.82
32.24
32.72
36.57
35.69
32.74
32.13
28.95
28.64
28.01
41.64
42.74
41.92
40.78
40.15
40.57
40.42
14.54
14.45
14.18
14.5
14.7
14.66
14.75
14.71
14.33
14.62
15.34
19.2
18.88
18.9
19.12
17.26
32.82
32.69
32.23
32.75
34.24
34.95
35.05
31.28
32.12
31.84
28.91
41.26
42.49
42.08
39.32
39.84
38.89
39.68
14.22
13.78
14.07
14.03
13.94
13.86
14.32
14.56
14.08
15.18
14.72
18.48
18.48
18.46
16.47
32.67
32.21
32.74
36.45
35.4
36.57
32.38
31.66
32.15
28.05
28.64
29.52
42.77
41.73
42.96
40.68
40.6
40.11
14.48
14.32
14.44
14.6
14.7
14.47
14.54
14.62
15.34
15.29
15.09
15.3
19.06
19.0
18.84
16.9
16.77
32.72
35.67
35.01
35.24
31.81
32.06
29.5
29.06
29.92
42.11
40.79
38.82
39.31
39.86
14.41
14.19
14.17
12.43
12.63
12.76
12.42
14.28
14.92
14.92
15.16
17.69
18.19
18.16
16.48
16.64
