0
0.5365242
0.3080143
0.5188998
0.4941508
0.47021765
0.5274397
0.79019284
0.67938936
0.57751393
0.5414034
0.6296321
0.9406787
0.61655414
0.62526405
0.37683645
0.88741744
0.46601328
1.3441938
0.5844687
0.8702878
0.521222
1.0426291
0.8528549
0.15939154
1.1956055
0.6034648
1.1264575
0.8110738
0.16067132
0.9908722
1.160541
1.0504133
0.73385537
0.22132653
0.5769521
1.1722645
1.3459305
0.6782263
0.24686742
0.8165461
0.7415264
0.9917524
0.5938528
0.828349
0.51830447
0.85680825
0.5002209
0.6088704
1.1949203
0.6676196
0.4154319
0.5071085
0.8347612
0.71203667
0.64135
0.561681
0.5266184
0.70760226
0.87304187
0.6909965
0.96046346
0.1963065
0.47022107
1.1436294
1.1052736
0.39646366
0.727303
0.26131916
0.73648214
0.8809572
1.2203113
1.3424423
0.6081658
0.23973653
0.8056081
0.6575367
0.6363875
0.6452021
0.8260962
0.4902981
0.7836127
0.90718275
1.2048732
0.59321576
0.8158633
1.2085505
0.63688666
1.0935504
0.70179844
0.9077394
0.2714011
0.8655358
0.7950721
1.2852731
0.58316326
1.0457684
0.89839244
0.67762023
1.1067183
1.1686622
0.6880749
0.48907375
0.69617015
0.5584165
0.7689864
0.697885
0.4780002
0.4245335
0.89823043
0.4041198
1.1713728
1.0360416
1.0250167
0.5443669
1.0474024
0.6494906
0.7185895
0.55120546
0.58502245
0.69610953
0.52421874
1.0571889
0.40101153
0.8324806
0.815217
1.4275434
0.94017214
0.2365998
0.24862364
0.6743873
0.58315784
0.8127552
0.56133926
1.1400137
1.1121948
0.2031581
0.42800665
0.8087204
0.11150369
0.49782285
0.74926287
0.23699585
0.49190113
0.597341
0.4120028
1.2284387
1.2293144
0.6972391
0.74732363
0.40956187
0.8447421
0.9574731
0.4702652
1.0171351
0.65946996
0.7695876
0.51167417
0.7188371
0.8882011
0.46986744
0.99317366
0.5880229
0.9731858
1.008544
0.4498331
0.69524527
0.80435467
0.5564501
0.5689918
0.5495865
0.32106614
0.42240152
0.31834045
0.40712944
1.1188766
0.61308306
0.9915798
0.9414879
0.733255
0.8397928
0.65567726
0.5993365
0.8928202
0.5664538
0.61974156
0.65114754
0.8381257
0.4382793
0.8691864
0.65899646
0.62381107
0.90160424
0.9322418
0.32947853
0.9152011
0.7967316
1.1049122
0.4344347
0.4926409
1.0322213
0.7418913
0.68244344
0.9897006
0.27137363
0.2290936
0.71827805
0.85179913
0.8634418
0.6764061
1.1540587
1.0998737
0.8416136
0.6715535
0.30477095
0.66106474
1.0976437
1.0795197
0.5784162
0.8957158
0.79551685
0.6147861
0.7291289
0.60453314
0.51738614
1.0596886
0.9645076
1.0035037
1.2569511
0.7938267
0.9705712
0.92896575
0.79202235
0.8555813
0.6653965
0.46353605
0.7754949
0.680424
0.72307456
1.2056888
0.9105262
0.77199006
0.5311715
0.9111569
0.73452944
0.7470367
1.166004
0.59512895
0.9799395
0.27905467
0.72838426
0.65359545
0.8573905
0.44774362
0.83765155
0.58827806
1.4395849
0.8587738
0.37232983
0.7998096
0.5030614
1.1841933
0.9096388
0.51570106
0.7343071
0.5032909
0.6512661
0.45816898
0.5683373
0.6828488
0.6482334
0.37765214
1.0329549
0.7664671
0.72283596
1.1542768
0.7450868
0.7398124
0.5642145
0.31822336
0.21801823
0.65689445
0.82922924
0.8877884
0.69921154
0.7840397
0.1972811
1.0743182
0.9173519
0.6659223
1.1774014
0.4898057
1.066586
0.83908767
0.7157833
0.7539979
1.0390646
1.1679409
0.7183151
0.5351814
0.7525162
1.0271676
0.72861326
0.52683514
0.65523124
0.9008374
0.5801873
0.5257536
0.76283425
0.5584374
0.43153158
0.22612403
1.2575448
1.2221563
0.5627926
0.7563502
0.8841702
0.83092076
0.48420694
0.26659992
0.47532085
0.716978
0.8572308
0.4002371
0.62585485
0.6938259
0.5878484
0.974343
1.1688268
0.73350847
0.8645044
0.61912376
0.512737
0.5717761
1.1123595
1.1106323
0.3276193
0.90983135
0.5969643
0.56987226
1.1590186
0.74679095
0.49365342
0.99882495
0.64189804
0.4983403
0.4674929
0.3115998
0.24354668
0.47610658
0.18135922
0.78154796
0.7074209
0.59005487
1.2072699
0.5442533
0.6783976
0.3819691
0.8287742
0.74105644
0.43117774
0.4388916
1.1603264
0.48954517
0.37044618
0.6080965
0.46775138
0.7239176
0.7895315
0.71004814
0.88641435
0.83393574
1.269432
0.73142314
0.10046675
0.67175245
0.45327273
0.6380006
0.52683204
0.43583697
0.3939847
0.7927925
0.6269387
0.99877024
0.49842316
1.2968801
0.502278
1.266429
0.94609356
0.630346
0.95944417
0.7161174
0.8570969
0.23245408
0.96871316
0.63472086
1.0342999
1.2851845
0.88171715
0.46940732
0.5914789
0.35399708
0.87695056
1.0343916
0.87710434
0.99520123
1.3133337
1.0705312
1.2240479
0.65319335
0.45614123
0.5795682
0.38355148
0.5656316
0.88799244
0.6526807
0.9348832
0.61941856
0.62768763
0.61541677
0.3552725
0.9632199
0.9579422
0.49727774
0.34780636
0.38260758
0.46805444
0.47539723
0.6412766
0.91014796
0.6010215
0.94149524
0.9002922
0.7069952
0.30971473
0.70902103
0.61484456
0.42542225
0.42585316
0.6373245
1.0691382
0.52453303
0.671088
0.63839966
1.2254775
0.4480724
1.2222701
0.9472182
0.763124
0.53836656
0.5923039
0.759924
0.4787455
0.81251204
0.58686167
1.0537976
0.42523438
0.8097227
0.18407744
0.6490903
1.1708466
0.56746584
0.4880725
0.36856726
0.61182827
1.1836339
0.72207457
0.59972334
0.91439223
0.21496978
0.61561996
0.8257981
0.8243356
1.1337026
0.34095332
0.7809702
1.0039834
0.81830096
0.64726996
0.64783573
0.15098573
1.0106128
0.6116517
0.65115714
1.1948948
0.7998346
0.5775034
0.8103151
0.7199702
0.93375117
0.7268834
1.0372928
0.5628304
0.7794633
1.0882925
1.1057568
0.36987776
0.36196002
0.9850969
0.5587262
0.5465444
0.5621836
0.5535236
0.60791665
0.54594916
0.87929183
0.8607799
0.7386222
0.8067223
0.6109517
0.5677752
0.7606085
0.437125
0.5765638
0.68698406
1.24186
0.46349528
0.3373814
0.56617534
1.2089221
1.1556772
0.8272259
0.7591762
0.45460957
1.1092381
1.0028621
0.33578587
0.6519521
0.6650666
1.2287791
0.9311518
0.870446
0.77204484
1.3936948
0.6654886
1.3516462
1.0622256
0.66963893
0.4811524
0.8952431
1.1698569
0.29625985
0.5795139
1.270525
0.3712104
0.6335369
0.9543824
0.7405462
1.3523134
0.85700345
0.62264663
1.1583052
0.7286637
0.58198565
0.42160285
0.19718486
0.64340013
0.2516867
0.99507743
0.57534176
0.67087805
0.74384564
0.5660705
0.48688215
1.019819
0.5269575
0.6230065
0.43510935
0.9201063
0.72031873
0.60707015
0.4056756
0.9843767
0.9438689
0.8588557
0.23006631
0.78563213
0.27241537
0.5446467
0.93286365
0.5978719
0.5715
0.5530001
0.3011592
0.3749633
0.27264556
0.62068903
0.8738723
1.0066019
0.93501043
0.31114706
0.7206635
1.0318416
0.7007387
0.4448348
0.49002337
0.9794044
0.84515566
0.5637193
1.1230141
0.90132415
0.60488856
0.753879
0.72271085
0.7101955
0.9909825
0.7147099
0.946418
0.42137298
0.9352524
0.5517126
0.47574273
0.97491354
0.8932175
0.34195057
0.39439783
0.51032144
1.1677207
0.51611304
1.109282
0.69748354
0.9641183
0.8272933
1.2579107
0.23818038
0.9643683
1.0439649
0.9163107
0.8639535
1.0578673
1.181659
1.0418086
0.5189249
0.7210017
0.88571507
0.598295
0.2030271
1.0506309
0.6718005
0.89158064
0.65066797
0.98559386
1.1698256
0.93945825
1.2122632
0.33357278
0.44367668
0.7659511
1.0773998
0.21243484
0.67492783
1.1088233
0.30567932
0.93659264
0.5895201
0.40459907
0.5810537
0.38433483
0.7732946
0.5468409
0.8413008
0.65063334
1.047745
0.30280125
0.95243824
0.47134906
0.4554122
0.6562767
0.51652366
0.7829772
1.0338823
1.1623576
0.69504553
0.8858083
0.65792006
0.5251015
0.57628787
0.50434506
0.35653543
1.048235
0.9908679
0.7447845
0.42071888
0.7048058
0.6251147
0.6886335
0.53968924
0.20830932
0.69518054
0.6735571
0.5813309
0.7929474
0.61979926
1.0162213
1.3820534
0.41287953
0.3909872
0.29086536
0.7697662
0.25467947
0.8552652
0.56345767
0.7871216
0.4109973
0.5877354
0.953334
0.78453964
1.0252533
0.10694003
1.1269213
0.95909816
0.7147946
0.21424098
0.77595884
0.8842936
0.7996676
0.48612002
1.1354147
0.7618848
0.45357034
0.6261442
0.8658644
0.26965782
1.1229057
1.019381
1.2664456
0.5665509
0.6143785
0.62676066
1.2293384
0.3181865
0.466194
0.5849391
0.068149514
0.30849054
1.1028627
0.4204708
0.66930014
1.0369897
1.2697686
1.1308161
1.2467566
0.9012256
0.8224034
0.8254154
0.66942793
0.8598248
0.5827872
0.5918515
0.91254175
0.5040954
0.2341893
1.0343033
0.6739661
0.69675946
0.5684388
0.76782537
0.3385407
0.6415786
0.7054704
1.0047269
0.8989354
0.4138831
0.941911
0.7235579
0.41852957
0.67894495
1.0511091
0.54979753
0.7096237
0.74663526
1.0165801
0.6661768
0.92826635
0.48608157
0.4572649
0.5729764
0.5130283
0.39383703
0.52689457
0.5531718
0.4156305
0.36338773
0.3306441
0.57779974
0.9377839
0.45024025
0.8108216
0.60731393
1.0204495
0.75026584
0.97773445
0.68968284
0.39747018
0.5014779
0.9837658
0.21537367
0.37254408
0.9410584
1.2647207
0.90632683
0.80295163
0.88063574
0.89950573
0.86114615
0.6755079
0.31012595
0.6574819
0.35641256
0.52229583
1.2773688
1.1176224
0.15871339
0.4416755
0.8722843
0.76133317
1.0533408
1.1504856
0.29117554
0.46583277
0.6967401
1.1402621
0.30695084
0.69374716
0.87559366
0.6059795
0.42419177
0.3668124
0.49868834
0.5837471
0.74469197
0.6533733
0.45446175
0.48636943
0.5154744
0.24927057
0.8984808
0.6182511
0.79377866
1.2251343
1.0654175
1.0262014
0.27999747
0.6671414
1.183295
0.6195012
0.18480717
0.5968651
0.675337
0.9411642
0.89198935
0.663622
0.7688435
0.2726018
0.68079793
0.71105736
1.2463042
0.3654537
0.75711316
0.53554595
0.80701405
0.56871814
0.8102547
0.74605864
0.83378595
1.2054181
1.151252
0.49595755
0.8874417
0.47635624
0.70291686
0.4904124
0.23946401
0.46694824
0.2317904
0.42520198
0.76419127
0.22795318
0.4943966
0.5795577
0.69337094
0.39794236
0.55864567
0.25333408
0.8859029
0.6590355
0.42559215
0.83293176
0.91449374
0.9952722
0.7751011
0.28285524
1.2178643
0.8573106
0.52405083
1.1374166
0.13272493
0.48942968
0.23213594
1.2046167
0.24782944
0.7873927
1.117376
0.44192272
0.44777575
0.3476875
0.7331323
0.8220531
0.9602542
0.70116246
0.9322381
0.82989496
1.0552896
0.8025111
0.36672238
0.64825386
0.47549123
1.1695381
0.71089894
0.55566865
0.35021383
0.65531474
0.94187206
1.1633672
1.2561086
0.5016288
0.48710167
0.4969158
1.074587
0.3972447
1.0494657
0.541735
0.9910927
0.2581783
0.72390276
0.75560105
0.7627137
0.66783273
0.6533561
1.0265439
0.27650127
0.7087132
0.57056946
0.34167814
0.654056
0.20829347
0.25287718
0.6549722
0.16701134
0.36667824
0.89850724
0.72831404
0.32130656
1.2011648
0.7592078
1.0162343
0.8544806
0.57679343
0.79099464
0.9322204
1.2465138
0.5684112
0.19536658
0.74873245
0.59365076
1.2677951
0.56218183
1.0878847
0.44637457
0.6148545
0.5013021
0.46612358
0.66636705
0.52990854
0.5673719
0.9049767
1.2229548
0.406648
0.8518016
0.8101883
1.0100915
0.70013034
0.72979146
1.1855936
0.7623053
0.52226067
0.65908664
0.9622283
0.5441801
0.44459045
0.5605396
0.8949476
0.93527466
0.472756
0.61482847
0.5846267
0.79948986
0.8680387
0.69168407
0.8253976
0.29265675
0.8933603
0.2712386
1.0418127
0.94822013
0.06600566
0.8218312
0.4051782
0.31072
0.68515474
0.30888823
0.63521653
0.9430975
0.42230698
0.8409837
0.9876791
0.6511491
0.79771346
0.28081998
1.0644625
0.27203962
1.1722164
0.3433527
0.9906478
0.71206087
0.2688562
0.44466132
0.8822087
0.966337
0.7172953
1.042105
0.71086663
0.7125489
0.7077984
0.8196876
0.721373
0.38168845
1.1884682
0.46824855
0.7563714
1.2837971
0.7665948
1.0270841
0.67405623
0.4497433
0.8944203
0.51179415
0.5526834
0.41805986
0.84235734
0.34549055
0.64645064
1.2331558
0.7978313
0.8455248
0.9158048
0.47354352
0.6106971
1.2056344
1.0537919
0.8718246
0.7902553
0.5788195
0.52500695
0.66697884
0.47401726
0.8222043
0.8137367
0.51755995
0.32101238
0.61709625
0.4615696
0.843137
0.6760872
0.79824364
0.6103013
0.9204108
1.0491978
0.65632623
0.8508007
0.9722909
0.6712973
0.7402878
1.0859526
0.49661776
1.0441904
0.8320499
0.61397344
0.6741177
1.0898824
0.7555172
1.1021733
0.82370496
0.63425404
0.7988151
0.95547664
0.5632327
0.8127017
0.6042104
0.09439389
0.85573447
0.8211641
1.1136525
0.6179294
0.80768675
0.99583274
0.613819
1.0111786
1.0779619
0.2102922
0.973382
1.011331
1.218512
1.1428732
0.616382
0.6108967
0.3826902
0.62184644
0.5314914
1.0843945
0.6618555
0.42139187
0.33977914
0.37259328
0.3128584
1.1034458
1.0795296
0.9253196
0.5496668
0.5196635
0.54213494
0.7591455
0.62464726
0.5658644
0.8010018
0.9207775
1.090524
0.68420964
0.83066285
0.5315466
0.56828266
0.530907
0.31027943
1.0911547
0.987459
0.9260298
0.44181326
0.72273517
1.2818063
0.38608927
0.6259461
0.7509424
0.98370963
0.9433541
1.0141691
1.0116019
0.79591227
0.4833163
0.98830247
0.9816237
0.93773824
0.9413223
0.59768045
0.83769643
0.6478175
0.8260234
0.69977456
0.79281676
0.77162635
0.6380794
0.35920525
0.7266982
0.7485389
0.7077235
0.9020325
0.31602573
0.7244679
0.41428545
0.47813335
0.48489502
1.0322661
0.8101746
0.67812437
0.7994381
0.9611336
0.7104122
0.58109677
0.6742501
0.5217566
1.1455384
1.102894
1.1220769
0.81294525
0.59815806
0.5782665
0.3812259
0.32605454
0.52090967
0.34767866
0.2826546
1.0335746
0.54272324
1.1346922
0.66050684
0.65662575
0.90253335
0.7603547
0.75336623
0.8117586
0.9012991
0.67667335
0.8404049
1.0352567
0.3722477
0.9018094
1.1225595
0.5100466
0.39695337
0.386222
0.715891
0.8657591
0.37276343
1.1319948
1.2261887
0.69339174
0.5632266
1.24753
1.0477904
0.45633033
0.6076301
0.5233271
0.53492683
0.8608732
0.38590464
0.43075666
1.1148281
0.962044
0.5050556
0.7304643
0.40652838
0.34896356
0.54273516
0.59065664
0.67923164
0.87502813
0.55617756
0.95035315
0.93414074
0.6577217
0.41540498
1.4500372
1.1073042
0.8005843
0.7182989
0.15274785
1.2739571
0.46325114
1.1790667
0.7331684
0.72145313
0.7637374
1.0532128
0.6164935
0.9567097
1.0167378
0.7124423
0.7598225
0.49708515
0.27451816
0.74767876
1.1706841
1.1098832
0.4504971
0.5497137
0.5742776
0.7448966
1.0039485
0.90768105
0.7611828
1.1471168
0.38880068
0.57779574
1.0328431
0.28932413
0.34676212
0.5261601
1.0850317
0.8051312
0.9979661
0.77748066
0.6717108
0.62805754
1.0548464
1.2385491
0.4721118
0.6494246
1.0123926
0.37435234
1.0471679
0.5482722
0.6960545
0.49508157
0.8259335
0.54166764
1.0468284
0.4891931
0.68412685
0.62366617
0.7123759
0.8925075
0.51540625
0.41644067
0.65098715
1.0893421
0.75890267
1.1721115
0.8624791
0.7843047
0.6417854
0.6732288
0.7061465
0.99559367
1.1605148
0.703767
0.38285676
0.4891276
0.66565186
0.94516265
0.65588295
0.45852235
0.55837077
0.82658964
0.5858793
0.71236646
0.7002076
0.22547475
1.1539943
1.0731559
0.7385769
0.37944567
0.85945123
0.7167996
0.6813036
0.85878974
1.1608894
0.71814245
0.9581453
0.8797084
0.35810426
0.91416955
0.37637892
0.93380105
0.9746602
0.9172867
0.9398897
1.0326118
0.49234182
0.59345174
0.96496785
0.7820676
1.2847029
0.9274147
0.5711746
1.0893021
0.89248437
0.3618758
0.83696723
0.55145496
0.5652489
0.6805541
1.0300484
0.84929615
0.5447504
0.50021833
0.7751637
0.55978227
1.0556146
0.8172163
0.89413804
1.2627687
0.78740364
0.48862115
0.7852628
0.9677182
1.1913472
0.5800511
0.5959395
0.44374093
0.71404064
0.63169855
0.7155725
0.9939916
1.0583007
1.0702419
0.42455748
0.5196135
0.85726947
0.8444629
0.42035338
0.49809632
0.6428459
0.4378001
0.3107738
0.79832107
0.5010511
0.4731075
0.8053578
0.27074456
0.60778856
0.21713229
0.36086556
0.6006097
0.46501353
0.49875736
0.74915993
0.3915393
0.92293906
0.45168313
0.47564295
0.6741221
1.0231308
1.3049788
0.71493536
0.95787436
0.62174654
0.9767959
0.8054493
1.0541784
0.3784125
0.5881364
1.1613417
0.89621305
0.79005814
0.41743815
1.0247692
0.6703155
0.8838534
0.6478661
0.2618039
1.3062996
0.86631876
0.9774166
0.47380018
0.38600737
1.1158166
1.298101
1.106376
0.5028234
0.47480157
0.9981808
0.76538765
0.5737637
0.53508866
1.0741503
0.6926577
0.24834853
0.93980473
0.59036565
0.41055816
0.46765268
0.9182384
1.1162575
0.9189988
0.68713915
0.9249808
0.85443074
0.37943482
0.9174483
1.1422789
1.3841176
1.3939595
0.52385676
1.0631579
0.86326253
0.42273933
1.0679774
0.7063585
0.78714854
0.18185952
0.8329118
0.46345007
0.8458116
0.6382105
0.56387365
1.05169
0.5680396
1.228416
0.39878237
1.0608046
0.8812244
0.6915821
0.95137256
1.1901884
0.80774456
0.79413766
1.0346051
0.80672246
0.6906626
0.67774725
0.90607035
0.6776564
0.3619183
0.77831244
0.7235082
0.8610295
1.0123591
1.2258888
0.39149067
0.28955653
0.562397
0.71025485
1.0965672
0.6663824
0.40907532
0.2571459
0.4338402
0.6444326
0.8090648
0.4020215
1.0694509
0.7962284
0.60241
0.49365455
1.1960886
1.2020736
0.53692985
0.8323131
0.2725711
0.5112902
0.89943105
0.92762613
0.523873
0.39046237
0.8962811
0.38701448
0.42139968
0.6672256
0.4467282
0.5861622
0.83041143
0.9298793
0.49273822
0.2368248
0.74276423
0.85569006
0.6900708
0.8847882
0.59653234
0.4865536
0.8929208
0.764424
0.79526347
0.12814435
0.6629564
0.98693246
0.5735949
0.55210507
0.22453752
0.6586533
1.0187188
0.45630735
0.36497653
0.9007592
0.65480477
0.767478
0.12013921
0.36601847
0.35327557
0.8999441
0.5949854
1.2540745
0.36589193
0.86619836
0.8192999
1.0910538
0.7106622
0.38556796
0.33446792
0.48876762
0.8659849
0.6776982
1.0737875
0.46513066
0.5237881
0.35324118
0.8139766
1.1869947
0.29659817
1.2020413
0.9139351
0.8726775
0.15844157
0.7663575
0.8459274
0.8922051
0.7008156
0.53042865
0.9133466
0.70360607
0.69376224
0.7033552
0.54573494
0.71765405
0.58656174
0.899864
0.35308212
0.42484233
0.3093565
0.9208092
0.9673921
0.91028905
0.94189566
0.7939209
0.73411536
0.8863337
1.2693467
0.6054634
0.6749925
0.64405197
0.88996994
0.6482361
0.8582918
0.6158289
1.1156116
1.2089361
0.41318476
0.32868466
0.7801847
0.6496375
0.32813135
0.48064396
0.6779534
1.0176018
1.0745695
1.1073658
0.9094319
1.1213332
0.6479494
0.74825823
0.6985087
0.59293485
0.5789709
0.6550607
0.86047435
0.8004836
0.978992
0.7418285
0.3458826
0.7956638
0.3615002
0.3377861
1.1770434
0.7015173
1.3332433
0.3182401
0.4755382
0.5637708
0.49058956
0.9088173
0.60367864
1.0112455
0.47732702
1.00563
0.88584185
0.4542961
0.3691561
1.3986971
0.97041
0.6105357
1.1731604
0.47946468
0.7512012
0.9094153
1.0202377
0.38634348
0.6743242
0.35473433
1.1716337
0.9415447
0.934428
0.70425177
0.7200271
1.3295017
0.737598
0.46127892
0.47116274
0.7857147
0.7994095
0.72321266
0.97857153
0.87916756
1.1100827
0.44701892
1.1234787
0.6698728
1.1004621
0.3402443
0.45098194
1.1177396
1.1150734
0.51702154
0.7895683
0.6032147
0.6974266
0.37527898
0.30987412
0.7266894
0.7130067
0.36624932
1.1376688
0.84428525
0.35653082
0.5050024
1.0059463
0.6649466
0.8970237
0.58906615
0.8194611
1.1380762
0.25904912
0.80885583
0.98346823
0.67837286
0.8919725
0.8236381
0.74043065
0.67715377
0.28512505
0.85016954
0.4896152
0.63178635
1.0588963
0.5497528
0.5546384
1.204725
1.0940638
0.20549954
0.6857043
0.62827826
0.56460905
0.4595635
0.810586
0.5515865
0.8100976
0.62673765
0.6538374
0.35015693
0.7056802
1.0951754
0.74863744
0.53661877
0.6983442
0.6852626
0.39662874
0.69127053
1.096852
0.48566642
0.94310975
0.81407475
1.0019594
0.8132781
1.022824
0.95414793
0.8425417
0.50191563
0.70823175
1.0562559
0.93067056
1.0420632
0.525355
1.0080903
0.889742
0.58843255
0.21463358
0.4916744
0.5661953
0.65426046
0.63796896
0.68782854
0.6819973
0.6718588
0.496045
0.97331756
0.93919426
1.1944718
0.71265465
0.74233466
0.5531098
0.60219836
0.33077294
0.9620833
0.6375099
0.6821231
0.7112389
0.9268612
0.8500681
0.7026466
1.0082746
1.21317
1.2598882
0.4799465
0.5494866
0.8048183
0.36440614
0.46637785
0.511132
0.38279524
0.7439857
0.77780354
0.8303174
1.01429
0.3862398
0.9290703
0.858091
0.46777228
0.15466887
0.6176517
0.9013654
1.0497682
0.61745626
1.1800252
0.44935888
0.61999667
0.1907329
0.48833874
0.40137765
1.1694897
0.30111822
1.1014618
0.79315525
0.20930304
0.5869154
0.36689222
0.63911265
0.6994183
0.21274605
0.40478578
1.1954874
0.8722048
1.0450054
1.0917242
0.69568264
0.8472933
1.012932
0.6552084
0.97251487
0.8912561
0.8553174
0.80909777
0.7040479
1.3175235
0.55351067
0.9372396
0.8109041
0.82353055
0.26097202
1.025765
0.92757314
0.60520023
0.6149568
0.17182851
1.1824306
0.93156666
0.9299321
0.7327198
0.9679573
0.7439821
0.923924
0.70998806
0.56847554
0.9616538
0.68162674
0.89985394
0.7030643
0.5280779
1.1106251
0.5911498
0.6933647
0.18541715
0.8951602
0.94801503
0.7585108
1.0538712
0.6914381
0.8803869
1.1973298
1.0408025
0.6851297
0.85834455
1.0263404
0.8329309
0.4541986
1.1130528
0.80796695
0.49299738
0.6207301
0.8113595
0.43961966
0.55037886
0.39897174
0.8331707
1.0052938
0.53036845
1.0716811
1.3249556
0.64564073
0.9519246
0.7088277
0.7884298
0.79619557
0.46667945
1.1670756
1.0042937
1.0159066
0.496849
0.344083
0.44091156
0.38400817
0.70800775
0.5265462
0.88865805
0.9957501
1.0321954
1.13865
0.88710093
1.0668159
1.1317765
0.5650983
0.73614687
0.8010184
0.73109984
0.2362886
1.2064441
0.8282252
0.9704147
0.43703017
1.0396128
0.7343385
0.6935655
0.50977176
0.32105532
0.9127368
0.45816427
0.6758722
0.64077127
1.4529015
0.8205709
0.7893946
1.0661288
0.665204
0.60928184
0.66431206
0.5416298
0.5007641
1.1325623
0.8131956
0.75502115
0.47456214
1.0892004
1.1251647
0.99561745
1.1935157
1.0005933
0.8461375
0.7352383
0.5472784
0.9968979
0.57290155
0.88317615
0.7049244
0.49420798
0.37676215
0.5504145
0.47157663
0.714351
0.25454146
0.9961753
0.9552149
0.47639698
1.3561525
0.71002865
0.7699211
1.0722557
0.9239964
0.3773743
0.94792384
0.6361144
0.791275
0.6373033
0.88564134
0.5692097
0.7200356
0.42883113
0.75251657
0.46186388
1.0665421
0.47246298
0.9879428
1.0628452
0.89421386
0.91055894
0.8696659
0.46265906
0.6535335
1.260771
0.9520214
0.64116734
1.0896282
0.4936846
0.90213656
1.017974
1.2586823
0.5591405
0.6935223
0.69201577
0.45341963
0.8542093
1.2935323
0.97580606
0.52179646
0.5654332
0.75509423
0.72474056
0.77236587
0.90991634
0.73494333
0.52424604
0.88853765
0.9582525
0.63010937
0.33954164
0.47587746
0.49005532
1.1926965
0.91844654
1.2079302
0.4314732
0.43310645
1.1158521
0.6910832
0.6361155
0.71146125
0.87904024
0.68727976
1.150119
1.042332
0.38621596
1.0924693
0.7287382
0.32734382
0.5227131
0.881838
0.38120124
0.55161035
0.2697686
0.57085514
0.79373986
0.6740278
1.0989563
0.33026925
0.48234138
0.56401575
0.14552064
0.81369704
0.36977464
0.4887953
0.8273074
0.50049055
0.60213006
0.6891193
0.9065546
0.9186579
0.6490697
0.4105224
0.82993025
0.5860031
0.16098619
1.1433501
0.762171
0.92629683
0.6150932
0.5793889
0.96316665
0.3752485
0.61174995
0.35654232
0.56899947
0.9381981
0.6892743
1.059563
0.4204036
0.85781527
0.6163362
0.66909605
0.38937017
0.9824209
1.2415158
0.6294367
0.8551806
0.95911056
0.98681915
0.9021267
0.81619984
0.43562874
0.93556607
0.5768274
0.6259406
0.6691492
0.6561159
0.72095114
0.56813854
0.9008199
0.7374995
0.7985881
0.3313342
1.1784402
1.364819
0.2321108
0.916721
0.68611115
0.38498685
0.7877615
0.4000424
0.81968564
0.76614714
0.51923347
0.95108885
1.0160044
0.9316828
0.9700367
0.8100571
0.90800536
0.92263544
0.51235026
0.70739955
1.1311823
0.7189614
0.61626834
0.69866025
0.63005674
0.8350112
1.0160685
1.0733234
1.0908893
0.9338885
0.710355
0.72379583
0.22892302
1.1183851
0.8133824
0.9496894
0.6092829
0.43486607
1.3699476
0.3329005
0.44837806
0.71781737
0.780566
0.6462852
0.36980227
0.8668146
0.6222423
0.76728624
0.46414667
0.6683433
0.6585154
0.45329696
0.6026054
0.98332316
1.0031503
0.38277614
0.41444287
0.377035
0.92545086
1.128548
0.5504785
0.5255874
0.7102818
0.19719803
0.47816545
0.5348908
1.1704867
0.77756
0.6102346
0.6338762
0.32079622
1.1806821
0.5884912
0.5467198
0.6034592
0.81454635
0.9493684
0.74074984
0.7232614
0.73237175
0.8472717
0.9785485
0.78234076
0.7097243
0.6125195
0.7400493
0.62562436
0.58321244
0.20618494
0.6219267
0.3714584
0.36130932
0.41891596
0.6728362
0.6552661
0.8260556
0.81244034
0.86027324
0.67000556
0.40633485
0.38453266
0.5696302
0.39432123
0.90318817
1.0729443
0.42944705
0.30311495
0.40039715
1.0060753
0.84221363
0.5702164
1.0417609
0.33160934
0.85341835
0.7873924
0.82324106
1.0631598
0.63508624
0.7533317
0.4199429
1.0096551
0.6245774
0.2462885
0.6788357
0.76998204
0.7371379
0.70357084
0.7667828
0.64321053
0.43119165
1.127997
0.8783997
0.28067726
0.56237054
0.3687493
0.6089795
1.0442518
0.71590936
0.5758369
0.68329954
1.1981239
0.96831274
0.82995415
0.40783226
0.6157073
0.46280175
0.993761
0.53147167
0.28443626
0.6683808
0.44189748
0.6521967
0.9384769
0.77413404
0.16801041
0.99351156
0.9557275
0.7675431
1.3162597
0.5696426
0.4418886
0.6809108
0.5944541
0.66099375
0.9821841
0.77110934
0.58780926
0.513458
0.8554692
0.6645202
0.3909565
0.9173164
0.764037
0.941688
1.2534732
1.2589355
1.0255682
1.0169203
1.0202566
1.1160138
0.68366337
0.37572652
0.6135234
0.88928455
0.8833175
0.1598685
1.0749063
1.1240987
0.31146282
0.72941315
0.6115331
0.6221808
0.5417818
0.78973764
1.0891083
0.71546793
0.73893374
0.9840742
0.6694596
0.6863116
0.26706508
0.72026646
0.96129555
0.6490178
0.9305579
0.65456617
0.48759964
0.54853153
0.416729
0.71391124
0.9271862
0.596614
0.86898214
0.85567564
0.98975056
0.719822
0.21028529
0.7476974
0.62871844
0.5901909
0.6828165
1.0050658
0.76649964
0.73006487
0.90207696
0.9784371
0.50636935
0.63882905
0.4136217
0.8254705
0.77018666
1.095796
0.7878225
0.2521126
1.2073776
0.62477607
0.8341229
0.89694244
0.665798
0.5955412
0.34017342
0.3663049
0.46472126
0.64947176
0.36577892
0.5368731
0.4484293
0.7468458
0.71884584
0.45745185
0.92689466
0.99018025
1.1063867
0.30741295
0.50610006
0.94293475
0.51898223
0.6934862
0.5306766
0.3049468
0.5816993
1.1212239
0.67078495
0.31367087
0.06322076
0.33055338
0.31938493
0.6295385
0.725912
0.5614694
1.1030223
0.78472364
0.9281639
0.8606368
0.41957462
1.0464504
0.7773978
0.6868048
0.2922735
0.62851703
0.7604357
0.75078815
0.8921165
0.95430064
0.410263
0.47857106
0.8214376
0.30752963
0.85475665
0.9340195
0.12822118
1.0834839
1.3716155
0.90570855
0.7647924
0.73244363
0.72713745
0.94292855
0.9155242
0.829697
0.36266595
0.44042802
1.0461849
0.70993936
0.5627324
0.77226335
0.6003034
0.15803288
0.44642764
0.672748
0.8361201
0.53618795
0.68456817
0.51395726
0.5317413
0.37020966
0.8825498
0.90798146
0.7317769
0.96484077
0.70190436
0.75751454
0.3351836
0.43416315
0.27578825
1.0291582
0.72509146
1.2943494
1.0365186
0.6029896
1.106425
0.48795465
0.5420703
0.72969806
0.9898203
0.4448068
0.7909755
1.0381753
0.3494089
0.27924573
0.6472539
0.7024271
0.82912666
0.78691036
0.608511
0.9548187
0.6629899
0.99356556
1.1536103
0.41879943
1.0998756
1.1957189
0.45164308
0.47202381
0.18530974
0.7295041
0.26516825
0.56506807
0.4869778
0.96960896
0.6751032
0.80306983
0.5484969
0.81992453
0.78756744
1.1539026
0.67623675
0.3216703
0.67249715
0.58459145
0.91226745
0.37846535
0.7390492
0.73962075
0.5795393
0.74153256
0.79846746
0.46657148
0.27826172
0.71332496
0.8344056
0.7241607
0.8003552
0.51896095
0.7492584
0.8182117
0.8805883
0.37540984
0.56703967
0.5571118
0.565851
1.4259905
0.47797537
0.8181048
0.9884355
0.37007183
0.7686473
0.76040876
0.5897048
0.51590616
0.6515849
0.57481664
0.8135606
0.20645943
0.8454123
0.7458439
0.50088686
0.70481086
0.624455
1.1418632
0.8734534
0.5042119
0.4847657
0.860092
0.8692845
0.5461499
1.188584
0.7661466
1.0083371
0.5143022
0.3344485
0.97476035
0.63641846
0.60365015
0.77323014
0.84890705
0.97300124
0.5282468
0.26474306
0.93954253
1.0392873
0.4031803
0.35449615
0.47698066
1.0102572
0.7891796
0.75430816
0.38823417
0.41659278
0.9498768
0.7795328
0.40657318
0.59624404
0.60489875
0.54895633
0.74229294
0.83565515
0.9418381
0.11944426
0.5225206
0.25303212
0.9223118
0.97064143
0.8753629
0.63057363
0.61916745
0.80503595
0.5043785
0.87112576
0.07041755
0.73680866
0.57171565
0.79645056
0.71228653
0.39421403
0.88027257
0.2865326
1.1024688
1.3514117
0.8007396
0.6735144
1.2377554
0.17750002
0.5928855
0.78919375
0.57693654
0.6649532
0.5614407
0.6989089
0.8177159
0.9819632
0.61773574
0.4501683
1.1798246
0.67953074
0.89489776
1.0247968
0.77386403
0.49648103
0.8848548
0.25368688
0.74713886
0.7767787
0.834351
0.8789088
0.5465235
0.6152226
0.74323815
1.0454819
0.5267199
0.8745343
0.7869885
1.083311
0.79255575
0.52446073
1.1457953
0.8657296
0.71138406
0.9528564
0.4675189
0.8213044
0.75839853
1.1977834
0.24656335
1.0694357
1.0222588
0.67468786
0.40822026
0.8644408
0.63492227
0.16622561
0.2954641
0.7649878
0.5626016
1.0209732
0.8208541
0.94074637
0.7200908
0.7988887
0.8198898
0.56146437
1.074513
0.36760247
0.39785984
0.7396822
0.8336224
0.7139848
0.89663935
1.0786844
0.67295533
0.8210272
0.7359187
1.0090237
0.74766743
1.0660428
0.3427289
1.0304182
0.5974673
1.0353695
0.8831149
0.9550615
0.4341116
0.7421351
0.82931936
0.9998264
1.2026713
0.6633171
0.5510829
0.77275264
0.73475957
0.6155413
0.55530196
1.0329385
0.5085357
0.9419088
0.6902478
0.9237763
0.58732116
1.0586455
1.3015803
0.73837185
0.53995275
1.1934248
1.2821186
0.40373555
0.6422958
0.7086107
0.6530089
0.56467223
0.9660464
0.8028108
0.9829888
0.41305968
0.8447613
0.7078984
0.26107934
1.2630775
0.4040287
0.70179814
1.0214092
0.75755453
0.783276
0.841722
0.4048937
0.6402677
0.34906176
0.6325144
1.0725687
0.43279195
1.1251723
0.83477813
0.9241839
0.7374068
0.48691252
0.67008376
0.7313405
0.672415
0.50539047
0.8453417
0.94075996
0.4508487
0.9177549
0.6572729
0.8369014
0.50604033
0.49962428
0.8248245
1.0770242
0.24803916
0.40805995
0.7575196
1.1865318
1.1629004
0.7696097
0.5965355
0.5669658
0.6242875
0.61796016
1.0401213
0.8250757
0.68440175
1.3088982
0.48668188
0.7804892
0.5769541
0.83746904
0.6031286
0.9602435
0.7393328
0.8638801
0.9196693
0.68669635
0.4827973
1.1736056
1.0553011
0.4648593
0.5815791
0.26825702
0.5493209
1.0268432
0.31607068
0.46844292
0.4395559
0.88392615
0.8080879
1.1576785
1.1149843
0.7807758
1.0937848
0.8458582
0.17374767
1.2727038
0.22811134
1.0551962
0.8323139
0.7204751
0.572029
0.92932475
0.89359087
0.4510652
0.19352864
0.8777086
0.5982426
0.4862683
1.1418028
0.6650686
0.9695646
0.75647265
0.4498186
0.8191098
1.0448773
0.7446562
1.2914766
0.5348908
1.056287
0.91770554
0.23852558
0.59118134
0.7235896
1.0714481
0.5074043
0.5428188
0.7351328
0.7692755
0.63940734
0.9785543
0.9411769
0.44004616
0.8436546
0.72655046
0.5238748
0.8329912
0.9677527
0.8931351
0.9337179
0.72147965
0.36121
0.8456194
0.68057215
0.44161218
0.92263556
0.9458886
0.96083355
0.9081487
1.2838719
0.693754
0.69988537
0.3505241
0.2584699
0.13908578
0.89490414
0.765544
0.74796
0.37530538
0.37853166
1.0260341
0.7676047
1.269203
0.5702306
0.63243425
1.2798434
0.32872346
0.3452873
0.8251417
0.6377566
0.4079647
0.5433678
0.70276356
0.83394706
0.487336
0.6403689
0.39919645
0.99804294
0.9276972
1.1335824
0.6623745
0.20426624
0.29356587
0.8318321
0.7338617
0.5065337
0.77906007
0.85873014
0.9548951
0.63528836
0.42857942
0.3684301
0.43198842
0.68190885
0.42483446
0.66371036
0.7229345
0.95981705
1.1375746
1.0275553
0.4263038
1.351611
1.0618541
1.07634
0.36068332
0.7585814
1.2443745
0.5932034
0.15191665
0.77638865
0.7802611
0.6730877
0.6463838
1.0797595
0.6457911
0.8977708
0.6055635
1.1705655
0.725641
0.4097903
0.8174406
1.144604
0.29771915
0.43900114
1.0164071
0.11251361
0.8008312
0.6781934
1.1381685
0.65716004
0.7398905
0.7224037
0.87927634
0.79628193
0.5976943
0.7125562
0.6910356
0.40402216
0.44864264
1.0760627
0.21039721
0.67046136
0.61216617
0.5722894
0.5519496
0.84853476
1.0046065
0.6350687
0.65478224
0.9337787
0.22843921
0.2540388
0.35649166
0.27293956
0.46922445
1.0212401
0.5503949
0.6446473
1.2965592
1.1354682
0.42587435
0.3306712
1.0575835
1.3865716
0.95226693
0.6095158
0.5837137
0.71493286
0.89917594
1.1977111
0.5151102
0.8599633
0.78742653
0.78301185
0.36663955
0.49075663
0.5084502
0.11952791
0.4561575
0.7354536
1.0776135
0.96511704
0.5833414
0.48217973
0.56969273
0.61223745
0.89423364
0.5378367
0.97211486
0.8861278
0.3090739
1.0069779
0.15523665
0.69562745
0.5662063
0.7671315
0.6802119
0.3280534
0.3744032
0.52063745
0.48375392
0.9079689
0.40181568
0.75859
0.6043284
0.2813257
0.74381644
0.54763556
0.18377057
1.238043
0.7758472
0.2065089
0.23697174
0.7710097
0.61845785
0.42807668
0.79802895
0.66812295
0.75285476
0.24384736
0.48225158
0.620145
1.1276346
0.47690344
0.83327264
0.3689616
0.61204046
0.5922509
1.0290664
0.9595772
0.5000456
0.76227266
0.50604814
0.37498865
0.69333434
0.34624577
0.74930316
1.357048
0.71727806
0.81388295
0.65256494
0.28106344
0.8587104
1.0009007
0.9614462
1.0104437
1.0168628
0.6980972
0.29771206
0.8489137
1.0776109
0.9375741
0.40059963
0.6163514
0.56450665
0.82350147
0.6927666
0.30678067
0.6242832
1.0111092
1.3534297
0.7574779
1.0236208
0.5345404
0.44215414
0.46944445
0.95673543
0.27407998
0.86653847
1.1223243
0.7833136
0.6265896
0.5449099
0.29510054
0.78066164
0.54179347
1.2204059
0.7115378
0.77972335
0.75483525
0.7417796
0.98131186
0.2738353
1.0040163
1.0235445
0.71524686
0.87625
1.0510174
0.7759161
0.5630974
0.60147935
0.73902786
0.79326725
0.68477273
1.121835
0.88524914
0.44421077
0.77374846
0.53993213
0.41085976
0.4644085
0.50947124
0.18421756
1.0186313
0.50837123
0.7473271
0.37240222
1.256319
0.6332763
0.94716394
0.59089786
0.30455554
0.57946116
0.73284477
0.8568836
0.53023064
0.86565787
0.98708445
0.605402
0.5925666
0.58793664
1.0035491
0.75430006
1.0248996
0.25082645
0.4923814
0.82366025
0.6499962
1.129286
0.88394743
0.9294934
0.53027594
0.9699774
0.43533605
1.0962874
0.50463873
0.4628769
0.60247123
0.3971516
0.34665552
0.7844527
0.7067514
1.2506521
1.1923939
0.8250145
0.72938234
0.82124895
0.6796905
1.0989807
0.89133304
0.9917482
0.6082234
0.59371006
0.8896826
1.2484089
1.3882997
0.245245
0.6888451
0.700411
0.14556544
0.32850498
1.0494967
0.9274119
0.59862375
0.6266187
0.5369044
0.81867
0.8170594
0.90533197
0.8247549
0.50732565
0.92405313
0.5682352
0.7613626
0.40646878
0.8513533
0.29676017
0.41863182
0.6470403
0.87249416
0.51337093
0.71526456
0.27645144
0.832904
0.5917354
0.6439215
0.78244376
0.6720807
1.3238454
0.7041609
1.1250895
0.2839187
0.8728978
0.33429182
0.5382705
0.46156102
0.51891935
1.3120422
0.7434703
0.95218
0.9159199
1.101706
0.66971374
0.61698556
0.17686445
0.9781812
1.0330601
0.0423273
0.5067024
1.0715221
0.2859378
0.56558007
1.2575212
0.46082917
1.1464483
0.8776487
0.45902988
1.1523879
0.45782274
0.6866749
0.93428504
1.0655022
1.0453433
0.85266197
1.075574
0.7158901
0.61596787
0.48937035
0.9996591
0.5786004
0.82587403
0.6758551
0.65188813
0.7909353
0.6543232
0.5930231
0.6676361
0.6131197
0.552231
0.39192817
0.96595746
0.59200686
1.0085917
0.7674227
1.1351762
0.81367385
0.4083027
0.8304487
0.8705079
0.6965602
0.649022
0.702508
1.1641846
0.65453696
0.98936313
0.7103414
0.52369905
0.696349
0.889277
0.25816715
0.5285822
0.81072253
0.5132568
1.4117899
0.58504945
0.11625889
0.44683397
0.79353344
0.44803536
0.74126494
0.5717113
0.66272557
0.542346
0.94211006
0.46501514
0.70193344
0.8082346
0.6140255
0.60238606
0.56569767
0.58790326
0.24611786
0.55602384
0.26790145
0.8098098
0.90076333
0.1975594
0.7846061
0.7023406
0.5128562
0.5309752
0.7286794
0.14220235
0.79831386
0.5639048
1.0614785
0.9818322
0.7872419
0.92324775
0.6635159
0.6714158
0.56443024
0.8480432
0.66115546
0.5465008
0.24267574
0.7548385
0.4274627
0.9917701
0.40886652
1.2268333
0.78082705
0.75160605
0.57942194
0.36959094
0.9546375
0.76376325
0.55228597
0.7503304
0.88026226
0.6476661
1.1046587
0.4475697
0.95069873
0.56546754
0.76592374
0.84303814
0.36888686
0.7987089
1.0319517
0.8725163
0.61065876
0.9777084
0.53916883
0.51665616
0.36598748
0.63318944
0.46757245
0.6349112
0.7152874
0.8352213
0.9102987
0.46498504
0.49380574
0.9858594
0.6700633
0.7663508
0.65901744
0.5832001
1.0815363
0.5019757
0.6658612
1.0233186
0.6182037
0.79718894
0.90126485
0.32756355
0.5600709
0.7102192
0.7742914
1.3565147
0.56461984
0.685493
0.9654717
0.67830795
0.69188637
1.1253906
0.70794255
0.4186602
1.0068682
0.79676586
0.74190444
0.63655066
1.0449029
0.74373966
0.6084298
1.1678008
0.6285891
0.6652513
0.88354874
1.0693738
0.8303962
0.4191206
0.47557247
0.49736845
1.0264508
0.9782716
0.58093435
0.98537934
0.9879141
1.0206416
1.2638494
0.49891087
0.79357094
0.5854877
0.37220275
0.7919905
0.34868246
0.67767495
0.8877282
0.84967434
1.0170414
0.7785485
0.19861439
0.37256715
0.70499283
0.18296885
1.0710455
1.242832
0.8144024
0.5280323
0.56530845
0.34174725
1.0606276
0.30630797
0.8367855
0.4107294
1.2873226
0.75687534
0.66345185
0.52624196
0.33269584
0.54174626
0.6530143
0.9390957
0.9689006
0.79787534
0.38816807
1.0982846
0.8858715
0.8679192
0.14444019
0.43256557
0.5899002
0.6249314
0.6283536
0.75727963
0.18731928
0.76878095
0.4702875
0.25499317
0.51541626
0.8275196
1.1058348
1.0341341
0.5748583
1.1330076
0.70460224
0.6305475
0.22181898
0.42851043
0.70291716
0.70881575
1.0887926
0.37486333
1.0209202
0.89204144
0.25443757
0.796943
0.6075778
0.83287674
0.6429307
0.97337836
0.7772315
0.19624321
0.779508
0.77374434
0.8807139
0.9430425
0.6574456
0.76071095
0.3820446
0.84463894
0.8562318
0.47666326
0.5718839
0.9042549
1.2359896
0.7753272
0.57109284
0.9199507
1.1103437
0.6913677
0.9416228
0.6144827
0.8328477
0.6362119
0.5314202
0.37036887
0.73521924
0.83570296
0.65874827
1.047471
0.8846196
0.75830024
0.8960767
0.47571427
0.8346469
1.0547093
0.8388727
0.596515
0.7617184
0.707773
0.6251573
0.8194874
0.3960498
0.7449585
0.7063436
0.45837215
0.2210801
0.8456758
0.565406
0.75477797
0.5319966
0.6803739
0.4111581
0.78084433
0.30567455
0.46127722
0.37649798
0.16905428
1.1973107
0.45662877
0.9004249
1.1714197
0.7727409
1.2115252
0.83241117
0.81086344
0.7108277
0.66470873
0.5512404
0.8467771
0.82588655
0.68909496
0.87324756
0.91538703
0.8126353
0.6658735
0.9498019
0.771839
0.9341156
1.1163962
0.66939044
0.6431449
1.0305908
0.7170823
0.36331514
0.3140088
0.68648237
0.16881284
0.7657844
0.29748902
0.92222506
0.33045518
0.9833931
0.39351442
0.3974025
0.44009018
0.6091043
1.0532998
0.19052324
0.3684065
0.8756856
0.62371117
0.9198346
1.044782
0.51554143
0.66713023
0.6238546
0.622403
0.52099025
0.53951037
0.5953642
0.4911969
0.5622696
0.52256924
0.83412313
0.63408655
0.90989524
0.6853003
0.7063882
0.6481561
0.96412885
0.56273973
0.7680349
0.50995755
0.43551025
0.7515416
1.0932105
0.18281955
1.0721055
0.6702338
0.85937345
0.7116313
0.5900936
0.36874196
0.56559813
0.70551777
0.74688566
0.8710449
1.060114
0.35870948
0.6525202
0.30076396
0.43114507
0.46588412
1.1478955
0.591163
0.5974234
0.6777523
0.3785508
0.6807176
0.52522856
0.7419982
0.77256024
0.30843028
0.93345416
1.179359
1.163392
0.9562701
0.33747894
0.63616043
1.1280377
0.666718
0.61360306
0.8062878
0.743983
0.5068841
0.75278544
0.33153602
0.5144887
0.66707915
0.8330635
0.6975566
0.74781495
0.6391035
0.75886846
0.9553532
0.85270274
0.8928633
0.6756997
0.38709363
0.7224644
0.92005855
0.6467023
0.54438096
0.74044985
0.74341416
0.9897567
1.0033016
1.209159
1.0546203
0.3390012
0.7934843
0.62771606
0.76188856
0.56149435
0.3023236
0.40845346
0.87545043
0.5484799
0.5235863
0.7490362
0.49095324
0.58576584
0.74204946
1.0149095
0.91426194
0.73967934
0.7654125
0.9794405
0.530156
1.1792866
0.65087104
1.0259436
1.0369562
0.6084831
0.3305032
0.65230167
0.6983646
0.38600153
0.6418352
0.38695773
0.66569674
1.1860183
0.5845942
0.6333351
0.82326424
1.0277052
0.47802234
0.2387948
0.40344152
0.9973871
0.5639418
0.64100116
0.27156818
0.97909015
0.5311005
0.6047187
0.9614887
0.88488054
1.1727026
0.30667514
0.960966
0.67174137
0.8806072
0.5392304
0.41851598
0.6758172
0.6593668
0.6707365
0.976101
0.35346013
0.6547028
0.5953887
0.9505162
0.8132103
1.0411493
0.5669124
0.67272156
0.7133352
0.9327743
0.66625667
0.7817148
0.7620032
0.84507453
0.9005745
1.0330367
0.4306551
0.5045568
0.97284454
0.6924697
1.074395
1.0035818
0.71148586
0.98719376
0.43702164
0.6770843
0.79102176
0.79776424
0.52163523
1.0328538
0.68040663
0.8824599
0.49510464
0.27181333
0.25862706
0.7428343
0.63940126
0.7440038
0.762876
0.70417863
0.6876517
0.823803
0.52695626
0.6457228
0.48106974
0.3971267
0.4914562
0.5341103
0.69799215
0.908988
0.8624983
0.6649045
0.84486324
0.88719505
0.6675175
0.99073774
0.8660537
0.67280805
0.5316885
1.2351693
0.95915514
1.1661242
0.5652325
0.5620148
1.20456
0.99151397
1.2018456
0.8787147
0.9877322
0.6219253
0.92028594
0.8751241
0.9807783
0.7865635
1.1281729
0.5040795
0.57247156
0.37931448
0.6823175
0.5732807
0.35236028
0.816347
0.70922136
0.7960227
0.94867915
0.8309139
0.83490795
0.5419563
0.93295556
0.5922842
0.57116127
0.6038743
0.4493518
0.9276281
0.43436098
0.44849986
0.48789588
0.2848942
0.7426097
0.8285079
0.92952543
1.029165
0.8104176
0.9168495
0.7014753
0.42809308
1.0898061
0.36382395
0.84831434
0.44015127
1.0134504
0.4048126
0.6526503
0.63053477
0.48416737
1.270584
0.50247633
0.7298969
0.40007198
1.2343321
0.7630787
0.92446154
0.67590696
0.44741073
0.6406728
0.843872
0.95732343
0.861395
0.6821026
0.6419418
0.45124984
0.8564206
0.9013127
1.0116286
0.92208076
0.93235904
0.9054532
1.06635
1.0460306
1.1248153
0.826549
0.71942735
0.39448074
0.95052105
0.97200227
0.85925066
0.67731917
0.66170794
0.46894786
1.1817707
0.85093033
0.5278351
0.390944
0.59078133
0.45848444
0.2800581
1.0387195
1.041423
1.0774068
0.4545484
0.71266454
0.7118312
1.1000334
0.6792389
0.37758327
0.5152491
0.47845855
0.822773
0.39012814
0.50639814
1.0004863
0.76137507
0.71284944
1.2748388
0.56984884
0.40299293
0.61759377
0.47738394
0.85542274
0.48771822
0.37909922
0.59768605
0.51145506
0.8413544
0.6563005
0.5093227
0.52977246
0.6311124
0.51404923
0.3894243
0.46694326
0.8037642
0.8284909
0.39350975
0.42592168
0.6506317
0.30936185
0.86022276
0.2998864
0.83605146
0.9401164
0.7321741
0.38379103
0.555071
1.0102198
0.38253006
0.5538277
0.77144164
1.1155595
0.5358675
0.36402997
1.0051941
0.88387066
0.6142571
1.434982
1.1122235
0.3056797
1.0295132
1.0449085
0.9281983
0.6527738
0.67937094
0.54198146
1.0153178
1.2574719
0.49132955
0.80995464
0.6268624
0.19796535
0.9182338
0.7521828
0.9566402
0.87838924
0.8229864
0.7121673
0.348628
0.6824322
1.0056645
0.5253702
0.39571798
0.22524348
0.57259357
1.0102184
0.9498437
0.3421162
0.9024246
1.1170563
1.069712
1.1753811
0.4259126
0.722229
0.7668614
0.8501674
0.7037543
0.48940435
0.8382003
0.4755539
0.35545567
0.8191073
0.52920765
0.28341746
0.7967008
0.8728937
0.9295678
0.6465978
0.5000906
0.7929504
1.0975521
0.5352892
0.81265354
0.71935225
1.1076553
1.0219688
0.46536458
0.5948889
0.80013686
0.9279831
0.69109124
0.61296386
0.5743786
1.0433234
0.95446116
1.0390153
0.9038568
0.4525995
0.86607987
0.6965972
1.0012681
0.7073319
0.7193158
0.6343867
0.5371045
0.7421442
0.5436287
0.41942385
1.0204113
0.5578315
0.42374256
0.7157883
0.5185794
0.98722726
0.65979767
0.2988576
0.6625337
1.0090896
0.55078346
0.30291066
0.98202586
0.52759844
1.0491284
0.8851582
0.81818277
0.63765985
0.99342793
0.2206475
0.3567615
0.8130307
0.70749956
0.82468027
0.686682
0.8840884
1.059467
0.81229895
0.5750421
0.7952931
0.52482176
0.5374987
1.2080387
0.8115594
1.2100555
0.650448
0.73783237
0.848992
0.24526012
0.78652984
0.8704586
1.059902
0.35579774
0.9724563
0.7099183
0.9228636
0.7897355
0.39870688
0.5893227
0.7269608
1.0094099
0.49099115
0.6539195
0.53202087
0.5046651
0.5415502
0.91271085
1.0980704
0.6777189
0.86153895
0.5363228
0.2517014
0.97951007
1.0565131
1.1452186
0.5341713
0.6516836
0.98902655
0.8121806
0.4799538
1.09844
0.91857016
1.017179
0.3143978
0.60995054
0.8907359
0.6290436
1.0400819
0.9438506
0.59198713
0.62631387
0.808231
0.44784632
1.3030297
0.99044347
0.85699356
0.97730255
0.51722556
0.54714763
0.8143275
0.38984594
0.76379806
0.8181024
0.8678521
0.44790286
0.6112923
0.9365436
0.8643809
0.7731809
0.6521437
1.2607516
0.32558402
0.5404822
0.7349226
0.5817106
0.81239116
1.227511
0.43792295
0.6969645
0.6554177
0.7986831
1.2037622
1.1039118
0.3438912
0.91682464
0.99779946
1.1253719
0.41683593
0.78557307
0.80613977
0.23976687
1.1576779
0.78095406
0.7750027
0.9765188
1.237745
0.86360925
0.9622447
0.5804598
1.1534166
0.98488635
0.61521876
0.9391761
0.66346604
0.6264626
0.52751905
0.23563503
0.95516163
0.7728027
0.9869849
0.94536984
0.55975986
1.0495504
0.880765
0.47264135
0.93878335
0.6066307
0.7568934
1.0966938
0.68413025
0.88168395
0.57912534
0.51805985
1.2050781
0.67499304
0.9539241
0.17646626
0.6791774
0.6318588
1.048341
0.51332945
0.64896363
0.7503265
1.0304196
0.48274052
0.57917523
0.56119776
1.1198653
0.57108676
0.64529705
1.0599687
0.355526
1.1234072
1.0020164
1.0215509
0.7631757
0.82893276
0.4364649
0.8158065
0.9742421
0.714248
0.44375616
0.43819678
1.0943809
0.8753298
1.068027
0.52059877
0.51080084
0.72012675
0.53036594
0.7742381
0.41978267
0.52124375
1.0327007
0.8902639
0.67220116
0.42582998
0.76625085
0.4910439
0.6838617
1.1884959
0.45317736
1.1546258
0.44813743
0.2326878
1.0744219
0.39215043
0.7941313
0.70067316
0.46278158
1.0503412
0.59800416
1.0233073
0.5793454
1.0162852
0.76134145
0.7408668
1.0493463
0.43531793
0.71615595
0.68914133
0.72184813
0.9410082
0.42920142
0.85378486
0.43821162
0.7593121
0.50953203
0.4818825
0.9634994
0.63729656
0.6316484
0.23795158
0.7255612
0.9779764
1.1296726
0.9855408
0.42708197
0.30194345
0.98462224
0.54756486
0.3709113
0.80664766
1.1019871
0.8503438
0.38847348
0.6175756
0.4158788
0.5340723
0.49890095
0.682243
0.67001283
1.0209154
0.85937655
0.5247109
0.34770453
0.8465055
1.0748603
0.7002501
0.79751045
0.6322619
0.35954487
0.51627904
0.88246864
1.0275571
0.34035268
0.51051825
0.35506693
0.76834106
0.36356142
0.91234314
0.6573665
0.61355954
0.49228942
0.9180609
0.8308511
0.97746575
0.87944865
0.35647622
0.42026842
0.51015323
1.1844482
0.40368336
0.5607287
0.5361185
0.43064073
0.58544123
0.8292024
0.28946543
0.37085053
0.7959871
0.6301966
0.9624358
0.34116256
0.7742636
1.3999811
0.80118024
0.46518287
0.52736956
0.8967283
0.80506253
0.40314612
0.67482823
0.92620397
0.33581597
0.7113884
1.1187994
0.82731026
0.5155305
0.8984728
0.61600626
1.0746497
0.84451276
0.42206094
0.73846185
0.7827474
0.48559827
0.38113576
0.4727608
1.100793
0.8913295
0.35602558
0.97714686
0.784612
0.29474366
0.20796132
0.7784473
0.7070659
0.64990664
0.58148015
0.58333415
1.0764222
0.5739592
0.6490162
1.2117991
1.2773077
0.5256567
0.7478859
0.47007316
0.67328393
1.0041449
0.63845944
0.4434344
0.5218361
0.5040602
0.46870387
0.55587053
0.4693087
0.5797844
0.6535469
0.5489382
0.62760085
0.49189857
0.69588417
0.70762414
0.5880695
0.41654068
0.99779415
0.2605373
0.41027853
0.7865352
0.8961346
0.5820069
0.6212526
0.33407903
0.6361595
0.51300585
0.5591675
1.110004
0.59281194
0.4871551
0.6750256
1.0346758
1.2568649
0.7455515
1.0527127
0.81789994
0.41351718
0.3366992
0.7060018
0.9568106
0.85303205
0.7370309
0.21996507
0.942679
0.96884835
0.6687538
0.68134683
0.63145995
1.0028716
0.86639726
0.7899689
0.29501772
0.6740748
0.90255105
0.79003
0.59498864
0.20381843
0.3331094
0.5161411
0.45334142
0.64490473
0.41659144
0.3688651
0.19093862
0.7432048
0.6795621
0.45097545
0.6820243
0.25645846
0.9334911
0.52571934
0.9362615
0.7065217
0.49095514
0.38367683
0.9011745
0.67726135
0.64449275
0.9363422
0.31103578
0.33265108
1.0235136
0.5482679
1.103547
0.6118482
0.59442616
0.21263102
1.1288209
0.2906101
0.85938156
0.9681731
0.25085127
0.38608468
0.83439547
0.49456596
0.33731535
0.9554414
0.79759556
0.43349677
0.6199792
0.5422753
0.7157419
0.4899462
0.96238595
0.62531674
0.5437742
0.6030115
0.8401362
0.578477
0.8867015
1.0774965
1.0991838
0.5834903
0.7862964
0.7828004
0.24925508
0.39735946
0.51366115
1.2367759
0.7922111
0.69734484
0.8765356
0.5995771
0.53810644
0.9916753
0.7312328
0.81504136
0.7780339
0.48538083
0.80445445
0.9309994
0.5534025
1.3236927
0.72405916
0.5577604
0.85010946
0.8938352
0.43269655
0.56770694
0.9232074
0.6632203
0.5610788
0.81457883
0.9116086
0.29954416
1.0675247
0.63580525
0.22145303
1.0207595
0.94613284
0.913207
0.5692181
0.57374895
0.21349107
0.25541496
0.5933547
0.31807774
0.8651248
1.083224
0.5480765
0.62268424
0.6934614
0.9302261
1.0241145
0.7737401
0.9623303
1.3171804
0.61903024
0.7086412
0.6116269
0.884104
0.94181687
0.8489984
0.41838288
0.6930339
0.5637161
1.0907863
0.62141967
1.0549514
0.74137044
0.92818546
1.2254924
0.30578712
0.60157967
0.39126536
1.1809585
1.0733157
0.69989765
0.4563005
0.9544493
0.5628495
0.9910002
0.9584391
0.7590845
0.7451587
0.6719279
0.7477674
0.68378925
0.8979891
1.1653928
0.54824805
0.78754455
0.59980345
0.46685246
0.60951126
0.37499377
0.54343474
0.41175336
0.5897602
0.6183294
1.0763142
1.105752
0.6650317
0.7165723
0.87743735
0.2719802
1.1803796
0.89133346
0.6875668
0.5332788
0.94405013
0.7847587
1.0767903
0.56925786
0.62941134
0.45302257
1.0139134
0.24184643
0.6082809
1.0700743
0.74493665
0.5571564
0.35194787
0.3051772
0.7364386
0.19041565
1.0266666
0.70563686
0.5587919
0.9032097
1.0198709
1.0232425
1.0633075
0.77910733
0.43552858
0.38009542
1.1228712
0.7034623
0.9092778
0.88549495
0.76638526
0.5844285
0.7490145
0.7178314
0.2553988
0.47673908
0.37163502
0.7993402
1.3105775
0.7280655
0.5252925
0.7399299
0.65587485
0.7806167
0.41755584
0.5001869
0.8752005
1.3807817
0.6018114
0.6655016
0.52278346
0.8996488
0.53725606
0.9873679
0.9184329
0.38594675
0.6686367
0.5491175
0.6860805
0.7491129
0.44426468
0.76790434
0.49784386
1.0036383
0.4528956
1.0988241
0.8060653
0.7101362
0.66945636
0.7402789
0.5821644
0.30425847
0.8294082
0.7683382
0.84381217
1.0459976
0.9889292
1.0306381
0.85555637
0.33151418
0.94331604
0.73227495
0.8491098
0.26977786
0.6255134
0.7960087
1.0150054
0.54729855
0.86688066
0.72824436
0.2938167
0.2799486
0.4464161
0.78817666
0.9654005
1.3876107
0.50971997
1.2804631
0.6229864
0.4362557
0.4317638
0.65466064
0.5643153
0.70761895
0.5954312
0.5920646
0.3368111
1.0349249
0.5324512
0.956938
1.0647813
0.5470057
0.30352867
0.9128824
0.65781677
0.492803
0.41164398
0.24556497
0.73741317
0.93226117
0.4149813
0.4069029
0.2288507
0.59682775
0.52357596
0.35148618
0.75048983
0.41101176
0.40620175
0.32572806
0.7462831
0.46750075
0.7933701
0.6810648
0.7621531
0.46135008
0.70806575
1.3856386
1.0019298
1.323456
0.7902444
0.17299677
0.9555212
0.9182301
1.1468633
0.93988186
0.70876086
0.95335
0.46902904
0.5851807
0.6574926
0.90308064
1.0195994
0.7975971
0.79686695
0.9383223
0.42507288
0.8087417
0.87745064
0.6500798
1.161907
0.36303446
0.2400066
0.38481575
0.8556341
0.7477332
0.9913374
0.94193304
1.2449307
0.6416109
0.40253082
0.9717955
1.054428
0.7160519
0.5311476
0.87640136
0.64459306
0.7713921
1.0572804
0.2956075
0.8555104
1.1881838
1.0267279
0.25673592
0.6796555
0.20394123
0.49833736
0.9657167
0.75898373
0.70803225
1.1922517
1.1976657
0.78179526
1.237785
0.52754694
0.5782272
0.26417705
0.60003024
0.86192715
1.0432342
0.28660443
0.48442596
0.8660326
0.6586876
0.614166
0.6935599
0.8031218
0.9770722
1.1787893
1.0703437
1.1757714
0.98185956
0.2690778
0.9746228
0.742183
1.1602154
0.9188728
1.0521215
0.71842414
0.5450667
0.31069717
0.47313133
0.5916154
0.93751764
0.88723236
0.39387184
0.3921664
0.8552191
0.82363
0.85985756
0.8077015
0.7097669
0.8720139
0.8122074
0.63336176
0.7903763
0.31208745
0.8645371
0.57454395
1.1756957
1.2871159
0.33314553
0.6311676
0.6149969
0.79425085
0.8934153
0.4865889
0.52473944
0.70971906
0.20938624
1.01928
0.25243333
0.6101754
1.100055
0.65144885
0.32377273
0.53565544
0.72690576
0.38597447
0.7265631
0.77979463
0.35001257
0.6584716
0.57395375
0.84457594
0.93279624
0.5205158
0.84273374
0.3211526
0.88479096
0.9346783
0.8817824
1.1939847
0.48126826
0.7530036
0.98837817
0.65877604
0.8497263
1.0233705
0.81462395
0.4748707
0.21405211
0.8909056
0.668901
0.632376
0.46486798
0.9751779
0.12184821
1.3142273
0.5753442
0.5518074
0.50281334
0.7306852
0.800285
0.78879464
1.0065064
0.83102334
0.9373502
0.68747824
0.71500814
0.7617088
0.62725383
1.0914432
0.68947697
0.76137227
0.37381998
0.9999126
0.69807804
0.59581506
0.34112015
0.95122874
0.8141529
0.55604446
1.288341
0.44239756
1.238331
0.6507109
0.5503645
0.824372
0.8952895
0.693748
0.49673906
1.0660064
0.5848107
0.77208656
0.6728409
0.71670383
0.5730766
0.7813242
1.2744012
0.40780848
0.5932322
0.698046
0.62957925
0.66494495
0.7229393
0.26948014
0.6543384
0.8421769
0.6870687
0.54459506
1.2414818
0.23783004
0.25587147
0.8956118
0.6185171
0.6823249
0.6220577
0.4218443
0.84336007
0.60388845
0.9596519
0.33675432
0.77533126
1.0986663
0.9019966
1.0669221
0.15775147
0.5298693
0.1754243
0.7419566
0.6337127
0.7788757
1.2012681
0.65486294
0.7283364
1.2691371
0.9997329
0.74292654
0.483289
1.0506046
1.1692061
0.8450728
0.5663456
1.11272
0.8286828
0.5933575
0.35464528
0.67154914
0.3795208
0.8564485
1.0513515
0.43854412
0.46562824
0.6771713
0.377239
1.2602504
0.8092993
0.85622084
0.5731847
0.54073024
0.6717707
0.43553272
0.72524446
0.5028623
0.7481078
0.5954044
0.70615774
1.1420956
0.41420382
0.83940864
1.2255408
0.7287714
0.39066672
0.61070645
0.8300071
0.18820906
0.48858458
0.95626247
0.6436993
0.8107121
0.48227936
0.5663321
1.0089197
1.2116698
0.19429575
0.64382917
0.7764896
1.0409532
0.48442298
0.26340887
0.6198771
0.49943078
0.84120506
0.7075032
0.30262297
0.77102464
0.44890678
0.7336647
0.40193388
0.6806749
0.55188495
1.1749845
0.39390537
0.86944175
0.3032029
0.74857044
0.77442175
1.0954525
0.9276021
0.79937494
0.9245759
0.49828973
0.2543724
0.76642275
0.5308747
0.29314646
0.6591932
0.54761904
1.202071
0.8008806
0.7507668
1.0877697
0.95333123
1.0902866
0.5401676
0.2718581
0.3619972
0.8676718
0.31736395
0.99253505
0.89531183
0.39960247
0.6493306
0.566341
0.44758922
0.57189685
0.93092495
0.634188
1.13005
0.4659875
0.826185
0.7371668
0.6875811
0.52287537
0.986734
0.07593191
0.49713093
0.68743896
0.6347704
0.62628114
0.31261873
0.5534087
0.8495752
0.6428497
0.54603976
0.99801195
0.42148963
0.8088926
0.40411982
0.32146624
0.6175872
0.38556224
0.93104106
0.8025792
0.97964144
0.87509227
0.21947254
1.2764617
0.71660715
0.98695415
0.8662748
0.694831
0.85895735
0.41759825
0.34775665
0.7002289
0.34022418
0.9099537
0.71710414
0.8885812
0.4916198
0.9448924
0.39784616
0.84984916
0.43378633
0.60978794
0.5232103
1.148343
0.47865123
0.42268756
0.65662044
1.3402954
0.45731187
0.41360196
0.5780688
0.4284198
0.9649105
0.37285143
0.94980705
1.2634968
0.5002346
0.5797797
0.82751995
0.88169295
1.0477357
0.68148345
0.62105805
0.9528176
0.64192116
1.1755403
0.6355667
0.26294214
0.6878493
1.2091835
0.56374127
0.8036926
0.52951425
0.61725575
0.42123356
0.36790812
0.81685627
0.64679545
0.82416993
0.9358486
0.8519833
0.65833056
0.9481916
1.093481
0.55421793
0.7206372
0.9109474
0.45948535
0.33781487
0.33931473
0.30626535
0.84767896
0.4827685
0.500424
0.5720641
0.9103107
0.2624808
0.92525595
1.0785131
0.9143099
0.8145014
0.97686917
0.85033613
0.35008398
0.90687495
0.91480744
0.5178679
1.1979676
1.0016177
0.85032564
0.6545717
0.96291506
1.0377469
0.95591176
0.8228662
1.0316974
0.32076222
0.8696064
0.58943576
0.7009607
0.448315
0.75656956
0.62663597
0.98839176
0.27929953
0.9871386
1.0480099
0.82110053
0.75531596
0.70492476
0.61029583
0.85138965
0.94581544
0.68806946
0.7562422
0.6194004
0.77893615
0.3716393
0.58567005
0.5414876
1.1955001
0.6217765
0.9676011
0.61705834
0.937536
0.78775454
0.49792483
0.4268067
0.5854257
0.3133976
0.6258593
0.7119084
0.51872015
0.7485941
1.1875052
0.48414278
1.0961281
0.45987222
0.8030129
1.0068066
0.68338007
1.1765237
0.47696188
0.7099751
0.6473802
0.8371664
0.76784164
0.88450944
0.7702215
0.38660848
0.39293423
0.21101426
0.78885084
0.8878233
1.2272887
0.5321867
0.82269424
0.9561857
0.8931377
0.72054327
0.5177015
0.9310452
0.48501223
0.42979097
0.83370006
0.8606109
0.4088171
0.7329056
0.46909893
1.0963826
0.36965132
0.61689633
0.24786103
0.69545746
0.62521094
0.5102425
0.32290024
0.9012471
0.4009509
0.65598166
0.9250933
0.97236717
0.41770685
0.72821605
0.36102858
1.2238194
0.7854955
1.2001702
0.877982
0.4115641
0.89151204
0.6410364
0.924389
1.0481709
1.0757045
0.594957
0.79395497
0.83173656
0.36289704
0.55573595
1.1724439
0.4695104
0.83672214
0.8253524
0.36610633
0.82073426
0.38535598
1.1679363
0.6224071
0.8094489
0.5483121
0.54098165
0.7836696
0.4496375
0.87426776
0.55921775
0.82076097
0.69125766
0.6322557
0.71573156
0.85040563
0.8255042
1.0917286
1.168353
0.5499178
0.83521485
0.59740955
0.5007282
0.929021
0.5843773
0.62876767
0.56321216
0.6272275
1.0782983
1.0697371
0.49852026
0.91520435
0.9833613
0.56420636
0.78268814
0.76977295
0.7936138
0.72700375
0.8606419
1.0692024
0.58057535
0.67384857
1.1060168
0.71492904
1.2022216
1.1253365
0.2340375
0.8193166
1.2007319
0.4026765
0.8449654
0.27309674
0.29732883
0.41272977
0.5568799
1.1565505
0.51631236
0.34301165
0.4837438
0.68533915
1.3816404
0.058099885
0.87955016
1.1596763
1.0162514
0.57335305
0.49940842
0.55000424
0.9913733
0.80309534
0.3514156
0.8825697
0.9384649
1.3266892
0.6189356
0.65402687
0.5826756
0.8649691
1.0432523
0.6477278
0.90423024
1.0108726
0.77982825
0.4989214
0.7086172
0.5993454
1.0908598
0.55184644
0.6311566
0.84357435
0.85307443
1.1315935
0.90463495
0.905843
1.0372685
1.005318
0.81978214
1.0603377
0.8514719
0.9538764
0.90231067
0.91553736
1.0605218
0.81133366
0.67991006
0.62603414
0.5331082
0.16322441
0.6640405
1.1609474
0.88890016
0.1604754
0.45841885
0.7155482
0.6927845
0.16324873
1.2101238
0.74076855
0.6276377
0.6338303
0.69255924
0.93896794
0.3754952
0.56194305
0.54142076
0.9909139
0.97817725
0.18477628
0.90285003
0.89734596
0.8227208
0.6893763
0.7376873
1.1484278
0.98964924
1.1281745
0.76102793
0.69132733
0.60478145
0.20963213
0.66915953
0.9011248
1.053487
1.189121
1.3716935
1.1090615
0.48948696
0.95817924
0.8464163
0.6305064
0.6040326
0.710866
0.82758826
0.3991106
1.06334
0.21685944
0.6446762
0.98363185
0.73474747
0.9915906
0.33981603
1.028618
0.34584
0.9178207
0.6471187
0.4172036
1.0011843
0.7634882
0.6997219
0.96033096
0.60502076
0.30382252
0.70869905
0.11423503
0.6699047
0.9459215
0.49025652
0.25535244
0.55834407
0.3119083
0.91285026
0.6751177
0.32395223
0.77496547
0.60861176
0.67916
0.44626454
1.1828219
0.43279427
0.7135837
0.71334493
0.60496354
1.3904763
1.0263501
0.3834147
0.5244844
0.17299981
0.48194274
0.8289648
0.49512294
0.7578703
0.4079975
1.0052344
0.39652696
0.9501553
0.65487355
0.4217876
0.8239761
0.41354817
0.4543153
0.41845274
1.0664542
0.43575856
0.7344291
0.7367632
0.5986827
0.3392824
0.5944404
0.75352126
0.74628454
0.66357493
0.42683658
0.28442803
0.52308273
0.3481786
0.7758408
1.0280875
0.12261533
1.1871794
0.71376455
0.65318364
0.86822194
1.0420214
0.9570407
0.99221295
0.67710906
0.58123523
0.93697685
1.2243525
0.77685565
1.103386
0.68079793
0.48372895
0.6201592
1.140676
0.42493752
0.43913913
1.0295157
0.33264604
0.10081018
0.8878422
0.5558351
0.5797868
0.74082154
0.19120085
0.3129508
0.7590556
0.35929474
0.8005791
0.6702843
0.42506164
0.84172267
0.6936147
0.8050181
0.4764442
0.19106412
0.24284916
0.49814284
0.9969765
0.86770886
0.6206475
0.44538614
0.9436609
0.6097849
1.0262904
0.85055923
0.6816412
0.51414704
0.69843876
0.6986682
0.63356334
0.39330068
0.42011377
0.75440246
1.083081
0.8923304
0.6557748
1.0604584
0.45911387
0.85752124
0.82734144
0.14233536
0.49316707
0.8587688
0.7714071
0.6706679
0.9402739
0.7728126
0.51708263
0.87408155
0.6062324
0.5860244
0.7777921
1.1123015
0.7608105
0.46291554
0.7930084
0.7394843
1.0898701
0.9831384
0.654872
0.58260834
1.1421564
0.92250496
0.88190675
0.58154714
0.27793065
0.685615
1.1125085
0.62081534
0.92145365
1.0272082
0.8453069
0.59601915
0.87528074
0.80622816
0.65369964
0.6557524
0.43346125
0.7590933
0.5496399
0.62620085
1.1771502
0.62401754
0.8166784
0.7927708
0.46950433
0.75852364
1.1039746
0.44437292
0.35117412
0.9665735
1.1635774
1.1403307
0.51749283
1.1409248
0.8706496
0.7637983
1.1408788
1.1585792
0.36020428
0.45578435
0.6935272
0.7837606
0.6047989
0.8212769
1.2682108
1.0957797
0.57474077
0.6520758
0.41266334
0.38635644
1.1164306
0.5145479
0.46426946
0.35876146
1.1585631
0.6625756
0.5570594
1.1618339
0.43712837
0.47878554
0.7573478
0.417067
1.2506206
0.44530058
0.84553665
0.35297316
1.1239884
0.5196823
0.76399267
0.8319324
0.90605557
0.7574138
0.7627015
0.8685407
1.1588314
0.33781067
0.49402887
0.616931
0.8794973
0.46657723
0.92881095
0.7418695
0.53586334
0.42661917
0.5852159
0.7273131
0.7874038
0.91508824
0.7945963
0.8252793
0.83521783
0.66234565
0.836898
0.72486067
0.6660426
0.6375433
0.5731724
0.70543605
0.53811824
0.8078552
0.51473296
0.5924153
0.5000464
0.9312017
0.6581992
1.015312
0.33222756
0.7820691
1.0558265
0.8805053
1.1376915
0.76947993
0.33534282
1.0463294
0.7612782
0.44378787
0.915302
0.6758136
1.2307268
0.4260186
0.8111823
0.794627
0.37013277
0.6725117
0.27002147
0.9614084
0.60902864
0.7383076
0.9227561
0.72189486
0.79605246
0.74701005
0.77244836
0.517047
0.15809767
0.8346241
0.98554415
0.4117829
0.618746
0.40767342
0.44803894
0.221589
0.54996073
0.48794562
0.88313437
0.82936215
0.58211416
0.54065377
0.65305495
0.74598616
0.42480737
0.8012145
0.93646395
0.8237227
1.2491891
0.8707091
0.5283071
1.0075773
0.5672778
0.5742238
1.0208791
0.48609293
0.696752
0.80388767
0.4968526
