0,1,2,3,4,5,6,7,8,9,10,11,12
0.0,0.18,0.06781524926686218,0.0,0.31481481481481477,0.5775052692086607,0.6416065911431514,0.26920313906646415,0.0,0.20801526717557245,0.2872340425531916,0.9999999999999999,0.08967991169977926
0.00023569774400055392,0.0,0.2423020527859238,0.0,0.17283950617283939,0.6943858976815481,0.5993820803295572,0.3489619801944185,0.043478260869565216,0.10496183206106868,0.5531914893617023,0.9897372535175752,0.06346578366445917
0.0007050700754007986,0.0,0.06304985337243403,0.0,0.15020576131687247,0.6871048093504503,0.5283213182286303,,0.08695652173913043,0.06679389312977096,0.6489361702127658,,
0.0015536718718739421,0.125,0.27162756598240473,0.0,0.28600823045267487,0.5002874113814907,0.9598352214212151,0.43838718184215547,0.17391304347826086,0.2366412213740458,0.2765957446808509,0.9999999999999999,0.4806843267108167
0.0023032513924937294,0.125,0.27162756598240473,0.0,0.28600823045267487,0.3966277064571758,,0.4503541907264775,0.17391304347826086,0.2366412213740458,0.2765957446808509,0.9741035856573705,0.7781456953642383
,0.125,0.27162756598240473,0.0,0.28600823045267487,0.46809733665453146,0.8547888774459321,0.49673089688912336,0.17391304347826086,0.2366412213740458,0.2765957446808509,0.9743053104039537,0.4241169977924945
0.002456674101392516,0.125,0.27162756598240473,0.0,0.28600823045267487,0.5395669668518873,0.94129763130793,0.4744155171002738,,0.2366412213740458,0.2765957446808509,0.988955570124565,0.5165562913907285
0.0012492992010329788,0.125,0.27162756598240473,0.0,0.28600823045267487,,0.82389289392379,0.4635033509443571,0.17391304347826086,0.2366412213740458,0.2765957446808509,0.9999999999999999,0.31843267108167767
0.0009830293128416045,0.125,,0.0,0.28600823045267487,0.4460624640735774,0.3717816683831102,0.3929561967463558,0.17391304347826086,0.2366412213740458,0.2765957446808509,0.983862020273337,0.38576158940397354
0.007099481307606574,0.0,0.28152492668621704,0.0,0.31481481481481477,0.48572523471929496,,0.30302176067800923,0.13043478260869565,0.22900763358778625,0.8936170212765959,0.9574360784709264,0.23537527593818985
0.006980677056100335,0.0,0.28152492668621704,0.0,0.31481481481481477,0.4355240467522513,0.5520082389289392,0.3063590648273604,0.13043478260869565,0.22900763358778625,0.8936170212765959,0.9967724040546674,0.1859823399558499
0.011774883814612317,0.0,0.28152492668621704,0.0,0.31481481481481477,0.45487641310595894,0.2718846549948507,0.3063590648273604,0.13043478260869565,0.22900763358778625,0.8936170212765959,,0.13383002207505518
0.008951231585341017,0.0,0.28152492668621704,0.0,0.31481481481481477,0.3630963786165934,0.34706488156539655,0.24251379934345135,0.13043478260869565,0.22900763358778625,,0.7278985324524686,0.2748344370860927
0.008086781728827779,0.0,0.28152492668621704,0.0,0.31481481481481477,0.41502203487258094,0.685890834191555,0.24251379934345135,0.13043478260869565,0.22900763358778625,0.8936170212765959,,0.26352097130242824
0.009505688891566449,0.0,0.28152492668621704,0.0,0.31481481481481477,0.46062464073577314,0.8887744593202884,0.2621375114805081,0.13043478260869565,0.22900763358778625,0.8936170212765959,0.9889807857178878,0.33388520971302427
0.01378163036749066,0.0,0.28152492668621704,0.0,0.31481481481481477,0.4945391837516767,0.9145211122554068,0.25891842246451274,,0.22900763358778625,0.8936170212765959,0.9999999999999999,0.46881898454746135
0.011038679607076014,0.0,0.28152492668621704,0.0,0.31481481481481477,0.43150028741138147,,,0.13043478260869565,0.22900763358778625,0.8936170212765959,0.994049119975793,0.5008278145695364
0.00836170623136729,0.0,0.28152492668621704,0.0,0.31481481481481477,0.4527687296416939,0.9392378990731204,0.2973565277487292,0.13043478260869565,0.22900763358778625,0.8936170212765959,0.9935195925160119,0.40204194260485654
0.009376431664289083,0.0,0.28152492668621704,0.0,,0.3904962636520407,0.8527291452111225,0.30235793723685767,0.13043478260869565,0.22900763358778625,0.8936170212765959,0.764284633617429,0.4078366445916115
0.007481071122047147,0.0,,0.0,0.31481481481481477,0.43150028741138147,0.9001029866117405,0.32303649210231977,0.13043478260869565,0.22900763358778625,0.8936170212765959,0.9495183821675324,0.3609271523178808
0.010671589081608293,0.0,0.28152492668621704,,0.31481481481481477,0.4763364629239316,0.8846549948506693,,0.13043478260869565,,0.8936170212765959,0.7717484492410106,0.429083885209713
0.011196261026765464,0.0,0.28152492668621704,0.0,0.31481481481481477,0.5964744203870475,0.8692070030895983,0.282752412043394,0.13043478260869565,0.22900763358778625,0.8936170212765959,0.9579656059307076,0.2828366445916115
0.012638996478358745,0.0,0.28152492668621704,0.0,,0.4123395286453343,0.9392378990731204,,0.13043478260869565,0.22900763358778625,0.8936170212765959,0.9073831257249484,0.5758830022075054
,0.0,0.28152492668621704,0.0,0.31481481481481477,,1.0,0.2769325900935718,0.13043478260869565,0.22900763358778625,0.8936170212765959,0.9491401482676888,0.31208609271523174
0.015529637670636401,0.0,0.28152492668621704,0.0,,0.45775052692086604,,0.260109667269867,0.13043478260869565,0.22900763358778625,0.8936170212765959,0.5857078017045741,0.7168874172185431
,0.0,,0.0,0.31481481481481477,0.4100402375934086,,0.24166810646636777,0.13043478260869565,0.22900763358778625,0.8936170212765959,0.9038529426597407,0.4586092715231788
0.018056672662703374,0.0,0.28152492668621704,0.0,0.31481481481481477,0.48572523471929496,0.9680741503604532,0.2391764951941001,0.13043478260869565,0.22900763358778625,0.8936170212765959,0.6253214988148671,0.5135209713024282
0.0006502200519996206,0.0,0.20161290322580644,0.0,,0.454493197930638,0.6725025746652935,0.20284807536669425,0.17391304347826086,0.17557251908396948,0.7021276595744679,0.9999999999999999,0.2193708609271523
0.0010241668303924878,0.0,0.20161290322580644,0.0,0.23456790123456794,0.43686529986587475,0.6024716786817713,0.20444852640289535,0.17391304347826086,0.17557251908396948,,0.9512330425134904,0.2671081677704194
,0.0,0.20161290322580644,0.0,0.23456790123456794,0.43858976815481887,0.39752832131822863,0.25503551000736574,,0.17557251908396948,0.7021276595744679,0.9999999999999999,0.19426048565121412
0.0018964845181313047,0.0,0.20161290322580644,0.0,0.23456790123456794,0.4608162483234336,0.28115345005149334,,0.17391304347826086,0.17557251908396948,0.7021276595744679,0.99125018911695,0.2317880794701987
0.00030650822503076327,0.75,0.09127565982404694,0.0,0.08847736625514402,0.6635370760682123,0.13285272914521115,0.38842764779165034,,0.12404580152671751,0.6063829787234043,,0.006898454746136866
0.0013613595972030085,0.0,,0.0,0.12962962962962965,0.6148687488024526,0.0,0.41750857059716834,0.08695652173913043,0.08778625954198471,0.5638297872340423,0.9710272832719755,0.0858167770419426
0.0015193906072482057,0.0,0.23643695014662755,0.0,0.12962962962962965,0.4997125886185093,0.03810504634397528,0.41750857059716834,0.08695652173913043,0.08778625954198471,0.5638297872340423,0.9658833022341016,0.11258278145695363
0.0013079707424580092,0.0,0.23643695014662755,0.0,0.12962962962962965,0.48055182985246214,0.3820803295571576,0.41750857059716834,0.08695652173913043,0.08778625954198471,0.5638297872340423,0.9810630894144939,0.21578366445916114
0.0018556841933472315,0.0,0.23643695014662755,0.0,0.12962962962962965,0.40639969342785986,0.31822863027806386,0.3610835780992825,0.08695652173913043,0.08778625954198471,0.5638297872340423,0.9999999999999999,0.2339955849889625
0.002046085709006239,0.0,0.23643695014662755,0.0,0.12962962962962965,,0.31307929969104015,0.3610835780992825,0.08695652173913043,0.08778625954198471,0.5638297872340423,0.9999999999999999,0.34271523178807944
0.0025059042453468524,0.0,0.23643695014662755,0.0,,0.4730791339337038,0.850669412976313,0.41464412698124015,0.08695652173913043,0.08778625954198471,0.5638297872340423,0.9895103131776691,0.47102649006622516
0.002782402314131479,0.0,0.23643695014662755,,0.12962962962962965,,0.9515962924819773,0.43106693704589477,0.08695652173913043,0.08778625954198471,0.5638297872340423,0.9999999999999999,0.8024282560706402
0.002399126535856854,0.0,0.23643695014662755,0.0,0.12962962962962965,0.3910710864150221,0.6086508753861998,0.45086342514708694,0.08695652173913043,0.08778625954198471,0.5638297872340423,0.9999999999999999,0.3992825607064017
8.182544474601967e-05,0.75,0.12976539589442815,0.0,0.05144032921810693,0.44587085648591673,0.4603501544799177,0.5628949976811648,0.08695652173913043,0.5381679389312977,0.9042553191489362,0.9999999999999999,
0.00015994176905712357,0.85,0.010263929618768326,0.0,0.05144032921810693,0.5407166123778501,0.3377960865087539,0.7327519573698043,0.043478260869565216,0.24045801526717553,0.5,0.9999999999999999,0.11147902869757173
0.0010898070223316026,0.25,0.17118768328445746,0.0,0.13991769547325106,0.45334355240467505,0.4562306900102987,0.5276396075257573,0.30434782608695654,0.1851145038167939,0.7553191489361701,0.9999999999999999,0.20667770419426051
,0.25,0.17118768328445746,0.0,0.13991769547325106,0.4177045410998276,,,0.30434782608695654,0.1851145038167939,0.7553191489361701,0.995486408795199,0.315121412803532
0.0011683729369984539,0.25,,0.0,,0.5547039662770646,0.6683831101956745,0.5543289472487702,0.30434782608695654,0.1851145038167939,0.7553191489361701,0.9999999999999999,0.13796909492273732
0.0013507942238429455,0.25,0.17118768328445746,0.0,0.13991769547325106,0.6133358881011687,0.41709577754891863,0.6230210332002656,0.30434782608695654,0.1851145038167939,0.7553191489361701,0.9966715416813757,0.2144039735099338
0.00014825241980769222,,0.03372434017595308,0.0,0.0639917695473251,0.6788656830810501,0.5829042224510813,,0.08695652173913043,0.05534351145038163,0.6382978723404256,0.9907710928438146,
0.0005796343661472849,0.125,0.2056451612903226,0.0,0.0493827160493826,0.44395478060931215,0.19052523171987643,0.48817393992852537,0.13043478260869565,0.30152671755725186,0.6702127659574466,0.9982601240607191,0.1757726269315673
0.001452401644241849,0.125,,0.0,0.0493827160493826,0.3895382257137384,0.349124613800206,0.48817393992852537,,0.30152671755725186,0.6702127659574466,0.9999999999999999,0.31346578366445915
0.001369452223606461,0.125,0.2056451612903226,0.0,0.0493827160493826,0.44529603372293536,0.309989701338826,0.48817393992852537,0.13043478260869565,0.30152671755725186,0.6702127659574466,0.9999999999999999,0.19481236203090505
0.0009209858437484687,0.0,,0.0,0.057613168724279795,0.5472312703583061,0.03810504634397528,0.37807927688712273,0.13043478260869565,0.22519083969465642,,0.9667910635937265,
0.0017133888457531922,0.0,0.3793988269794722,0.0,0.057613168724279795,0.4598582103851313,0.15036045314109167,0.37807927688712273,0.13043478260869565,0.22519083969465642,0.7021276595744679,0.9496696757274699,0.22488962472406182
0.0009589762288091206,0.0,0.3793988269794722,,,0.4797853995018203,0.05046343975283214,0.37807927688712273,0.13043478260869565,0.22519083969465642,0.7021276595744679,0.9848958595995765,
0.002125101214028838,0.0,0.3793988269794722,0.0,,0.514274765280705,,0.37807927688712273,0.13043478260869565,0.22519083969465642,0.7021276595744679,0.9502496343738969,
0.0008164560860372072,0.0,,0.0,0.10699588477366251,0.5196397777351983,0.031925849639546866,0.2838890960179687,0.17391304347826086,0.4026717557251908,,0.9950073125220636,0.13934878587196467
0.000998090589759141,0.0,0.45344574780058655,0.0,0.10699588477366251,0.5221306763747843,0.43357363542739447,0.30672280369922433,0.17391304347826086,0.4026717557251908,,0.9655302839275809,0.19895143487858719
0.0010701374442676555,0.0,0.45344574780058655,0.0,0.10699588477366251,0.5207894232611611,0.737384140061792,0.26576580672735045,0.17391304347826086,0.4026717557251908,0.6489361702127658,0.9413989611175552,0.282560706401766
0.0009076105306649845,0.0,0.45344574780058655,0.0,0.10699588477366251,0.4941559685763556,0.44181256436663235,0.2692486064254471,,0.4026717557251908,0.6489361702127658,0.9749357002370266,0.2356512141280353
0.0008716433022051957,0.0,0.45344574780058655,0.0,,0.4431883502586701,,0.30672280369922433,0.17391304347826086,0.4026717557251908,0.6489361702127658,0.9978818901608755,0.2033664459161148
0.0003912560070891407,0.25,0.16129032258064516,0.0,0.08436213991769548,0.6066296225330524,0.31513903192584963,0.38839127390446393,0.13043478260869565,0.1793893129770992,0.6808510638297873,0.9999999999999999,0.09823399558498896
0.00043048276562809796,0.25,,0.0,0.08436213991769548,0.5859360030657214,0.6951596292481977,0.38839127390446393,0.13043478260869565,0.1793893129770992,0.6808510638297873,0.9967976196479903,0.15149006622516556
0.0003402275017118153,0.25,0.16129032258064516,0.0,0.08436213991769548,,0.3017507723995881,0.38839127390446393,0.13043478260869565,0.1793893129770992,0.6808510638297873,0.9999999999999999,0.1376931567328918
0.00032808856210663655,0.25,0.16129032258064516,,,0.4993293734431884,0.45108135942327504,0.38839127390446393,0.13043478260869565,0.1793893129770992,0.6808510638297873,0.9842150385798578,0.1594922737306843
0.0004975841262233916,,0.14772727272727273,0.0,0.13168724279835387,0.541866257903813,0.4644696189495366,0.3318935336322054,0.08695652173913043,0.1145038167938931,0.6276595744680851,0.9999999999999999,
0.0005735648963446956,0.0,0.14772727272727273,0.0,0.13168724279835387,0.5880436865299866,0.5478887744593203,0.3008211405032328,,,0.6276595744680851,0.988400827071461,
0.0007327198822792613,0.0,0.14772727272727273,0.0,0.13168724279835387,0.49051542441080664,0.5550978372811534,,0.08695652173913043,0.1145038167938931,,0.9955872711684906,0.18515452538631344
0.0005248967403350438,0.0,0.10813782991202346,0.0,0.21399176954732513,0.6740754933895382,0.619979402677652,0.2077767370804499,0.043478260869565216,0.1583969465648855,,0.9978818901608755,0.10954746136865343
0.0003709120434915727,0.0,0.10813782991202346,,0.21399176954732513,0.5449319793063806,0.7312049433573636,0.17845938400822048,0.043478260869565216,0.1583969465648855,0.5531914893617023,0.9915527762368249,0.17853200883002204
0.00025210779198533257,0.28,0.5344574780058651,0.0,0.1625514403292181,0.5077601073002492,,0.23063772517709535,0.13043478260869565,,0.5957446808510638,0.998562711180594,0.12362030905077262
,0.28,0.5344574780058651,0.0,0.1625514403292181,0.5150411956313469,0.7662203913491246,0.2260091480326274,0.13043478260869565,0.1583969465648855,0.5957446808510638,,0.24448123620309048
0.0013006648991771147,0.0,0.08907624633431087,0.0,0.12345679012345678,0.5870856485916843,0.5653964984552008,0.2151151688203039,0.043478260869565216,0.1698473282442748,0.574468085106383,,0.1357615894039735
0.0012870647909157572,0.0,0.08907624633431087,0.0,0.12345679012345678,0.8637670051734051,0.752832131822863,0.2151151688203039,0.043478260869565216,0.1698473282442748,0.574468085106383,0.9999999999999999,0.0684326710816777
0.0008491637844178277,0.0,0.08907624633431087,0.0,0.12345679012345678,0.8160567158459476,0.35015447991761073,0.2151151688203039,0.043478260869565216,0.1698473282442748,0.574468085106383,0.991502345050179,0.050772626931567325
0.0007000121838986407,,0.08907624633431087,0.0,0.12345679012345678,0.7386472504311171,0.6138002059732235,0.2151151688203039,0.043478260869565216,0.1698473282442748,0.574468085106383,0.9999999999999999,0.1230684326710817
0.0012138939605178742,0.0,0.29692082111436957,0.0,0.2777777777777778,,0.7044284243048403,0.15699879056825106,0.17391304347826086,0.37595419847328243,,0.9966715416813757,0.16390728476821192
0.0025001719683110735,0.0,0.29692082111436957,0.0,0.2777777777777778,0.5449319793063806,0.8496395468589084,0.1441406214478626,0.17391304347826086,0.37595419847328243,,0.1777195017398759,0.24558498896247244
0.0023074101032843925,,0.29692082111436957,0.0,0.2777777777777778,0.4935811458133742,0.8702368692070032,0.1441406214478626,0.17391304347826086,0.37595419847328243,0.8829787234042552,0.9938726108225328,0.32312362030905073
0.0014195815482722916,0.0,0.29692082111436957,0.0,0.2777777777777778,0.43878137574247933,,0.08887049986814467,0.17391304347826086,0.37595419847328243,0.8829787234042552,,0.40673289183222955
0.002892102360933835,0.0,0.29692082111436957,0.0,0.2777777777777778,0.5112090438781375,0.9093717816683832,0.12871809328083372,0.17391304347826086,,0.8829787234042552,0.9857027585859096,0.3813465783664459
0.0010623820106310136,0.0,0.3500733137829912,0.0,0.33333333333333337,0.6043303314811267,,0.14075784993952845,0.21739130434782608,0.46755725190839686,0.5531914893617023,0.9966967572746986,0.2326158940397351
0.0024255399692570115,0.0,0.3500733137829912,0.0,0.33333333333333337,0.4849588043686529,0.9526261585993822,0.12898180396293502,0.21739130434782608,,0.5531914893617023,,0.423841059602649
,0.0,0.3500733137829912,0.0,0.33333333333333337,0.45353515999233573,0.878475798146241,0.12126144640762397,0.21739130434782608,0.46755725190839686,0.5531914893617023,0.8689041303141863,0.3871412803532009
0.0016259435215603304,0.0,,0.0,0.33333333333333337,0.4713546656447595,0.8208032955715756,0.14711418672534987,,0.46755725190839686,0.5531914893617023,0.9939734731958243,0.23647902869757176
0.0013966524401291763,,0.3500733137829912,0.0,,0.4428051350833492,0.7229660144181256,0.12257090634633398,0.21739130434782608,0.46755725190839686,0.5531914893617023,0.8530687377073982,0.37637969094922735
0.0015560322212416157,,,0.0,0.33333333333333337,0.41578846522322277,0.6416065911431514,0.14818721639734833,0.21739130434782608,0.46755725190839686,0.5531914893617023,,0.3278145695364238
0.0007043956898671775,0.0,0.9233870967741936,0.0,0.4032921810699587,0.44242191990802826,0.6879505664263645,,0.043478260869565216,0.001908396946564861,0.6914893617021276,0.980457915174744,0.34878587196467986
0.000734293448524377,0.0,0.9233870967741936,0.0,0.4032921810699587,0.46809733665453146,,0.09710009184406516,,0.001908396946564861,0.6914893617021276,,0.34602649006622516
0.0009741499033155941,0.0,0.9233870967741936,0.0,0.4032921810699587,0.4598582103851313,0.9268795056642637,0.08705180550882523,0.043478260869565216,0.001908396946564861,0.6914893617021276,0.9525694689596046,0.4470198675496688
0.0010359685772308562,0.0,0.9233870967741936,,0.4032921810699587,0.4441463881969726,,,0.043478260869565216,0.001908396946564861,,0.9558222804982601,0.4373620309050772
0.00182870877200239,0.0,0.9233870967741936,0.0,0.4032921810699587,0.464648400076643,0.8805355303810505,0.07850394202002382,0.043478260869565216,0.001908396946564861,0.6914893617021276,0.9700438751323819,0.3609271523178808
0.0028417482410901308,0.0,0.7855571847507332,0.0,0.4917695473251028,0.4085073768921249,0.9588053553038105,0.05989869872418592,0.13043478260869565,,,0.9879217307983257,0.42660044150110377
0.0035867194605635074,0.0,0.7855571847507332,0.0,0.4917695473251028,0.5499137765855527,0.9876416065911431,0.06209931889896243,0.13043478260869565,0.4770992366412213,0.9148936170212765,0.9999999999999999,0.3769315673289183
0.009834002248850959,0.0,0.7855571847507332,0.0,0.4917695473251028,0.39777735198313835,0.945417095777549,0.0773217906864662,0.13043478260869565,0.4770992366412213,0.9148936170212765,0.9999999999999999,0.4583333333333333
0.0065609844590101725,0.0,0.7855571847507332,0.0,0.4917695473251028,0.538608928913585,0.9783728115345005,0.10892160517964154,0.13043478260869565,0.4770992366412213,0.9148936170212765,0.9719098290382773,0.2591059602649006
0.010900880163039446,0.0,0.7855571847507332,0.0,,0.42077026250239513,0.9835221421215243,0.11061299093380865,0.13043478260869565,0.4770992366412213,0.9148936170212765,0.6617580311664734,0.4299116997792494
0.003555360533250129,0.0,0.7855571847507332,0.0,0.4917695473251028,0.4562176662195824,0.933058702368692,0.07613963935290856,0.13043478260869565,0.4770992366412213,0.9148936170212765,0.9529729184527712,0.41859823399558493
0.0038890689748036075,0.0,0.7855571847507332,0.0,0.4917695473251028,0.5543207511017435,0.9835221421215243,0.06549118387909321,0.13043478260869565,0.4770992366412213,0.9148936170212765,,0.35485651214128033
0.0060492382365807396,0.0,0.7855571847507332,0.0,0.4917695473251028,0.49626365204062084,0.9783728115345005,0.049022906455455637,0.13043478260869565,0.4770992366412213,0.9148936170212765,0.9999999999999999,0.461644591611479
0.003198610585964598,0.0,0.7855571847507332,0.0,0.4917695473251028,0.5006706265568118,0.9340885684860968,,0.13043478260869565,0.4770992366412213,0.9148936170212765,0.9777598466891926,0.6189293598233996
0.01823448564840146,0.0,,,0.4917695473251028,0.2793638628089672,1.0,0.028171575625858217,0.13043478260869565,0.4770992366412213,,0.9999999999999999,0.9017660044150109
0.037256765997661236,0.0,,1.0,0.9999999999999999,0.3529411764705882,1.0,0.017459465849466685,0.17391304347826086,0.41221374045801523,0.22340425531914887,0.9999999999999999,0.6923289183222958
0.031172572110921132,0.0,0.7008797653958945,0.0,0.9999999999999999,0.25713738264035246,0.9773429454170957,0.019669179496039815,0.17391304347826086,0.41221374045801523,0.22340425531914887,0.9999999999999999,0.760485651214128
0.026672172649890052,,,0.0,0.9999999999999999,0.492239892699751,1.0,0.026325600851148975,0.17391304347826086,0.41221374045801523,0.22340425531914887,0.435195925160119,0.7193708609271523
0.026551682434549757,0.0,0.7008797653958945,0.0,0.9999999999999999,0.26154435715654345,0.9557157569515963,0.030117578590330027,0.17391304347826086,0.41221374045801523,0.22340425531914887,0.9869131070654092,0.7671081677704195
0.030658128346357214,0.0,0.7008797653958945,0.0,0.9999999999999999,0.3901130484767198,0.9474768280123584,0.03601924178632161,0.17391304347826086,0.41221374045801523,0.22340425531914887,0.8864037520802865,0.5441501103752759
0.01674724075158919,0.0,0.7008797653958945,0.0,0.9999999999999999,0.35313278405824866,1.0,0.04201183970027918,0.17391304347826086,0.41221374045801523,0.22340425531914887,0.8605577689243029,
0.01259145229823846,0.0,0.7008797653958945,1.0,0.9999999999999999,0.27802260969534387,0.8764160659114315,0.04370322545444626,0.17391304347826086,0.41221374045801523,0.22340425531914887,0.8647939886025517,0.2866997792494481
0.015820297835627068,0.0,0.7008797653958945,1.0,0.9999999999999999,0.4920482851120903,0.9588053553038105,0.0563613381953096,0.17391304347826086,0.41221374045801523,0.22340425531914887,0.8086640778657521,0.3694812362030905
0.027429058013790735,0.0,0.7008797653958945,0.0,0.9999999999999999,0.3278405824870666,0.9382080329557158,0.05517918686175195,0.17391304347826086,0.41221374045801523,0.22340425531914887,0.22267890463462603,0.3976269315673289
0.01368170891092581,0.0,0.7008797653958945,,0.4526748971193414,0.6480168614677141,0.9732234809474769,0.06799188862315746,0.17391304347826086,0.41221374045801523,0.22340425531914887,0.9156034091482173,0.07891832229580573
0.015022162556586567,0.0,0.7008797653958945,0.0,,0.47997700708948077,1.0,0.05707972246724079,0.17391304347826086,,0.22340425531914887,0.8915477331181603,0.12969094922737306
0.014242348084542769,0.0,0.7008797653958945,1.0,0.4526748971193414,0.5152328032190076,0.9237899073120494,0.060817139375642246,0.17391304347826086,0.41221374045801523,0.22340425531914887,0.8537999899137627,0.10402869757174393
0.016376778298453364,0.0,0.7008797653958945,0.0,0.4526748971193414,0.7526346043303315,0.9052523171987641,0.07650337822477245,0.17391304347826086,0.41221374045801523,0.22340425531914887,0.9433405618034193,0.0
0.02054009739026286,0.0,0.7008797653958945,,0.4526748971193414,,0.9814624098867148,,0.17391304347826086,0.41221374045801523,0.22340425531914887,,0.005242825607064017
0.017002383278475815,0.0,0.7008797653958945,1.0,0.4526748971193414,0.9223989269975091,,0.09388100282806973,0.17391304347826086,0.41221374045801523,0.22340425531914887,0.9786928236421403,
0.025132550476633216,,0.7008797653958945,0.0,0.4526748971193414,0.4393561985054609,0.9155509783728115,0.11752402949922254,0.17391304347826086,0.41221374045801523,0.22340425531914887,0.995486408795199,
0.03279401972892399,0.0,0.7008797653958945,0.0,0.4526748971193414,0.48668327265759725,0.9279093717816684,0.10492047758913876,,0.41221374045801523,,0.6047707902566948,0.22295805739514352
0.022523015654286598,0.0,0.7008797653958945,0.0,0.4526748971193414,0.8369419429009389,0.96086508753862,0.08332348207222036,0.17391304347826086,0.41221374045801523,0.22340425531914887,0.930404962428766,0.0543598233995585
0.020163677864913385,,0.7008797653958945,0.0,0.4526748971193414,0.4437631730216517,0.7857878475798147,0.11787867489928981,,0.41221374045801523,0.22340425531914887,,0.28725165562913907
0.02578490608282263,0.0,,0.0,,0.5284537267675801,0.9598352214212151,0.08824305031417946,,0.41221374045801523,,0.7483231630440264,0.2585540838852097
0.027461091326637734,0.0,0.7008797653958945,0.0,0.4526748971193414,0.5443571565433992,0.9505664263645727,0.10301994198364996,0.17391304347826086,0.41221374045801523,0.22340425531914887,0.8314085430430178,0.26462472406181015
0.013500074407203876,0.0,0.7008797653958945,0.0,0.4526748971193414,0.4433799578463308,0.9443872296601441,0.11787867489928981,0.17391304347826086,0.41221374045801523,0.22340425531914887,0.7362196782490292,0.3504415011037527
0.025936642827887366,0.0,,0.0,0.4526748971193414,0.44433799578463307,0.972193614830072,,0.17391304347826086,0.41221374045801523,0.22340425531914887,0.8770235513641635,0.2842163355408388
0.0008783871575414062,0.0,0.1315982404692082,,0.257201646090535,0.4403142364437632,0.6776519052523172,0.14297665705789814,0.17391304347826086,0.20801526717557245,0.4255319148936172,,
0.0006779822564670202,0.0,0.1315982404692082,0.0,0.257201646090535,0.571948649166507,0.3110195674562307,0.18211495967045255,0.17391304347826086,0.20801526717557245,0.4255319148936172,0.9850219375661909,0.09933774834437087
,0.0,0.1315982404692082,0.0,0.257201646090535,0.471163058057099,0.4562306900102987,0.22054397148287247,0.17391304347826086,0.20801526717557245,0.4255319148936172,0.9907458772504918,0.23123620309050769
,0.0,0.1315982404692082,0.0,0.257201646090535,0.5276872964169382,0.7260556127703399,0.19895606943775063,0.17391304347826086,0.20801526717557245,0.4255319148936172,0.9967219728680217,0.12582781456953643
0.0006755095095104097,0.0,0.1315982404692082,,0.257201646090535,,0.7363542739443872,0.1623821258718366,0.17391304347826086,0.20801526717557245,0.4255319148936172,0.9858036209592012,
,0.0,0.07331378299120235,0.0,0.2119341563786007,0.6886376700517342,0.9196704428424305,0.1428584419245424,0.08695652173913043,0.011450381679389277,0.5531914893617023,,0.08526490066225167
0.0010538397938718138,0.0,0.07331378299120235,0.0,0.2119341563786007,0.575205978156735,0.9546858908341915,0.1561712846347607,0.08695652173913043,0.011450381679389277,,0.9999999999999999,0.10899558498896247
0.0008627638926791854,,0.07331378299120235,,0.2119341563786007,0.391454301590343,0.8949536560247168,0.16898398639616619,0.08695652173913043,0.011450381679389277,0.5531914893617023,0.9851227999394826,0.3380242825607064
0.0006086329440929898,0.0,0.07331378299120235,0.0,0.2119341563786007,0.49664686721594176,0.6786817713697219,0.19551873709863687,0.08695652173913043,0.011450381679389277,0.5531914893617023,0.9753139341368703,0.315121412803532
0.00134281399502843,0.45,0.1092375366568915,0.0,0.10699588477366251,0.5738647250431118,0.2698249227600412,0.3125517191208432,0.17391304347826086,0.4026717557251908,0.2765957446808509,0.9645468757879873,0.0780905077262693
0.0009481860602711838,0.45,0.1092375366568915,0.0,,0.6495497221689978,0.19155509783728117,,0.17391304347826086,0.4026717557251908,0.2765957446808509,0.9515356296333654,0.09299116997792495
,0.45,0.1092375366568915,0.0,0.10699588477366251,0.6089289135849779,,0.4865189280615447,0.17391304347826086,0.4026717557251908,0.2765957446808509,0.9818699884008271,0.08167770419426049
0.0009027774343407005,0.45,0.1092375366568915,0.0,,0.6930446445679249,,0.4865189280615447,0.17391304347826086,0.4026717557251908,0.2765957446808509,0.9838368046800141,0.031456953642384114
0.00017477825079678655,0.6,0.09054252199413491,0.0,0.03292181069958855,0.6206169764322668,0.07209062821833163,0.46285771444679863,0.0,0.14885496183206098,0.31914893617021267,0.9910988955570125,0.09105960264900662
9.070485427203005e-05,0.6,0.09054252199413491,0.0,,0.5830618892508143,0.16374871266735327,,0.0,0.14885496183206098,0.31914893617021267,0.94906450148772,0.07312362030905077
8.41857941136933e-05,0.8,0.0,0.0,0.07613168724279828,0.8265951331672735,0.2996910401647786,0.41091580354463525,0.13043478260869565,0.1297709923664122,0.1914893617021276,0.9932674365827828,0.03421633554083886
0.00037979145301758306,,0.03885630498533725,0.0,0.039094650205761305,0.7139298716229162,0.3213182286302781,0.5619219961989289,0.043478260869565216,0.27099236641221375,0.0,0.9999999999999999,0.06484547461368653
0.00035247883890593087,0.8,0.03885630498533725,0.0,0.039094650205761305,0.7114389729833303,0.364572605561277,0.5619219961989289,0.043478260869565216,0.27099236641221375,0.0,0.9881486711382319,0.13493377483443708
0.00028301712894296366,0.9500000000000001,0.03702346041055718,0.0,0.03703703703703709,0.6541483042728492,0.12770339855818746,0.5932399130664098,0.08695652173913043,0.41030534351145037,0.46808510638297873,0.9999999999999999,0.0780905077262693
0.0003161744176793315,0.8250000000000001,0.057551319648093846,0.0,0.061728395061728336,0.4983713355048859,0.36560247167868176,0.46744082423228356,0.043478260869565216,0.30725190839694655,0.22340425531914887,0.9921075192899289,0.15728476821192053
0.0014622926320682912,0.0,0.37133431085043994,0.0,0.21399176954732513,0.44644567924889833,0.19979402677651908,0.2560539788485846,0.13043478260869565,0.17175572519083965,,0.9999999999999999,0.25220750551876375
0.0025106249440821995,0.0,0.37133431085043994,0.0,0.21399176954732513,0.5297949798812033,0.5108135942327497,0.2932917458556502,,0.17175572519083965,0.6382978723404256,0.9948812345554491,0.25496688741721857
0.0014561107646767647,0.0,0.37133431085043994,1.0,0.21399176954732513,0.47959379191415985,0.5787847579814624,0.28277059898698725,0.13043478260869565,0.17175572519083965,0.6382978723404256,0.9607141056029048,0.3567880794701987
0.004826240071358981,0.0,0.37133431085043994,1.0,0.21399176954732513,0.3416363287986205,1.0,0.24965217470378015,0.13043478260869565,0.17175572519083965,0.6382978723404256,,0.5894039735099337
0.001889853060384031,0.0,0.37133431085043994,1.0,0.21399176954732513,0.45966660279747085,0.9186405767250256,0.24984313761150873,0.13043478260869565,0.17175572519083965,0.6382978723404256,0.9907963084371375,0.4288079470198675
0.004152641320860498,0.0,0.37133431085043994,1.0,0.21399176954732513,0.35313278405824866,0.8825952626158599,,0.13043478260869565,0.17175572519083965,0.6382978723404256,0.9958142115083968,0.613962472406181
0.0023701279579111494,0.0,0.37133431085043994,1.0,0.21399176954732513,0.4303506418854187,0.5242018537590113,0.22942829342814797,,0.17175572519083965,0.6382978723404256,0.9849715063795451,0.3945916114790287
,0.0,0.37133431085043994,0.0,0.21399176954732513,0.5391837516765664,0.3027806385169928,0.2560539788485846,0.13043478260869565,0.17175572519083965,0.6382978723404256,0.9720359070048918,0.21109271523178808
0.002154661779919227,0.0,0.37133431085043994,0.0,0.21399176954732513,0.5022034872580955,0.40679711637487126,0.2560539788485846,0.13043478260869565,,,0.9917545009834081,0.2135761589403974
0.0007172090150059773,0.0,0.49230205278592387,,0.33950617283950624,0.5903429775819123,0.8465499485066941,0.20837690621902538,0.17391304347826086,0.1698473282442748,0.404255319148936,0.9896111755509607,0.21964679911699775
0.0011730936357338012,,0.49230205278592387,1.0,0.33950617283950624,0.4579421345085265,0.9361483007209063,0.16001782320472135,0.17391304347826086,0.1698473282442748,0.404255319148936,0.9999999999999999,0.44674392935982343
,0.0,0.49230205278592387,1.0,,,0.92173017507724,0.20312087952059216,0.17391304347826086,0.1698473282442748,0.404255319148936,0.9920318725099602,0.24199779249448122
0.003953809986031228,0.0,0.21041055718475074,1.0,0.2510288065843621,0.6495497221689978,0.8815653964984552,0.15750802498886046,0.30434782608695654,0.22900763358778625,0.5106382978723403,0.9868878914720863,0.22019867549668876
0.004511526822335829,0.0,0.21041055718475074,1.0,0.2510288065843621,0.4987545506802068,0.9104016477857878,0.1744491629459211,0.30434782608695654,0.22900763358778625,,0.9958142115083968,0.5444260485651213
0.006937628779537524,0.0,0.21041055718475074,1.0,0.2510288065843621,0.6357539758574439,0.7703398558187435,0.1948276332420955,0.30434782608695654,0.22900763358778625,0.5106382978723403,0.983584648746785,0.22626931567328917
0.006838044515739485,,0.21041055718475074,0.0,0.2510288065843621,0.5857443954780609,0.8022657054582903,0.1948276332420955,0.30434782608695654,,,0.9999999999999999,0.1619757174392936
0.005851530877640837,,0.21041055718475074,0.0,0.24485596707818924,0.989461582678674,0.8249227600411946,0.16048159026634778,0.30434782608695654,0.22900763358778625,0.5106382978723403,0.9624287659488628,0.08002207505518763
0.004564016496369333,0.0,0.21041055718475074,0.0,,0.6901705307530178,0.7929969104016479,0.18969891514881465,0.30434782608695654,0.22900763358778625,0.5106382978723403,0.9374148973725351,0.12775938189845476
0.003280548428299555,0.0,0.21041055718475074,0.0,0.24485596707818924,0.7903812990994444,,0.20419390919259067,0.30434782608695654,0.22900763358778625,0.5106382978723403,0.9511069645468758,0.060430463576158944
0.005964715249700236,0.0,0.21041055718475074,0.0,0.24485596707818924,0.4636903621383407,0.6714727085478887,,0.30434782608695654,0.22900763358778625,0.5106382978723403,0.9532250743860003,0.2737306843267108
0.006395085617739396,0.0,0.21041055718475074,0.0,0.2510288065843621,0.915117838666411,0.7250257466529351,0.24632396402622558,0.30434782608695654,,0.5106382978723403,0.972288062938121,0.02041942604856513
0.003654607604281359,0.0,0.21041055718475074,0.0,0.2510288065843621,0.8978731557769687,,0.22936463912557176,0.30434782608695654,,0.5106382978723403,0.954738009985375,0.06125827814569537
,0.0,0.21041055718475074,1.0,0.2510288065843621,0.6064380149453917,0.654994850669413,0.22936463912557176,0.30434782608695654,0.22900763358778625,0.5106382978723403,0.907458772504917,0.17439293598233996
0.0009688672166355626,0.3,0.16385630498533724,0.0,0.08847736625514402,0.5834451044261352,0.40473738414006183,0.4601569533232092,0.21739130434782608,0.215648854961832,0.4255319148936172,0.9669171415603408,0.15562913907284767
0.0012023170088573797,0.3,0.16385630498533724,0.0,0.08847736625514402,0.6392029124353326,0.529351184346035,0.47345160908983447,0.21739130434782608,0.215648854961832,,0.9857531897725553,0.266280353200883
0.0011217279375896653,,0.16385630498533724,0.0,0.08847736625514402,0.4855336271316343,0.6405767250257466,0.47345160908983447,0.21739130434782608,0.215648854961832,0.4255319148936172,,0.2944260485651214
0.0010855359139520027,,,0.0,0.08847736625514402,0.5359264226863384,0.5149330587023686,0.5370513508352355,0.21739130434782608,0.215648854961832,0.4255319148936172,0.9391043421251702,0.26186534216335544
0.00224525423660232,0.22,0.19794721407624635,0.0,0.09465020576131689,,0.7579814624098867,0.6206567305331503,0.26086956521739135,0.2729007633587786,0.6914893617021276,0.9384487366987746,0.29718543046357615
0.0020794677929204804,,0.19794721407624635,0.0,0.09465020576131689,0.39164590917800346,0.6930998970133883,0.6206567305331503,0.26086956521739135,,0.6914893617021276,0.9804074839880983,0.461644591611479
0.003748571988632558,0.22,0.19794721407624635,0.0,0.09465020576131689,,0.329557157569516,0.6298047631605271,0.26086956521739135,,0.6914893617021276,0.9830551212870039,0.20502207505518766
0.002138364129523385,0.22,0.19794721407624635,0.0,0.09465020576131689,,0.7857878475798147,0.6298047631605271,0.26086956521739135,,0.6914893617021276,0.947652428261637,0.23233995584988965
0.001776668688324633,0.22,,0.0,0.09465020576131689,0.5502969917608737,0.47579814624098876,0.6089807127463195,0.26086956521739135,0.2729007633587786,0.6914893617021276,0.9440465984164607,0.21495584988962468
0.002335284705340729,0.22,0.19794721407624635,0.0,0.09465020576131689,0.551255029699176,0.06179196704428426,0.5698969709645446,0.26086956521739135,0.2729007633587786,0.6914893617021276,0.9499974784406677,0.05132450331125828
0.0008529853024416803,0.22,0.19794721407624635,0.0,0.09465020576131689,0.6506993676949607,0.04016477857878477,0.7072083950931628,0.26086956521739135,,0.6914893617021276,0.9727419436179333,0.04966887417218542
0.004075761370027699,0.22,0.19794721407624635,0.0,0.09465020576131689,0.9001724468288944,0.05664263645726057,0.7072083950931628,0.26086956521739135,0.2729007633587786,0.6914893617021276,0.9999999999999999,0.04994481236203091
0.0004706087048785499,0.8,0.11656891495601175,0.0,0.014403292181069949,0.48802452577122046,0.2996910401647786,0.7357255226472916,0.0,0.24427480916030536,0.404255319148936,0.9898885470775127,0.13355408388520973
0.000327751369339826,,0.11656891495601175,0.0,0.014403292181069949,0.44357156543399123,0.16683831101956748,0.7357255226472916,0.0,0.24427480916030536,0.404255319148936,0.9956629179484594,0.20750551876379691
0.006802526877635442,0.2,0.12866568914956011,0.0,0.5390946502057613,0.9854378233378044,0.8650875386199794,,0.17391304347826086,0.14694656488549612,0.042553191489361764,0.9818447728075042,0.0935430463576159
0.007386657147340201,0.2,0.12866568914956011,0.0,0.5390946502057613,0.722743820655298,1.0,0.06956505924396876,0.17391304347826086,0.14694656488549612,0.042553191489361764,0.9656815774875184,0.1672185430463576
0.005999670899859593,0.2,0.12866568914956011,0.0,0.5390946502057613,,0.8125643666323378,0.08934336040156772,0.17391304347826086,0.14694656488549612,0.042553191489361764,0.9896616067376066,0.21688741721854304
0.005932344744086426,0.2,0.12866568914956011,0.0,,0.7585744395478061,0.8908341915550979,,0.17391304347826086,0.14694656488549612,0.042553191489361764,,0.15259381898454746
0.009204688148393592,0.2,0.12866568914956011,0.0,0.5390946502057613,0.7215941751293352,0.9433573635427395,0.08631523429330086,,,0.042553191489361764,0.991224973523627,
0.006111618898440686,0.2,0.12866568914956011,0.0,0.5390946502057613,0.6984096570224182,0.913491246138002,0.07279324173176079,0.17391304347826086,0.14694656488549612,0.042553191489361764,0.9772807504160572,0.1757726269315673
0.00848938989239954,,0.12866568914956011,0.0,0.5390946502057613,0.38302356773328217,0.6168898043254376,0.07792195982504162,0.17391304347826086,,0.042553191489361764,0.9886529830046901,0.24061810154525382
0.00876004328655945,0.2,0.12866568914956011,0.0,0.5390946502057613,0.6616210001916077,0.8414006179196704,0.09123480253525994,,0.14694656488549612,0.042553191489361764,0.9676483937667053,0.3603752759381898
0.006429366882365133,,0.12866568914956011,0.0,0.39094650205761294,0.9074535351599925,0.6601441812564366,0.11748765561203615,0.17391304347826086,0.14694656488549612,0.042553191489361764,0.9688335266528822,0.157560706401766
,0.2,0.12866568914956011,,0.39094650205761294,0.7489940601647825,0.5118434603501545,0.15844465258391,0.17391304347826086,,0.042553191489361764,0.9833577084068789,0.03945916114790288
0.0032914509944264284,,0.2382697947214076,0.0,0.1625514403292181,0.4397394136807816,0.4037075180226571,0.3000300084569288,0.08695652173913043,0.06870229007633583,0.6382978723404256,0.9791971355085984,0.3109823399558499
0.0017510420380470336,0.2,0.2382697947214076,0.0,0.1625514403292181,0.5133167273424027,0.13800205973223484,0.3000300084569288,0.08695652173913043,0.06870229007633583,,0.9999999999999999,0.13410596026490065
0.000563336715751443,0.4,0.21810850439882698,1.0,0.12757201646090532,0.6125694577505268,0.30895983522142123,0.26807554856368615,0.13043478260869565,0.1278625954198473,0.5319148936170215,0.9999999999999999,0.04966887417218542
0.0010084311679413303,0.4,0.21810850439882698,0.0,0.12757201646090532,0.6309637861659322,,0.285325864561831,0.13043478260869565,0.1278625954198473,0.5319148936170215,0.9999999999999999,0.03449227373068432
0.001105655082371697,0.4,0.21810850439882698,1.0,0.12757201646090532,0.7100977198697068,0.474768280123584,0.33260282443234007,0.13043478260869565,,0.5319148936170215,0.9807100711079731,0.11920529801324503
0.0006176247512079369,0.4,0.21810850439882698,1.0,0.12757201646090532,0.6255987737114389,0.2543769309989702,0.3394774891105675,0.13043478260869565,0.1278625954198473,0.5319148936170215,0.9913006203035958,0.06705298013245034
0.0008256726883300281,0.4,0.21810850439882698,0.0,0.12757201646090532,0.5596857635562368,0.30072090628218334,0.27377715538015257,0.13043478260869565,0.1278625954198473,0.5319148936170215,0.9999999999999999,0.15066225165562916
,0.2,,0.0,,,0.6343975283213182,0.3241913630204876,0.17391304347826086,0.05534351145038163,0.24468085106382986,0.9758182460033284,0.05601545253863134
0.0003453977908029099,0.2,0.10520527859237538,0.0,0.1191358024691358,0.652807051159226,0.35324407826982496,0.37420545790177234,0.17391304347826086,0.05534351145038163,0.24468085106382986,0.9882243179182006,0.07891832229580573
9.767350478611415e-05,,0.02749266862170088,1.0,0.03292181069958855,0.8357922973749762,0.2255406797116375,0.4324309578153844,0.0,,0.10638297872340408,0.9965202481214382,0.03945916114790288
5.2152481266693853e-05,0.55,0.06561583577712611,0.0,,0.5541291435140833,0.29866117404737386,0.5617674071783867,0.0,0.215648854961832,0.2872340425531916,0.9945030006556055,0.1793598233995585
0.00036405579056642543,0.525,,0.0,0.04115226337448563,0.5073768921249281,,0.5626676608862498,0.21739130434782608,0.20229007633587787,0.4255319148936172,0.9999999999999999,0.14928256070640175
0.00032258108024873144,,0.16458944281524926,0.0,0.053497942386831254,0.6323050392795554,0.25746652935118436,0.36256581400212784,0.13043478260869565,,,0.9999999999999999,0.04415011037527594
0.0008153321101478388,0.8,0.16458944281524926,0.0,0.053497942386831254,0.6872964169381107,0.2554067971163749,0.36256581400212784,0.13043478260869565,0.11068702290076332,0.7021276595744679,0.9999999999999999,0.05049668874172186
0.0008579307963549013,0.0,0.4934017595307918,0.0,0.10699588477366251,0.4916650699367694,0.1596292481977343,0.39766661513699314,0.13043478260869565,0.1946564885496183,0.36170212765957444,0.9999999999999999,0.1890176600441501
0.0013824903439231344,0.0,0.4934017595307918,0.0,0.10699588477366251,0.5972408507376893,0.29042224510813597,0.43928743555001865,,0.1946564885496183,0.36170212765957444,0.9999999999999999,0.12527593818984545
0.0015141079205681742,0.0,0.4934017595307918,0.0,0.10699588477366251,0.4270933128951907,0.5674562306900103,,0.13043478260869565,0.1946564885496183,0.36170212765957444,0.9999999999999999,0.38934878587196464
0.0005540077158696854,0.7000000000000001,0.0652492668621701,0.0,0.030864197530864224,0.6667944050584403,,0.6090989278796752,0.17391304347826086,,0.23404255319148937,0.9361541177063896,0.08305739514348787
0.0004254248741259401,0.7000000000000001,0.0652492668621701,0.0,0.030864197530864224,0.6342211151561602,0.45829042224510813,0.6090989278796752,0.17391304347826086,0.3263358778625954,0.23404255319148937,0.9847697816329619,0.11975717439293598
0.00032651499586152077,0.34,0.2063782991202346,0.0,0.09876543209876543,0.5803793830235676,0.3861997940267765,,0.26086956521739135,0.27099236641221375,,0.9971002067678653,0.2144039735099338
0.0009704407828806784,0.34,0.2063782991202346,0.0,0.09876543209876543,0.562176662195823,0.1596292481977343,0.39666633323936745,0.26086956521739135,0.27099236641221375,0.37234042553191493,0.9664884764738515,0.19150110375275936
0.0005447911135768645,0.33,0.06304985337243403,0.0,0.17901234567901225,0.58536118030274,0.568486096807415,0.2037301421309642,,0.06679389312977096,0.6170212765957446,0.9910736799636896,0.1986754966887417
0.000772283833585029,0.33,0.06304985337243403,0.0,0.17901234567901225,0.739413680781759,0.7106076210092689,0.17910502050577892,0.26086956521739135,0.06679389312977096,0.6170212765957446,0.9999999999999999,0.13079470198675497
0.005469941063200265,0.0,0.3460410557184751,0.0,0.3271604938271605,0.5890017244682889,0.819773429454171,0.19895606943775063,0.13043478260869565,,0.6170212765957446,0.9999999999999999,0.07753863134657837
0.0038561364812451137,0.0,0.3460410557184751,0.0,0.3271604938271605,0.46196589384939657,0.7600411946446962,0.17940510507506663,,0.22328244274809156,0.6170212765957446,0.9983357708406879,0.22737306843267108
0.029551124492918274,0.0,0.3460410557184751,0.0,0.3271604938271605,0.27054991377658555,0.35942327497425336,0.12638107102910823,0.13043478260869565,0.22328244274809156,0.6170212765957446,0.882873569015079,0.3010485651214128
0.008812982550948702,0.0,0.3460410557184751,0.0,0.3271604938271605,0.4907070319984671,0.5139031925849639,0.13737507843119423,0.13043478260869565,0.22328244274809156,0.6170212765957446,0.9999999999999999,0.11727373068432673
0.002870297228680088,0.0,0.3460410557184751,0.0,0.3271604938271605,0.4717378808200804,0.9011328527291452,0.15498913330120306,0.13043478260869565,0.22328244274809156,0.6170212765957446,0.9984870644006254,0.27566225165562913
0.004078683707340057,0.0,0.3460410557184751,0.0,0.3271604938271605,0.5759724085073769,0.8692070030895983,,0.13043478260869565,,0.6170212765957446,0.9969489132079278,0.20833333333333331
0.0027789179888744373,0.0,,0.0,0.3271604938271605,0.41080666794405063,0.7703398558187435,0.2560176049613982,0.13043478260869565,0.22328244274809156,,0.9987896515205004,0.2695916114790287
0.00350624278688473,0.0,0.3460410557184751,0.0,0.3271604938271605,0.4508526537650891,0.8269824922760042,0.2608917058443743,0.13043478260869565,0.22328244274809156,0.6170212765957446,,0.4580573951434878
0.0026851783997011124,0.0,0.3460410557184751,0.0,0.3271604938271605,0.4255604521939068,0.7085478887744593,0.263901645009048,0.13043478260869565,,0.6170212765957446,0.9999999999999999,0.3921081677704194
0.005273132884971858,0.0,0.3460410557184751,0.0,0.3271604938271605,0.488982563709523,0.5756951596292481,0.26119179041366203,0.13043478260869565,0.22328244274809156,,0.998310555247365,0.30353200883002207
0.003120157068886684,,0.25366568914956017,0.0,0.2222222222222222,0.411381490707032,0.7353244078269825,0.3265920395747893,0.17391304347826086,0.19083969465648848,0.7446808510638299,,0.2762141280353201
0.0037627340848385995,0.0,0.25366568914956017,,0.2222222222222222,0.5468480551829852,0.38311019567456234,,0.17391304347826086,0.19083969465648848,0.7446808510638299,0.9999999999999999,0.12113686534216336
0.002085424865134133,0.0,0.25366568914956017,0.0,0.2222222222222222,0.5499137765855527,0.121524201853759,0.38977348161754677,0.17391304347826086,0.19083969465648848,,0.9918805789500227,0.092439293598234
0.003339894355258207,0.0,0.25366568914956017,0.0,0.2222222222222222,0.5271124736539566,0.26776519052523173,0.38977348161754677,0.17391304347826086,0.19083969465648848,0.7446808510638299,0.9999999999999999,0.12196467991169979
0.0026380838099365764,0.0,0.25366568914956017,0.0,0.2222222222222222,0.4832343360797088,0.4201853759011329,0.38977348161754677,,0.19083969465648848,0.7446808510638299,0.9999999999999999,0.30518763796909487
0.0006726995697869887,,,0.0,0.154320987654321,0.44203870473270757,0.23583934088568487,0.37146832289099657,0.13043478260869565,0.46374045801526714,0.457446808510638,0.9635382520550708,0.22737306843267108
0.00031853476704700516,0.35000000000000003,0.20527859237536655,0.0,0.10884773662551439,0.4732707415213643,0.21009268795056646,0.5011503241822696,0.0,0.22328244274809156,0.457446808510638,0.9126279691361138,0.1683222958057395
0.0005002816683578758,0.0,0.17338709677419356,0.0,0.2674897119341565,0.5278789040045985,0.3625128733264676,0.4845729250970728,0.17391304347826086,0.07061068702290074,0.8085106382978724,0.9818699884008271,0.10899558498896247
0.0003491069112378256,0.0,0.17338709677419356,0.0,,0.5267292584786357,0.36663233779608656,0.4845729250970728,,0.07061068702290074,0.8085106382978724,0.9810883050078167,0.13852097130242824
0.00037417157357074105,0.0,0.17338709677419356,0.0,0.2674897119341565,0.47442038704732703,0.32543769309989706,0.4415517100273713,0.17391304347826086,0.07061068702290074,0.8085106382978724,0.9999999999999999,
0.0003141512610784684,0.0,0.17338709677419356,0.0,0.2674897119341565,0.4422303123203678,0.446961894953656,0.37296874573743505,0.17391304347826086,,0.8085106382978724,,0.222682119205298
0.0003005511528171107,0.0,0.17338709677419356,0.0,0.2674897119341565,0.47863575397585756,0.35427394438722964,,0.17391304347826086,,0.8085106382978724,0.9980836149074588,
0.0005468142701777276,0.0,0.17338709677419356,,0.2674897119341565,,,,0.17391304347826086,,0.8085106382978724,0.9999999999999999,0.22102649006622516
0.0006203222933424211,0.0,0.17338709677419356,0.0,0.2674897119341565,,,0.3348761923814893,0.17391304347826086,0.07061068702290074,0.8085106382978724,0.9999999999999999,0.20860927152317876
0.00021479179245830165,0.55,,0.0,0.2037037037037036,0.6006897873155775,0.5509783728115345,0.41852703943838715,0.17391304347826086,0.34923664122137404,,0.9999999999999999,0.15038631346578366
0.0002788584181523006,0.0,0.1440615835777126,0.0,0.11728395061728392,0.47001341253113627,0.4696189495365603,0.625994598477753,0.08695652173913043,0.3148854961832061,0.6595744680851063,0.9716072419184023,0.24282560706401762
9.767350478611415e-05,,,,0.10288065843621397,0.5890017244682889,0.2760041194644696,0.6560394292937101,0.13043478260869565,0.17748091603053434,0.46808510638297873,0.9849715063795451,
0.0002548053341198167,0.4,,0.0,0.09053497942386823,0.6472504311170723,0.32543769309989706,0.6967872764142622,0.0,0.282442748091603,0.7553191489361701,0.9822230067073479,0.11479028697571741
0.0006270661486786315,0.4,0.028958944281524925,0.0,0.09053497942386823,,0.427394438722966,0.6967872764142622,0.0,0.282442748091603,0.7553191489361701,0.9999999999999999,0.11727373068432673
0.0008225255558397966,0.6,0.045087976539589444,0.0,0.053497942386831254,0.5782716995593026,0.33985581874356335,0.8712182524165902,0.13043478260869565,0.42748091603053434,0.6063829787234043,0.9341368702405567,0.10375275938189846
0.0007431728580503874,0.6,0.045087976539589444,,0.053497942386831254,0.4451044261352751,0.16065911431513905,0.8712182524165902,0.13043478260869565,0.42748091603053434,,0.9884764738514297,0.1672185430463576
0.00012105220328497691,0.9,0.057184750733137835,0.0,0.05144032921810693,0.6068212301207127,0.34191555097837284,1.0,0.17391304347826086,0.0,0.46808510638297873,0.9686318019062988,0.07643487858719647
0.0004123867538092667,0.8,0.05315249266862171,0.0,,,0.1956745623069001,0.85988778655803,0.13043478260869565,0.28053435114503816,1.0,,0.17439293598233996
0.0011270106242696968,0.8,0.05315249266862171,0.0,0.057613168724279795,0.4550680206936194,0.17095777548918642,0.85988778655803,0.13043478260869565,0.28053435114503816,1.0,0.947400272328408,0.10596026490066227
,0.0,0.6466275659824048,1.0,0.7921810699588477,0.5079517148879095,0.9732234809474769,0.09026180105302405,,0.91412213740458,0.8085106382978724,0.9516617075999799,0.43791390728476826
0.04319866453680729,0.0,0.6466275659824048,1.0,,0.5430159034297758,0.9073120494335736,,1.0,0.91412213740458,0.8085106382978724,0.9859801301124614,0.31843267108167767
0.05839560534419064,0.0,,1.0,0.7921810699588477,0.4916650699367694,0.8290422245108137,0.14486809919159038,1.0,0.91412213740458,0.8085106382978724,0.9962933077815321,0.26903973509933776
0.04782506169503657,0.0,,0.0,,0.4887909561218625,0.8074150360453141,0.1254444434340587,1.0,0.91412213740458,0.8085106382978724,0.984467194513087,0.3018763796909492
0.050979050438193244,,0.6466275659824048,0.0,,0.5435907261927572,0.8764160659114315,0.12627194936754904,1.0,0.91412213740458,0.8085106382978724,0.9436683645166171,0.1672185430463576
0.041271270681718354,0.0,0.6466275659824048,0.0,,0.34508526537650897,0.96086508753862,0.08857041529885697,1.0,0.91412213740458,0.8085106382978724,0.9593776791567906,0.2334437086092715
0.05113584507476013,0.0,0.6466275659824048,0.0,0.685185185185185,,0.8753861997940269,0.043976029608344167,1.0,0.91412213740458,0.8085106382978724,0.893590196177316,0.14873068432671083
0.041481791365797056,,0.6466275659824048,0.0,0.685185185185185,0.26863383789998085,0.9114315139031927,,1.0,0.91412213740458,0.8085106382978724,0.7960814967976196,0.33857615894039733
,0.0,0.6466275659824048,0.0,0.5061728395061728,0.057865491473462316,1.0,0.03464612754503542,1.0,0.91412213740458,0.8085106382978724,0.3305764284633617,0.3200883002207505
0.05498377653201286,,0.6466275659824048,0.0,0.5061728395061728,0.26997509101360406,1.0,0.018450654275295783,,0.91412213740458,0.8085106382978724,0.9460890614756164,0.04221854304635761
0.1036977907579509,0.0,0.6466275659824048,0.0,0.5061728395061728,0.5087181452385515,1.0,0.003591921359655914,1.0,0.91412213740458,0.8085106382978724,0.922462050532049,0.2152317880794702
0.12478133049072339,0.0,,0.0,0.5823045267489712,0.25771220540333384,1.0,0.004055688421282358,1.0,0.91412213740458,,0.9999999999999999,0.9116997792494481
0.20784427269093766,,0.6466275659824048,0.0,0.5823045267489712,0.11055757808009192,1.0,,1.0,0.91412213740458,0.8085106382978724,0.9999999999999999,0.9999999999999998
0.22033052084593124,0.0,0.6466275659824048,0.0,0.588477366255144,0.7189116689020886,0.9783728115345005,0.016977511844247034,1.0,0.91412213740458,0.8085106382978724,0.9999999999999999,0.32312362030905073
0.2007463649495762,0.0,0.6466275659824048,0.0,0.588477366255144,0.5100593983521747,1.0,0.023324755158271884,1.0,0.91412213740458,0.8085106382978724,0.9920318725099602,0.5532560706401766
0.17835339330568953,0.0,0.6466275659824048,0.0,0.588477366255144,0.5717570415788465,0.9907312049433572,0.03542816611954279,1.0,,0.8085106382978724,0.9999999999999999,0.5339403973509933
0.10318885447524488,0.0,0.6466275659824048,0.0,0.648148148148148,,1.0,0.04099337085906028,1.0,0.91412213740458,0.8085106382978724,0.9999999999999999,0.6034768211920529
0.08976251288638357,,0.6466275659824048,0.0,0.648148148148148,0.3753592642268634,1.0,0.0366921586992698,,0.91412213740458,,0.9999999999999999,0.6299668874172184
0.22567839812754611,0.0,0.6466275659824048,0.0,0.648148148148148,0.15462732324200046,0.9093717816683832,0.028180669097654806,1.0,0.91412213740458,0.8085106382978724,0.7199304049624288,0.7974613686534215
0.27410939522454114,0.0,0.6466275659824048,0.0,,0.2090438781375743,1.0,,1.0,0.91412213740458,0.8085106382978724,0.9999999999999999,0.7326158940397351
0.0915525568877917,0.0,0.6466275659824048,0.0,0.648148148148148,0.350450277831002,0.9886714727085479,0.05442442870263438,1.0,0.91412213740458,0.8085106382978724,,0.5275938189845475
0.05942157053600612,,0.6466275659824048,0.0,0.648148148148148,0.47710289327457367,0.819773429454171,0.0944084241922724,1.0,0.91412213740458,0.8085106382978724,0.9533007211659691,0.46992273730684325
0.09709398281755578,0.0,0.6466275659824048,0.0,0.6337448559670781,0.5043111707223605,0.9237899073120494,0.06016240940628724,1.0,0.91412213740458,0.8085106382978724,0.9999999999999999,0.3708609271523179
0.09790313306031209,0.0,0.6466275659824048,0.0,,0.5575780800919717,0.9876416065911431,0.05420618537951606,1.0,0.91412213740458,0.8085106382978724,0.9875939280851279,0.42466887417218546
0.06592939093544917,,0.6466275659824048,0.0,0.6337448559670781,0.5449319793063806,0.9588053553038105,,1.0,0.91412213740458,0.8085106382978724,0.9999999999999999,0.4867549668874172
0.43099394986258266,0.0,0.6466275659824048,0.0,0.6337448559670781,0.3625215558536118,1.0,0.03273649846775002,1.0,0.91412213740458,0.8085106382978724,0.9999999999999999,0.7963576158940397
0.1113885957809542,0.0,0.6466275659824048,0.0,0.6337448559670781,0.43897298333014,0.7713697219361483,0.0337185934217825,1.0,0.91412213740458,0.8085106382978724,0.8518836048212215,0.7792494481236203
0.28144108995089123,0.0,,0.0,0.6337448559670781,0.46484000766430345,1.0,0.041757222489974447,1.0,0.91412213740458,0.8085106382978724,0.9999999999999999,0.6909492273730684
0.10778243153750461,0.0,0.6466275659824048,0.0,0.6337448559670781,0.5447403717187201,1.0,,1.0,0.91412213740458,0.8085106382978724,0.9475767814816684,0.5126931567328918
,0.0,0.6466275659824048,0.0,0.6337448559670781,0.3425943667369228,0.9588053553038105,0.052123780338095296,1.0,0.91412213740458,0.8085106382978724,0.9999999999999999,0.49779249448123614
0.46670715977137434,0.0,0.6466275659824048,0.0,0.6337448559670781,0.37746694769112843,0.8496395468589084,0.043448608244141526,,0.91412213740458,0.8085106382978724,0.8299460386302889,0.7077814569536423
0.7633423805899254,0.0,0.6466275659824048,0.0,,0.4065913010155201,1.0,0.02689848957433459,1.0,0.91412213740458,0.8085106382978724,0.9699177971657674,0.5863686534216335
0.23277405791712882,0.0,0.6466275659824048,0.0,,,1.0,0.004410333821349657,1.0,,0.8085106382978724,0.9327247970144739,0.5963024282560707
0.134256447238099,0.0,0.6466275659824048,0.0,0.5637860082304528,0.39222073194098483,1.0,0.014149442115505284,1.0,0.91412213740458,0.8085106382978724,0.8365777396742144,0.2869757174392936
0.0831469031991501,0.0,0.6466275659824048,0.0,0.4362139917695472,0.3939452002299292,0.9783728115345005,0.02956287681073759,1.0,0.91412213740458,0.8085106382978724,0.792576529325735,0.6807395143487858
0.1622119755584699,0.0,0.6466275659824048,0.0,0.4362139917695472,,1.0,0.03054497176477007,1.0,0.91412213740458,0.8085106382978724,0.4514599828533966,0.49806843267108164
0.5746830275594392,0.0,0.6466275659824048,,0.4362139917695472,0.42077026250239513,1.0,0.02577089907155654,1.0,0.91412213740458,0.8085106382978724,0.0057491552776236824,0.23123620309050769
0.211360069272882,0.0,0.6466275659824048,,,,1.0,0.03858360083296204,1.0,0.91412213740458,0.8085106382978724,0.07178879419032728,0.9006622516556291
0.5141040990501504,0.0,0.6466275659824048,0.0,0.6337448559670781,0.18356006897873156,1.0,0.048068091916812924,1.0,0.91412213740458,0.8085106382978724,0.22177114327500125,0.9726821192052979
0.2031955084125099,0.0,0.6466275659824048,0.0,0.6049382716049384,0.5504885993485343,1.0,0.06411806963780702,1.0,0.91412213740458,0.8085106382978724,0.06790559281859901,
0.8264345191878419,,0.6466275659824048,0.0,0.6049382716049384,0.45909178003448925,1.0,0.061199065191099314,1.0,0.91412213740458,0.8085106382978724,0.040672752029855264,0.5212472406181015
,0.0,,0.0,0.685185185185185,0.5460816248323433,1.0,0.06631868981258356,1.0,0.91412213740458,0.8085106382978724,0.8029401381814514,0.3667218543046357
,0.0,0.6466275659824048,0.0,0.40946502057613154,0.3839816056715847,0.6972193614830071,0.08492393310842146,1.0,0.91412213740458,0.8085106382978724,0.008396792576529324,0.4257726269315673
0.1781949127052886,0.0,0.6466275659824048,0.0,0.6049382716049384,0.4474037171872006,0.9526261585993822,0.07092908001345834,1.0,,0.8085106382978724,0.018558676685662415,0.6252759381898454
0.13758453984651883,,0.6466275659824048,0.0,0.40946502057613154,0.4360988695152327,0.5849639546858908,0.07893133519446392,1.0,0.91412213740458,0.8085106382978724,0.06134953855464219,0.38520971302428253
0.42323964020183014,0.0,0.6466275659824048,0.0,0.6049382716049384,0.5060356390113049,0.780638516992791,0.06668242868444745,1.0,0.91412213740458,0.8085106382978724,0.046648847647385146,0.35292494481236203
0.0827335048670404,0.0,0.6466275659824048,0.0,0.6049382716049384,0.5043111707223605,0.7744593202883624,0.07329338268057363,1.0,0.91412213740458,0.8085106382978724,0.2431035352261839,0.5460816777041941
0.10489583665842867,0.0,0.6466275659824048,0.0,0.6049382716049384,0.5401417896148687,0.9546858908341915,0.0762578544862643,1.0,0.91412213740458,0.8085106382978724,0.15230218367038176,0.6167218543046358
0.09537845841761279,0.0,0.6466275659824048,0.0,0.40946502057613154,0.5340103468097336,0.8568486096807414,0.083941838154389,1.0,0.91412213740458,,0.20961722729335822,0.4390176600441501
0.11302679063970864,0.0,0.6466275659824048,0.0,0.40946502057613154,0.6269400268250623,0.94129763130793,0.087170020642181,1.0,0.91412213740458,0.8085106382978724,0.2042715215089011,0.49558498896247244
0.07235853302263642,0.0,0.6466275659824048,0.0,0.40946502057613154,0.54876413105959,0.7404737384140061,0.09737289599796307,,0.91412213740458,0.8085106382978724,0.246179837611579,0.2842163355408388
0.062658845892565,,0.6466275659824048,0.0,0.6748971193415637,0.550871814523855,0.8753861997940269,0.10786676245123626,1.0,0.91412213740458,0.8085106382978724,0.2518281305159111,0.3998344370860927
0.15631222611517515,0.0,,0.0,0.6748971193415637,0.5071852845372676,,,1.0,0.91412213740458,0.8085106382978724,0.2529376166221191,0.3708609271523179
0.12536916988086305,0.0,0.6466275659824048,0.0,0.7304526748971193,0.5878520789423259,0.9443872296601441,0.09048913784793895,1.0,0.91412213740458,,0.27618639366584297,0.5943708609271523
0.16201527977783042,0.0,0.6466275659824048,0.0,0.7304526748971193,0.5556620042153669,0.9309989701338826,0.07938600878429379,1.0,0.91412213740458,0.8085106382978724,0.06851076705834887,0.4503311258278146
0.170517033405013,0.0,0.6466275659824048,0.0,0.7304526748971193,0.4964552596282813,1.0,0.07134737971610182,1.0,0.91412213740458,0.8085106382978724,0.0226940339906198,
0.1536675108474913,0.0,0.6466275659824048,0.0,0.7304526748971193,0.45487641310595894,0.8753861997940269,0.06283589011448683,1.0,0.91412213740458,0.8085106382978724,0.17305461697513744,0.8910044150110377
0.10547738178358788,0.0,0.6466275659824048,0.0,0.7304526748971193,0.39586127610653377,0.9371781668383111,0.0625267120734025,1.0,0.91412213740458,0.8085106382978724,0.9999999999999999,0.5836092715231787
0.24777801206430763,,0.6466275659824048,0.0,0.7304526748971193,0.43245832534968376,0.92173017507724,0.06698251325373515,1.0,0.91412213740458,0.8085106382978724,0.9862575016390136,0.5623620309050772
0.10922640336257619,,0.6466275659824048,0.0,0.7304526748971193,0.5451235868940408,0.9711637487126674,0.08506942865716706,1.0,,,0.9724141409047354,0.4908940397350993
0.06361759732619623,0.0,0.6466275659824048,0.0,0.7304526748971193,0.5092929680015329,1.0,0.0795860651638189,1.0,,0.8085106382978724,0.9969489132079278,0.41004415011037526
0.11987742368540903,0.0,0.6466275659824048,0.0,0.7304526748971193,0.555278789040046,0.9464469618949536,0.07804926843019398,1.0,,0.8085106382978724,0.10777144586212113,0.613962472406181
0.0706053554303996,0.0,0.6466275659824048,,0.7304526748971193,,0.9629248197734295,0.08569687821113224,1.0,0.91412213740458,0.8085106382978724,0.801074184275556,0.44315673289183216
0.11148188577977175,0.0,0.6466275659824048,0.0,0.7304526748971193,0.515424410806668,0.9649845520082388,0.09715465267484473,1.0,0.91412213740458,0.8085106382978724,0.9788693327954007,
0.10478568702127058,0.0,0.6466275659824048,0.0,0.6748971193415637,0.5027783100210766,0.9866117404737385,0.10293810073748057,1.0,0.91412213740458,0.8085106382978724,0.9999999999999999,0.4525386313465783
0.07543451783907093,0.0,0.6466275659824048,0.0,0.6748971193415637,0.6108449894615827,0.9237899073120494,0.10857605325137083,1.0,0.91412213740458,0.8085106382978724,0.0,0.43349889624724064
0.10685987212751101,0.0,0.6466275659824048,0.0,0.6748971193415637,0.6068212301207127,0.9392378990731204,0.12426229210050109,1.0,0.91412213740458,0.8085106382978724,0.016037117353371325,0.46854304635761584
0.05334445769736904,0.0,0.6466275659824048,0.0,0.6748971193415637,,0.8609680741503605,0.11877892860715293,1.0,,0.8085106382978724,0.1275909022139291,0.4525386313465783
0.08706216081217599,0.0,0.6466275659824048,0.0,0.6748971193415637,0.5250047901896916,0.8321318228630278,,,0.91412213740458,0.8085106382978724,0.6855867668566241,0.4001103752759382
0.07637247571874886,0.0,0.6466275659824048,0.0,0.6748971193415637,0.48285112090438786,0.839340885684861,0.14439523865816728,1.0,0.91412213740458,0.8085106382978724,0.9999999999999999,0.35789183222958054
0.04143863069164531,0.0,0.6466275659824048,0.0,0.6748971193415637,,0.8805355303810505,0.1307186570760851,,0.91412213740458,0.8085106382978724,0.9862070704523678,0.3565121412803532
0.06535728720776066,0.0,0.6466275659824048,,0.6748971193415637,0.5656255987737114,0.8959835221421216,0.1520428484391056,1.0,0.91412213740458,0.8085106382978724,0.9922335972565435,0.23620309050772625
0.08804103141422692,0.0,0.6466275659824048,0.0,,0.5073768921249281,0.6436663233779609,0.16675608580599988,1.0,0.91412213740458,0.8085106382978724,0.9999999999999999,0.3170529801324503
0.04235882975227122,,0.6466275659824048,0.0,0.5555555555555557,0.45813374209618696,0.8424304840370752,0.15839918522492702,1.0,0.91412213740458,0.8085106382978724,0.05469262191739372,0.4254966887417218
0.04963432568415288,0.0,0.6466275659824048,0.0,0.40946502057613154,0.467905729066871,0.9433573635427395,0.12828160663459703,1.0,0.91412213740458,0.8085106382978724,,0.5405629139072847
0.14688993623459987,0.0,0.6466275659824048,0.0,,,0.5540679711637487,0.1540525057061536,1.0,0.91412213740458,0.8085106382978724,0.9999999999999999,0.3595474613686534
0.04880831580305605,0.0,0.6466275659824048,,0.40123456790123446,0.4993293734431884,0.835221421215242,0.17312151606361792,1.0,0.91412213740458,0.8085106382978724,0.9999999999999999,
0.0453197194376344,0.0,0.6466275659824048,0.0,0.30246913580246926,0.5112090438781375,0.9042224510813595,0.17911411397757548,1.0,0.91412213740458,0.8085106382978724,0.996041151848303,0.3073951434878587
0.04004006749250421,0.0,0.6466275659824048,0.0,0.40123456790123446,0.5510634221115157,0.7425334706488156,0.16067255317407636,1.0,0.91412213740458,0.8085106382978724,0.9910988955570125,
0.05215888792926325,0.0,0.6466275659824048,0.0,0.47119341563786,0.6551063422111517,0.666323377960865,0.12760868972164885,1.0,0.91412213740458,0.8085106382978724,0.943970951636492,0.2740066225165563
0.09047410202194271,0.0,0.6466275659824048,0.0,0.40946502057613154,0.3575397585744394,0.9526261585993822,0.11823332029935711,,0.91412213740458,0.8085106382978724,0.8882444903928589,0.4528145695364238
0.16878835848716442,0.0,0.6466275659824048,0.0,0.47119341563786,0.3339720252922017,0.972193614830072,0.08830670461675562,1.0,0.91412213740458,0.8085106382978724,0.8804276564627567,0.63962472406181
0.16103629677819056,0.0,0.6466275659824048,0.0,0.47119341563786,0.5112090438781375,0.8764160659114315,,,0.91412213740458,0.8085106382978724,,0.3140176600441501
0.06538943291819659,0.0,0.6466275659824048,0.0,0.30246913580246926,0.5136999425177237,0.6364572605561277,0.20865880384471985,1.0,0.91412213740458,0.8085106382978724,0.9999999999999999,0.24862030905077265
0.03160687639457309,0.0,0.6466275659824048,0.0,0.30246913580246926,0.4217283004406974,0.38516992790937177,0.2699578972255818,1.0,0.91412213740458,0.8085106382978724,0.9899641938574815,0.23979028697571741
0.06390286240691793,0.0,0.6466275659824048,0.0,0.40740740740740733,0.48917417129718344,,0.21972555902117868,1.0,0.91412213740458,0.8085106382978724,0.9893590196177316,
0.054280729613212925,0.0,0.6466275659824048,0.0,0.40740740740740733,0.44912818547614497,0.518022657054583,0.18393365402977202,1.0,0.91412213740458,0.8085106382978724,0.9781128649957135,0.2682119205298013
,0.0,1.0,0.0,0.4609053497942387,0.36271316344127225,0.9248197734294542,0.0628631705298766,0.13043478260869565,1.0,0.7978723404255321,0.9954359776085531,0.45060706401766
0.001989999312126756,0.0,1.0,0.0,0.4609053497942387,0.35504885993485324,0.9824922760041195,0.056906946503105446,0.13043478260869565,1.0,0.7978723404255321,0.866735589288416,0.6136865342163356
0.002260765103875604,0.0,1.0,,0.4609053497942387,0.2935428242958421,0.9794026776519054,0.06301775955041876,0.13043478260869565,1.0,0.7978723404255321,0.8021332391951183,0.7712472406181015
,0.0,1.0,0.0,0.4609053497942387,0.4640735773136616,0.9876416065911431,0.06715528921787052,0.13043478260869565,1.0,0.7978723404255321,0.9828786121337435,0.4508830022075055
0.0011801746838368222,0.0,1.0,0.0,0.4609053497942387,0.4640735773136616,0.8300720906282183,0.08914330402204261,0.13043478260869565,,0.7978723404255321,0.9999999999999999,0.3206401766004415
0.0018769273376562944,0.0,,0.0,0.41152263374485576,0.41118988311937155,0.5262615859938208,0.11385936036519383,0.21739130434782608,0.38931297709923657,0.7021276595744679,0.9999999999999999,0.2836644591611479
0.0029454912156788343,0.0,0.33834310850439886,0.0,0.41152263374485576,0.42785974324583254,0.6972193614830071,0.16032700124580562,,0.38931297709923657,0.7021276595744679,0.9999999999999999,0.3413355408388521
0.001927731047855746,0.0,0.33834310850439886,0.0,0.41152263374485576,0.3847480360222265,0.7270854788877446,0.11551437223217455,0.21739130434782608,0.38931297709923657,0.7021276595744679,0.9971506379545111,0.3689293598233995
0.0024509418243567373,0.0,0.33834310850439886,0.0,,0.47250431117072245,0.7909371781668383,0.12445325500822961,,0.38931297709923657,0.7021276595744679,0.9999999999999999,0.347682119205298
0.0004377886089089926,0.0,,0.0,0.3868312757201645,0.4903238168231462,0.7600411946446962,0.10529330993279927,0.0,0.1641221374045801,0.8936170212765959,0.9999999999999999,0.20281456953642385
0.0006118924741721581,0.0,0.42045454545454547,0.0,0.3868312757201645,0.6543399118605097,0.9073120494335736,0.09438114377688257,0.0,0.1641221374045801,0.8936170212765959,0.9999999999999999,0.10789183222958057
0.0011607299009507488,0.0,0.42045454545454547,0.0,0.3868312757201645,0.6194673309063038,0.8898043254376931,0.11451409033454883,0.0,0.1641221374045801,0.8936170212765959,0.9913006203035958,0.13107064017660044
