0
0.27
0.78
1.18
3.76
4.99
11.93
20.11
32.75
0.04
0.17
2.33
7.11
11.99
21.09
35.01
51.8
0.09
0.29
0.56
0.86
1.99
4.21
5.54
8.25
33.14
50.14
0.2
0.65
0.93
1.37
2.83
3.99
5.19
12.86
21.51
33.97
50.36
0.2
0.65
1.37
5.19
12.86
21.51
33.97
50.36
0.12
0.26
0.43
1.09
1.67
2.46
3.43
20.63
0.28
0.44
0.7
1.57
2.23
4.09
5.82
8.28
12.8
32.34
47.29
0.2
0.38
0.64
0.97
1.98
2.91
5.79
8.04
12.15
19.18
44.38
0.15
0.32
0.55
0.86
1.24
1.76
3.45
4.83
7.37
12.76
21.99
35.64
53.07
0.49
0.79
1.28
1.96
2.88
4.14
5.96
14.93
24.13
38.12
0.07
0.4
0.7
1.83
2.77
4.12
5.41
7.87
21.02
34.58
0.26
0.5
0.83
1.28
1.9
3.76
5.57
8.76
35.46
51.99
0.24
0.45
1.19
1.76
2.59
3.85
5.27
7.74
12.4
20.91
33.23
49.14
0.08
0.25
0.46
0.75
1.57
2.17
2.98
4.42
7.84
14.11
37.95
55.17
0.23
0.76
1.15
1.65
2.28
3.09
4.41
13.77
37.38
56.46
0.35
0.63
1.01
2.05
3.87
7.19
13.96
0.03
0.4
0.73
1.3
2.16
5.06
10.36
23.15
34.62
51.5
0.06
0.34
0.63
1.13
1.85
2.84
8.62
12.49
50.94
0.59
0.92
1.37
1.94
5.45
16.31
41.77
0.09
0.24
0.47
1.21
2.62
3.69
5.07
7.95
13.73
55.87
0.01
0.16
0.39
1.24
3.04
4.46
6.31
8.68
12.39
31.77
0.17
1.62
8.47
12.27
30.48
