0
24.0
21.6
34.7
36.2
28.7
27.1
16.5
18.9
18.9
21.7
20.4
18.2
19.9
18.2
13.6
19.6
15.2
14.5
15.6
13.9
14.8
18.4
21.0
13.1
13.5
20.0
24.7
34.9
26.6
21.2
19.3
20.0
16.6
19.4
20.5
25.0
23.4
18.9
35.4
24.7
31.6
18.7
16.0
23.5
24.2
21.7
22.8
23.4
24.1
21.4
20.0
20.8
21.2
20.3
28.0
24.8
22.9
23.9
26.6
28.7
22.6
22.0
25.0
20.6
28.4
38.7
33.2
27.5
26.5
20.1
19.5
20.4
19.8
21.7
22.8
18.8
18.5
21.2
19.2
20.4
19.3
22.0
17.3
18.8
21.4
18.0
14.3
23.0
18.4
15.6
18.1
17.4
17.8
14.0
15.6
11.8
14.6
15.4
21.5
19.6
15.3
19.4
17.0
41.3
27.0
50.0
50.0
25.0
23.8
22.3
19.1
23.1
23.6
29.4
24.6
29.9
36.2
37.9
32.5
26.4
36.4
31.1
29.1
50.0
33.3
34.6
34.9
32.9
42.3
48.5
50.0
24.4
20.0
21.7
19.3
22.4
28.1
23.7
25.0
23.3
28.7
21.5
26.7
21.7
27.5
30.1
44.8
37.6
31.6
46.7
24.3
48.3
24.0
25.1
31.5
23.3
20.1
22.2
23.7
18.5
20.5
24.5
26.2
29.6
42.8
20.9
30.1
33.8
43.1
48.8
36.5
22.8
30.7
43.5
20.7
21.1
25.2
24.4
35.2
32.4
32.0
33.2
33.1
29.1
50.0
32.2
22.0
20.1
23.2
23.9
21.7
27.1
20.3
22.5
29.0
24.8
22.0
26.4
33.1
36.1
28.4
33.4
28.2
20.3
16.1
22.1
23.8
16.2
19.8
23.1
23.8
18.5
25.0
24.6
23.0
22.2
19.3
22.6
19.8
17.1
19.4
20.7
21.1
19.5
18.5
20.6
19.0
32.7
16.5
17.5
17.2
24.5
26.6
22.9
24.1
18.6
30.1
20.6
17.8
21.7
22.7
22.6
25.0
19.9
27.5
50.0
50.0
50.0
50.0
50.0
13.9
13.3
13.1
10.2
10.4
12.3
8.8
7.2
10.2
11.5
15.1
13.8
12.7
13.1
8.5
5.6
12.1
8.3
8.5
5.0
11.9
17.2
27.5
15.0
17.2
7.0
7.2
10.4
8.8
8.4
16.7
14.2
20.8
13.4
11.7
8.3
10.2
10.9
9.5
14.5
14.1
16.1
14.3
11.7
13.4
9.6
8.4
12.8
10.5
17.1
18.4
15.4
10.8
11.8
14.9
12.6
14.1
13.4
15.2
16.1
17.8
14.9
14.1
12.7
14.9
20.0
16.4
19.5
20.2
21.4
19.9
19.0
19.1
19.1
20.1
19.9
19.6
23.2
29.8
13.8
13.3
12.0
14.6
21.4
23.0
21.8
20.6
21.2
20.6
15.2
7.0
20.1
21.8
23.1
19.7
18.3
21.2
17.5
16.8
22.4
20.6
23.9
11.9
