0,1,2,3,4,5,6,7,8,9,10
,,0.0,0.0684931506849315,0.10684474123539231,0.14084507042253522,,,,,
0.2831858407079646,,,,,,0.215547703180212,,0.3622047244094486,,
,,,,,,,0.5088105726872243,,,
0.24778761061946908,,,0.0684931506849315,,,0.0989399293286219,,,0.13772455089820365,0.15384615384615397
,,,,,0.16901408450704225,,0.567547723935391,,,
,0.3287671232876712,,,,0.19718309859154928,0.1872791519434629,0.4647577092511028,0.44094488188976344,,
,,0.0,,,,0.053003533568904596,,,,
0.2831858407079646,0.3150684931506849,,,,,,0.4941262848751933,0.48818897637795233,,
0.256637168141593,0.2602739726027397,,,,0.22535211267605634,,0.567547723935391,,,
,,0.08,,,,,,,,
0.256637168141593,,,,,,,,,,
,,,,,,,,,,0.23076923076923084
,,,,,,,0.5381791483113005,,0.7365269461077846,
0.38053097345132747,,,,0.26377295492487485,,,,,,
,,0.56,,,,0.34275618374558303,0.5014684287812088,,,
,,0.28,,,,0.17667844522968196,,,,
,0.32191780821917804,,0.23972602739726026,,,0.0812720848056537,,0.5039370078740153,,
,,,0.06164383561643835,,,,,,,
,0.0684931506849315,0.48,,,0.3943661971830986,,0.4941262848751933,,,
,,,,,,0.2296819787985866,,,0.1916167664670659,
,,,,0.12186978297161938,,,,,,
,,,,,,,0.3986784140969206,,,0.13846153846153864
0.2654867256637168,,,,0.11352253756260433,,,,,,0.1692307692307693
,0.40410958904109584,,0.0684931506849315,,,0.10247349823321555,,0.5748031496062991,,
,,,0.07534246575342465,0.11686143572621036,0.09859154929577466,,,0.5039370078740153,,
,0.386986301369863,0.0,,,0.295774647887324,,,0.5669291338582676,,0.33846153846153837
,,0.12,,,0.19718309859154928,,,,0.1976047904191617,0.2153846153846155
0.20353982300884965,,,,,0.5492957746478874,0.27208480565371024,,,,
,,,,,,,,,,0.18461538461538463
,,0.14,,0.12353923205342235,0.02816901408450704,,0.5455212922173303,,0.1616766467065868,
0.23893805309734517,,,,0.1035058430717863,,0.28621908127208484,0.567547723935391,,,
,,,0.34246575342465757,,,,,0.46456692913385833,,
,,,,,0.22535211267605634,,,,,
0.3097345132743363,0.3698630136986301,0.22,,,,,,,0.5209580838323353,0.2923076923076924
,0.3767123287671233,0.02,,0.06343906510851419,,0.0176678445229682,,,,
0.0,0.273972602739726,0.15,0.0821917808219178,0.07011686143572621,,,,,,
,,,,,,0.38162544169611307,0.5088105726872243,,,
,,0.23,,,,,,,,
0.08849557522123891,,,,,,,,,0.1497005988023952,
,,,0.0547945205479452,,,0.06007067137809187,,,,0.12307692307692308
0.17699115044247782,,,,,,,,,,
,,,0.0821917808219178,,0.07042253521126761,,,,,
0.35398230088495575,,0.36,,0.11519198664440736,,,,,,
,0.2054794520547945,,,,,,,0.23622047244094446,,
0.256637168141593,,,0.28767123287671226,0.1652754590984975,,,,,,
0.2831858407079646,,,0.0958904109589041,,0.22535211267605634,0.16961130742049468,,,,0.24615384615384617
,,,,,,,,0.3700787401574801,,0.13846153846153864
,,0.16,,,,,,,,
0.21238938053097345,0.4212328767123288,0.05,,,,0.16961130742049468,0.47944199706314805,0.5118110236220472,0.1437125748502994,0.2153846153846155
,,,0.2568493150684932,,,0.0176678445229682,0.4500734214390576,,0.035928143712574856,
,0.41438356164383555,,,0.12353923205342235,0.04225352112676056,,,,,
,0.273972602739726,,,,,0.11660777385159012,,,,
,,,,,,,,,,0.3538461538461537
,,,0.0684931506849315,,,,,0.47244094488188937,,0.32307692307692304
,,,,,,,0.48678414096916356,,,
0.2743362831858408,,,0.0821917808219178,,,,,,,
0.2743362831858408,,,,,,0.31095406360424027,,0.44881889763779537,,0.1692307692307693
0.3716814159292037,0.19863013698630133,,0.08904109589041095,,,,0.6262848751835577,,0.1976047904191617,0.32307692307692304
,0.19863013698630133,,,,,,,,0.1976047904191617,
,,,,0.12353923205342235,,,,,,
0.1415929203539823,,,,0.0951585976627713,,,,,0.13772455089820365,
0.1504424778761062,,,,,,,,,,0.2923076923076924
,0.2945205479452055,0.15,,0.10684474123539231,,,,,,
,0.25342465753424653,,,,,0.45936395759717313,,,,0.23076923076923084
,0.25342465753424653,,,,,,,,0.18562874251497005,
,,0.44,,0.15859766277128548,0.46478873239436624,,0.567547723935391,,0.532934131736527,
,0.3424657534246575,,,,,,0.567547723935391,,,
,,,,,,,,,0.125748502994012,0.1692307692307693
0.2743362831858408,,,,0.08347245409015025,0.11267605633802817,,,,,
0.008849557522123963,,,,0.07679465776293823,0.22535211267605634,,,,0.1616766467065868,
,,0.0,,0.15025041736227043,,,0.47209985315713254,,,0.3538461538461537
0.2654867256637168,,0.06,,0.11185308848080133,,0.014134275618374562,0.48678414096916356,,0.13772455089820365,0.2153846153846155
0.3097345132743363,,,,,,,,,,
,,,,,0.14084507042253522,,,,0.16766467065868265,
0.3097345132743363,,,0.0821917808219178,,,,,0.43307086614173196,,0.12307692307692308
,,,0.0547945205479452,0.12687813021702837,,0.2049469964664311,,0.5669291338582676,,
0.3008849557522124,,0.53,,,,,0.55286343612336,,,
0.33628318584070804,0.3424657534246575,,0.08904109589041095,,,,0.4647577092511028,0.3228346456692912,0.1976047904191617,0.2153846153846155
,,,,,,,,,,
,,,,0.11352253756260433,0.295774647887324,,,,,
0.2831858407079646,,,0.07534246575342465,,,0.07773851590106007,,0.49606299212598426,,0.15384615384615397
,,,,,0.18309859154929578,,,,,0.3846153846153846
0.23893805309734517,0.6506849315068494,0.09,,,,0.2932862190812721,,,,
,,,,,,0.17667844522968196,0.4500734214390576,,,
0.3008849557522124,,,,0.11352253756260433,,,,,,
,0.2602739726027397,,,0.11686143572621036,,,,,,
,,,,,,,0.4647577092511028,0.622047244094488,0.09580838323353294,
,,,0.06164383561643835,,,0.021201413427561835,0.4647577092511028,0.6299212598425195,,
,0.32191780821917804,,0.06164383561643835,,,0.0353356890459364,0.4500734214390576,0.5354330708661417,,
,0.1780821917808219,,,,0.07042253521126761,,,,,0.15384615384615397
,,0.01,,,0.22535211267605634,,0.3766519823788599,,,0.2153846153846155
,,,0.08904109589041095,,,,,,,
,,,,,,,,0.35433070866141714,0.2934131736526946,0.18461538461538463
,,,,,,,0.4941262848751933,0.38582677165354307,,
,,,,,,,0.4500734214390576,,0.125748502994012,
0.2831858407079646,,,,,,,0.4500734214390576,,,0.1692307692307693
,,0.0,,,,,,,0.27544910179640725,
,0.15068493150684933,0.0,,,0.36619718309859156,,,,,0.8615384615384618
,0.3835616438356165,,,,0.28169014084507044,0.31095406360424027,,,,0.24615384615384617
,,0.26,0.04794520547945205,0.3739565943238731,,,,,0.281437125748503,
,,0.1,,0.1035058430717863,,0.08480565371024736,,,,
0.3185840707964601,0.1917808219178082,,0.13013698630136986,0.12854757929883137,,,,,,
,,,,,0.056338028169014086,,0.42070484581498135,,0.1197604790419162,
0.256637168141593,,,,,,0.3286219081272085,0.36196769456681466,,,
,,0.03,,,,,0.36196769456681466,,,
,,,0.31506849315068486,0.09682804674457429,,0.4346289752650177,,0.5354330708661417,,
,,0.42,,,0.3802816901408451,,,,,
0.22123893805309736,0.21232876712328763,0.42,,,0.3943661971830986,,,,,0.32307692307692304
,0.21232876712328763,,,,,,,,,
,0.3835616438356165,,,,,,0.5014684287812088,,,
,,0.18,,,,,0.4941262848751933,,,
,,,0.07534246575342465,,0.08450704225352114,,,0.3622047244094486,,
,,,,,,0.04946996466431096,,0.3385826771653542,,0.12307692307692308
0.24778761061946908,0.3287671232876712,,0.4383561643835616,,,,,,,
,,,,,,,,0.49606299212598426,,
0.19469026548672563,,0.1,,,,,,0.47244094488188937,,0.2769230769230768
,,,,,,,,,,0.0923076923076922
,,0.07,,,0.14084507042253522,0.13427561837455831,,0.5748031496062991,,
,,,,,,,,,,
,,,0.07534246575342465,,0.07042253521126761,0.04240282685512367,,,,
,0.2054794520547945,,,0.10183639398998329,,,,,0.16766467065868265,
,,,,,0.323943661971831,0.12720848056537104,,,,
,0.2602739726027397,,0.0410958904109589,,0.25352112676056343,0.15194346289752653,0.42070484581498135,,,
,0.1780821917808219,,,,,,,,0.08383233532934128,
0.256637168141593,,,,0.12520868113522537,,0.11307420494699648,,,,
0.21238938053097345,,,,,,,0.5014684287812088,,,0.18461538461538463
,0.33561643835616434,,,,0.1267605633802817,0.12720848056537104,,,,
,,0.14,,,,0.12720848056537104,,,,
,0.33561643835616434,,,,0.3098591549295775,,,,,
0.18584070796460184,0.3424657534246575,0.21,,,0.09859154929577466,,0.5088105726872243,,0.1497005988023952,
0.38053097345132747,,,,,,,,,,0.19999999999999996
0.24778761061946908,,,0.07534246575342465,,,,0.5234948604992695,,,0.12307692307692308
,,,,0.12020033388981635,,,,,,
,,,0.0684931506849315,,0.22535211267605634,0.48763250883392223,,0.3622047244094486,0.1317365269461078,
0.3185840707964601,,,0.136986301369863,,0.28169014084507044,0.4275618374558304,,0.38582677165354307,0.17365269461077845,0.15384615384615397
,,,0.19863013698630136,,,,0.5014684287812088,0.4251968503937005,,0.1692307692307693
,,,,0.09849749582637728,,,,0.4251968503937005,,0.19999999999999996
,,0.21,,,,,,,,
0.2831858407079646,,,0.07534246575342465,,,,,,,
0.6106194690265487,,,,,,0.07420494699646643,0.5895741556534517,,0.38323353293413176,
,,,,,0.15492957746478872,,,,0.059880239520958084,
,,,,0.07345575959933222,0.11267605633802817,,,,,
0.3716814159292037,,0.48,,,,0.4911660777385159,0.5455212922173303,0.23622047244094446,,
,0.2602739726027397,0.11,0.0410958904109589,,,,,,0.27544910179640725,
,,,,,,,,,,
,,,0.11643835616438356,,,,0.6850220264317244,0.3622047244094486,,
,,0.74,0.11643835616438356,,,0.07773851590106007,0.6850220264317244,0.3622047244094486,0.26347305389221565,
,,,,,,0.40282685512367494,,,,
,,,,0.14691151919866444,,,,,,
,,,,,,,0.4243759177679891,,0.3173652694610779,
,,,0.13013698630136986,,0.1267605633802817,0.19787985865724383,,,0.13772455089820365,0.24615384615384617
0.6194690265486726,,0.64,,,0.056338028169014086,0.03180212014134276,,,0.2035928143712575,0.2769230769230768
,,,0.08904109589041095,0.08013355592654424,0.3802816901408451,,,,,
,,0.08,,,,,,,,
,,,,,0.35211267605633806,,,,0.2574850299401198,0.32307692307692304
,,,,,,,0.4500734214390576,,0.1437125748502994,0.40000000000000013
,,,0.08904109589041095,,0.14084507042253522,,,,,
,,0.33,,,,,,,,0.1692307692307693
0.2831858407079646,,,,,,,,0.47244094488188937,,
0.24778761061946908,,,0.07534246575342465,,0.2112676056338028,0.2332155477031802,,,,
,0.33561643835616434,,,,0.056338028169014086,0.014134275618374562,,0.5354330708661417,0.1616766467065868,
,0.21232876712328763,,,,,,0.44640234948604984,,,
,0.32191780821917804,0.5,0.07534246575342465,0.5425709515859767,0.36619718309859156,0.26501766784452296,0.4647577092511028,,0.7664670658682636,0.1692307692307693
0.3893805309734514,0.47945205479452047,,,0.12854757929883137,0.11267605633802817,,,,,0.2153846153846155
,,,,,0.1267605633802817,0.10954063604240281,,,,
,0.2465753424657534,,,,,0.35335689045936397,0.19309838472834429,0.6299212598425195,,
,,0.06,,,0.15492957746478872,0.15194346289752653,,,,0.23076923076923084
0.34513274336283184,0.17123287671232873,,0.13013698630136986,,,,,,0.2215568862275449,
,,,,,,0.10954063604240281,,,0.1317365269461078,0.0923076923076922
,0.3493150684931507,,,0.1419031719532554,,,,0.49606299212598426,,
,0.3493150684931507,,,,,,,,0.1497005988023952,
0.3185840707964601,,,,,0.08450704225352114,0.10954063604240281,,,,0.0923076923076922
,,,,,,,,0.20472440944881853,,0.13846153846153864
0.654867256637168,,,,0.1352253756260434,,0.0636042402826855,,,,
,,0.44,0.08904109589041095,,,0.0636042402826855,,,0.3053892215568863,
,,,,,,,0.7327459618208678,,,
,0.3287671232876712,0.17,,0.10016694490818029,0.14084507042253522,,,0.3622047244094486,0.07185628742514968,
0.23893805309734517,0.3698630136986301,,,0.12020033388981635,,,,0.6850393700787398,,
,,,,,0.2112676056338028,0.10954063604240281,0.6189427312775422,,,
0.5752212389380531,,,,,,0.053003533568904596,,,,0.32307692307692304
,,,,,,,,,,
,,0.23,0.15753424657534246,,,,0.4904552129221855,0.4094488188976375,,
,0.15068493150684933,,0.08904109589041095,,,,0.5822320117474362,0.3779527559055116,0.17365269461077845,
,0.39383561643835613,,,,,,,,0.2035928143712575,
,,,0.06164383561643835,,,,,,0.5568862275449102,0.15384615384615397
,,,,0.10851419031719531,,,0.45374449339206535,,,0.13846153846153864
,,0.04,,,,0.215547703180212,,,,
,,,,,,,0.4574155653450873,0.4251968503937005,0.2035928143712575,
,,0.49,0.10273972602739725,,,,0.7217327459618303,0.26771653543307083,,0.3846153846153846
0.6371681415929205,,,,,,0.014134275618374562,,,,
,0.5136986301369862,,0.1643835616438356,,,,,0.6771653543307088,,
,,,,,,0.10954063604240281,,,,0.676923076923077
,0.2876712328767123,,0.14383561643835616,,,,,,0.34730538922155696,0.15384615384615397
,0.2910958904109589,,,,,,0.47209985315713254,,,0.3538461538461537
0.6106194690265487,,,0.21232876712328766,,,,,,,
,0.17123287671232873,,,0.09849749582637728,,,,0.3779527559055116,,
,0.40753424657534243,0.2,,,,,0.5345080763582928,,,0.15384615384615397
0.20353982300884965,,,,0.10851419031719531,,0.07420494699646643,,,0.34730538922155696,0.15384615384615397
0.5044247787610621,0.136986301369863,,,,,0.02473498233215548,,0.38582677165354307,,
,0.1917808219178082,,,,,,,,,
,,,,0.5776293823038396,0.056338028169014086,,0.5234948604992695,,,0.23076923076923084
,,,,,0.1267605633802817,,,,0.26347305389221565,
0.46902654867256643,0.32191780821917804,0.07,,0.15025041736227043,0.4366197183098592,,,,,
,,0.07,0.17123287671232876,,,0.2296819787985866,,,,
,0.226027397260274,,,,0.33802816901408456,0.15194346289752653,,,,0.2923076923076924
,0.1917808219178082,,,,,,,,,
,,,,,0.4507042253521127,,,,0.37125748502994016,
,0.273972602739726,,,,0.26760563380281693,,,,,
,0.0547945205479452,0.48,,,,,,0.44094488188976344,0.2275449101796407,0.32307692307692304
0.5132743362831859,,,,,0.23943661971830985,,,,,0.2923076923076924
0.5486725663716815,,,0.1095890410958904,,0.056338028169014086,,,,,
0.5309734513274336,0.48630136986301364,,,,,,,,0.1137724550898204,
,0.3493150684931507,,,,,0.0812720848056537,0.6226138032305499,,0.2395209580838323,0.18461538461538463
,,0.02,0.0958904109589041,,,,,,,0.19999999999999996
,0.0410958904109589,0.48,0.0410958904109589,,,,,0.3779527559055116,,
0.24778761061946908,,0.12,,,,,,0.5118110236220472,,0.1692307692307693
0.5044247787610621,,0.48,,,,,,0.29921259842519676,0.155688622754491,
,,,0.08904109589041095,,,0.16961130742049468,,,,
,,0.48,0.1095890410958904,0.08514190317195325,,,,0.29921259842519676,,
,0.2808219178082192,,,,,,,,,
0.24778761061946908,,,,0.12520868113522537,,,0.4684287812041106,,,
0.4424778761061947,,,,,,0.24028268551236748,,0.44094488188976344,,
0.4601769911504425,,,0.15753424657534246,,,,,,,0.476923076923077
0.4424778761061947,,,,0.11686143572621036,,0.24028268551236748,,0.44094488188976344,0.18562874251497005,
,,0.39,,,,0.1872791519434629,,0.49606299212598426,,
,,0.26,,0.13021702838063437,,0.28621908127208484,,,,
0.2831858407079646,,,0.0958904109589041,,,0.04240282685512367,,,,
,0.32191780821917804,,,,0.47887323943661975,,0.6556534508076339,,,
,,0.2,,,,0.15547703180212014,,,,
,,,,0.18196994991652754,,,,,0.24550898203592816,
,,,,,,0.02473498233215548,,,,
,,,,,0.07042253521126761,,0.7437591776798911,,,0.19999999999999996
0.49557522123893805,,,,,,0.12367491166077739,,,,
,,,0.15753424657534246,,,0.38162544169611307,,0.3779527559055116,,0.15384615384615397
0.33628318584070804,,,,,,0.13427561837455831,,,,
,0.363013698630137,,0.1095890410958904,0.11018363939899833,0.22535211267605634,0.11307420494699648,0.4574155653450873,0.47244094488188937,,
0.6460176991150444,,0.53,,0.19365609348914858,,,,,,
,0.21232876712328763,,,,,,,,,
,0.25342465753424653,,,0.15191986644407343,0.3802816901408451,,,0.3307086614173227,,
,0.15068493150684933,0.5,,,0.1267605633802817,,0.7290748898678459,,,0.12307692307692308
,,0.48,,,0.056338028169014086,0.04240282685512367,,0.3700787401574801,,
,,,,0.17696160267111852,,,0.5969162995594672,0.44094488188976344,,
0.5575221238938054,,0.47,,,,0.028268551236749116,,,,
,,,,,,0.20141342756183744,0.5748898678414207,,,
,,,,,,,,,,
0.4424778761061947,,,,0.12854757929883137,0.19718309859154928,,,,,
,,,,,,,0.7584434654919221,,,0.23076923076923084
,,,,,0.14084507042253522,,,,0.29940119760479045,0.15384615384615397
,,,0.26712328767123283,0.18030050083472454,0.3098591549295775,,0.8612334801762245,,,0.7076923076923076
,,,,,,,,,,
0.6106194690265487,,0.52,,,0.3943661971830986,0.17314487632508835,,,0.3293413173652695,
0.5221238938053098,,,,,0.15492957746478872,0.0812720848056537,,0.393700787401575,,
,,,,0.16193656093489148,,,,0.3228346456692912,,0.3076923076923077
,,,,,,,0.530837004405285,,,
,0.226027397260274,,,0.12353923205342235,,,,,,
,,,,,,,,,0.13772455089820365,
0.7256637168141593,,0.66,,0.11853088480801335,,0.12720848056537104,0.8906020558003007,0.2598425196850389,0.2395209580838323,
0.47787610619469034,0.2054794520547945,,,,0.08450704225352114,,,,,
,,,,,,,,,,
,,,0.13013698630136986,,0.19718309859154928,0.24381625441696114,,,0.18562874251497005,
,,,,,,,,0.3622047244094486,,
0.20353982300884965,0.4417808219178082,,0.0958904109589041,0.08514190317195325,,0.20141342756183744,,,,
,,0.4,,,0.14084507042253522,,,,,
0.831858407079646,,0.63,,0.12854757929883137,,,,,,
,,,,,,,,,,0.5230769230769232
,0.226027397260274,,,,,,0.7511013215859066,0.4094488188976375,,
,,,,0.13689482470784642,,0.19081272084805656,,,,
,0.0958904109589041,,,,0.14084507042253522,,,0.3700787401574801,,
,,,0.136986301369863,,,,,,,0.24615384615384617
0.32743362831858414,,,,0.11352253756260433,,0.07420494699646643,,0.3700787401574801,,0.15384615384615397
,,,,,,,0.5381791483113005,0.3700787401574801,0.281437125748503,
,0.3493150684931507,,,,,,,,,0.19999999999999996
,0.2876712328767123,0.26,0.07534246575342465,,,,,0.5275590551181102,,0.12307692307692308
,,0.15,,,,0.12720848056537104,,,0.125748502994012,
,,,0.1095890410958904,,,,,,,0.24615384615384617
0.08849557522123891,,,,,0.15492957746478872,0.28975265017667845,0.17107195301028355,,,
,,,,,,0.0706713780918728,,0.34645669291338566,,
,,0.61,,,,0.31448763250883394,0.5088105726872243,0.3307086614173227,,
,0.17123287671232873,,,0.09015025041736227,0.08450704225352114,,0.7584434654919221,,0.1616766467065868,
,,,0.11643835616438356,0.12520868113522537,0.16901408450704225,0.15194346289752653,,,,0.40000000000000013
,,,,0.12520868113522537,,,0.6409691629956029,,0.1916167664670659,0.40000000000000013
,,0.02,0.47945205479452047,0.18363939899833054,,,,,0.1197604790419162,
,,,0.0547945205479452,,,,,,,
0.6725663716814159,,,,0.12186978297161938,,,,,0.16766467065868265,0.32307692307692304
,,0.49,,0.12186978297161938,,,,,,
0.2743362831858408,,,,,,,,,0.16766467065868265,
,,,0.03424657534246575,0.07846410684474123,0.14084507042253522,,,,,
,0.2191780821917808,,,,,,,,,0.36923076923076925
,0.18493150684931509,,,0.1352253756260434,0.15492957746478872,,,,,
0.5132743362831859,,,,,,,,,,
,,,,,,,0.6336270190895874,0.5039370078740153,,
0.46902654867256643,0.1917808219178082,0.53,,,0.07042253521126761,,0.6262848751835577,,,0.5076923076923077
,,,,,,,,0.4094488188976375,,
,,,,,,,,,,
,,,,,,,,,,
,0.3150684931506849,0.12,,,,,,0.5511811023622046,0.08982035928143708,0.32307692307692304
0.6460176991150444,0.1780821917808219,0.51,0.07534246575342465,,,,,,,0.3076923076923077
,,0.03,0.0958904109589041,,0.4366197183098592,,,0.6141732283464565,,0.6000000000000001
,0.5753424657534246,0.2,,,0.19718309859154928,,,,0.06586826347305388,0.3846153846153846
,0.0821917808219178,,0.0821917808219178,,,0.0636042402826855,0.567547723935391,0.3228346456692912,,0.40000000000000013
,0.5753424657534246,,,,,0.19081272084805656,,0.48818897637795233,0.06586826347305388,0.3846153846153846
0.17699115044247782,,,0.0958904109589041,,0.4366197183098592,,,0.6141732283464565,,0.6000000000000001
,0.452054794520548,,,,,0.09187279151943463,,,,
0.7256637168141593,,,,,0.16901408450704225,,,0.2834645669291338,0.1616766467065868,
0.5221238938053098,,,,0.09015025041736227,0.07042253521126761,,,,0.3413173652694611,
,,0.35,,,0.28169014084507044,0.21201413427561838,,,,
,,,,,,,0.6997063142437696,0.3228346456692912,0.33532934131736536,
0.68141592920354,,,,,0.07042253521126761,,,0.3307086614173227,,
,,,0.15753424657534246,,,,,,,
,0.3424657534246575,,,,0.08450704225352114,0.15547703180212014,,,,0.13846153846153864
,0.13013698630136986,0.72,0.08904109589041095,,0.07042253521126761,,,,0.2934131736526946,0.2153846153846155
,,,,,,,,,,
,,,,0.10851419031719531,0.14084507042253522,0.04593639575971732,,,0.17964071856287425,
,,,0.0547945205479452,,,,,,,0.6307692307692307
,0.4212328767123288,0.1,,,,,,,0.13772455089820365,0.2615384615384615
,0.1780821917808219,,0.11643835616438356,,,,,0.2834645669291338,,
,,,,,0.07042253521126761,0.0353356890459364,,0.3779527559055116,0.2335329341317365,
0.35398230088495575,,0.22,,0.14691151919866444,,,,,0.13772455089820365,
0.33628318584070804,,,0.06164383561643835,0.6694490818030049,,,,,0.4371257485029941,
0.5132743362831859,0.14383561643835616,0.63,,,,0.05653710247349823,0.7143906020558006,,0.24550898203592816,
,,0.4,0.04794520547945205,,,,0.3766519823788599,,0.17964071856287425,
0.5929203539823009,,0.67,,0.12353923205342235,0.07042253521126761,,0.6409691629956029,,0.21556886227544905,0.7692307692307694
,,,,,,,0.7143906020558006,0.4094488188976375,0.24550898203592816,
0.4070796460176991,0.21232876712328763,0.52,,0.11853088480801335,0.18309859154929578,,,0.4803149606299213,,
,,,0.08904109589041095,,,,0.5234948604992695,,,0.0923076923076922
,,,0.0821917808219178,,,,,0.18897637795275557,0.2215568862275449,
,,,,0.14357262103505844,,0.0706713780918728,,,,0.19999999999999996
,0.2602739726027397,0.42,0.07534246575342465,,,0.1590106007067138,0.5969162995594672,,,
,,,,,,,,,0.27544910179640725,0.8615384615384618
0.6017699115044248,,,,,,,0.7290748898678459,,,
,,0.02,,,0.49295774647887325,0.14840989399293286,,,,0.2153846153846155
,,,0.11643835616438356,,0.19718309859154928,,0.6997063142437696,,,
,,,0.0821917808219178,,,,,,,
,0.3835616438356165,0.24,0.08904109589041095,0.12520868113522537,0.056338028169014086,,,,,0.2769230769230768
,,,,0.1318864774624374,,,,0.4251968503937005,0.2215568862275449,0.19999999999999996
,,0.49,,,,0.04946996466431096,,,,0.40000000000000013
0.424778761061947,,,0.1232876712328767,,0.07042253521126761,,0.6116005873715125,0.35433070866141714,,
,,0.56,,,,0.038869257950530034,,,0.3532934131736528,
,,,0.08904109589041095,0.23372287145242068,0.07042253521126761,0.04240282685512367,,,,0.15384615384615397
,,0.68,,,0.07042253521126761,,0.5088105726872243,,,
0.49557522123893805,,,,,,,,,,
,,,,,,,0.55286343612336,,,
0.6194690265486726,0.136986301369863,,,,0.47887323943661975,,0.7437591776798911,,,0.36923076923076925
,0.18493150684931509,0.4,,,0.1267605633802817,0.0706713780918728,,,0.25149700598802394,
,,,,,0.3098591549295775,,,,,0.49230769230769234
0.16814159292035402,,0.23,0.5068493150684932,,,,,,0.1317365269461078,0.5692307692307692
,,,0.11643835616438356,,,0.0353356890459364,0.5234948604992695,,0.1916167664670659,0.40000000000000013
,,,,,0.5915492957746479,0.37809187279151946,0.47944199706314805,,,0.41538461538461546
,,0.25,,0.11519198664440736,,0.11307420494699648,,,0.1916167664670659,0.0923076923076922
0.5132743362831859,0.2191780821917808,,0.386986301369863,,,,0.6556534508076339,,,
0.5132743362831859,,,0.386986301369863,,,,0.6556534508076339,0.3385826771653542,0.31137724550898205,
,0.32191780821917804,0.31,0.08904109589041095,0.13021702838063437,,,0.6850220264317244,,0.17964071856287425,0.2769230769230768
0.5398230088495575,,,0.0821917808219178,,,,,,,0.19999999999999996
,0.2671232876712329,,,,,,0.530837004405285,,0.1976047904191617,
0.5221238938053098,,,0.10273972602739725,0.15859766277128548,,,0.530837004405285,,,
0.5132743362831859,0.33561643835616434,,,0.31385642737896496,0.056338028169014086,,,,0.17964071856287425,
,,,0.1095890410958904,,,,0.47944199706314805,0.48818897637795233,,
,,,,,,,,,,
,0.19863013698630133,0.49,,0.12687813021702837,,,,,,0.10769230769230775
,,,,0.12186978297161938,0.5211267605633804,,0.567547723935391,,,
0.4070796460176991,,,,0.12353923205342235,,0.38869257950530034,0.55286343612336,,0.18562874251497005,
,,,0.0821917808219178,,,,,,,0.2923076923076924
,,0.49,0.1232876712328767,0.14357262103505844,,,,0.3307086614173227,0.16766467065868265,
,,,,0.14357262103505844,,,0.7584434654919221,,0.16766467065868265,
0.7345132743362832,0.15753424657534243,,,,0.056338028169014086,,0.831864904552134,,0.1976047904191617,0.5538461538461539
0.5840707964601769,,,0.29109589041095896,,,,,,0.17365269461077845,0.4307692307692308
0.5840707964601769,,,,,0.2112676056338028,,0.6776798825256947,,,
,0.13013698630136986,0.74,,0.10517529215358931,,,,,0.27544910179640725,
,,0.49,,,,,,,0.155688622754491,
0.256637168141593,,,,,,0.07773851590106007,,0.5590551181102361,,0.1692307692307693
0.5309734513274336,,0.49,,,,0.053003533568904596,0.6336270190895874,,0.3173652694610779,
,0.15753424657534243,,,,0.36619718309859156,0.22261484098939927,,,,0.3076923076923077
,,,,,0.11267605633802817,,0.42070484581498135,,0.13772455089820365,
0.424778761061947,,,,,0.18309859154929578,0.13780918727915192,,0.35433070866141714,,
0.4336283185840708,,,0.1232876712328767,0.1335559265442404,,0.13427561837455831,0.5822320117474362,,,
,,0.24,,0.06343906510851419,0.4366197183098592,,,0.7874015748031495,,0.476923076923077
0.9646017699115044,0.3595890410958904,,,0.13856427378964942,,,,0.14173228346456668,0.24550898203592816,
,0.2808219178082192,,0.2534246575342466,0.17696160267111852,,,,,,
,0.2808219178082192,0.49,,0.17696160267111852,0.1267605633802817,0.038869257950530034,,,,0.5076923076923077
,,,0.23287671232876708,0.12186978297161938,,,,,,
,,,,,0.056338028169014086,,,,0.1437125748502994,
,,,,,,,,0.38582677165354307,0.1497005988023952,
,0.3287671232876712,0.49,0.13013698630136986,0.10517529215358931,,,,,,
,,,0.1095890410958904,,,,,,,0.0923076923076922
,,,,,0.056338028169014086,,,,,
,,,0.11643835616438356,,,,,,0.27544910179640725,
0.6106194690265487,,,0.1643835616438356,,,0.10954063604240281,,,,
0.1415929203539823,,,,0.13856427378964942,0.25352112676056343,0.12720848056537104,,,,
,0.0821917808219178,0.49,0.10273972602739725,0.10517529215358931,0.1267605633802817,,,,,
,0.32191780821917804,0.49,,0.09682804674457429,,,,,,0.18461538461538463
,,,,0.11018363939899833,,,0.6703377386196792,0.35433070866141714,,
,,0.24,,,0.07042253521126761,,0.567547723935391,,,
0.3716814159292037,,,0.13013698630136986,0.11853088480801335,,,,,0.1616766467065868,
,0.23972602739726023,,,,,,,0.43307086614173196,,0.2153846153846155
,,0.49,,,0.056338028169014086,0.028268551236749116,0.7437591776798911,,,
,,0.49,,,,,,,,0.23076923076923084
,,,,,,0.26148409893992935,0.7437591776798911,,,
,,,,,0.09859154929577466,,,0.5748031496062991,0.1976047904191617,
,0.41780821917808214,,0.0684931506849315,,,,,0.4094488188976375,,0.13846153846153864
,,,,,0.25352112676056343,0.15547703180212014,,,0.24550898203592816,0.8615384615384618
0.3893805309734514,0.226027397260274,0.49,0.11643835616438356,,,,,,,
,,,,,,,,0.29921259842519676,0.10179640718562874,0.476923076923077
,,,0.47945205479452047,,0.4084507042253521,,,0.417322834645669,0.1437125748502994,
0.6902654867256637,,0.51,,,,,,,0.1616766467065868,
,0.3150684931506849,0.58,,,,0.04240282685512367,0.5822320117474362,,0.17964071856287425,0.24615384615384617
0.7168141592920354,0.32191780821917804,,,0.11686143572621036,,,,,0.2215568862275449,0.13846153846153864
,0.5445205479452054,,0.0821917808219178,,,0.06007067137809187,0.4500734214390576,,,
,0.2328767123287671,,,,,,,,,
,0.48972602739726023,,0.11643835616438356,,0.07042253521126761,,0.5455212922173303,0.44094488188976344,,
0.7610619469026547,0.2328767123287671,,,,,0.10247349823321555,,,,0.0923076923076922
,,,,0.14023372287145242,,,0.6116005873715125,,0.17365269461077845,0.10769230769230775
0.32743362831858414,,,,,,0.0636042402826855,,0.44881889763779537,,
,,0.48,,,,,,,,
,,,,,0.35211267605633806,0.1625441696113074,,,0.1197604790419162,
0.48672566371681414,0.363013698630137,,,,,0.20848056537102472,,,0.18562874251497005,
,,,,,,,,,,
,,,,,,,,,0.125748502994012,0.15384615384615397
0.256637168141593,,,0.10273972602739725,,,0.0812720848056537,0.47209985315713254,,,
0.3185840707964601,,,,0.07679465776293823,,,,0.4094488188976375,,
,,,,,,0.2296819787985866,0.7070484581497851,0.5984251968503935,0.1437125748502994,
,0.3287671232876712,,,0.11185308848080133,0.3802816901408451,0.2296819787985866,,,,
,,0.51,,0.11185308848080133,0.18309859154929578,,0.5969162995594672,,0.35928143712574856,
,0.2328767123287671,,,,,,,,,
,0.2876712328767123,,,,,,,,,
0.3185840707964601,,0.23,,,,0.3462897526501767,,0.4251968503937005,0.17365269461077845,
,0.3150684931506849,,,0.11352253756260433,0.11267605633802817,0.09187279151943463,,0.30708661417322825,,0.1692307692307693
,,,,,,,0.7070484581497851,0.5669291338582676,,
,,,,0.18697829716193656,,,0.7070484581497851,0.5669291338582676,,
,0.3287671232876712,0.29,,,,0.03180212014134276,0.6409691629956029,,,0.10769230769230775
,,,,0.14357262103505844,,,,,,
,,0.26,,,,0.08833922261484099,0.55286343612336,0.417322834645669,,
,,,,,,,,,,
,,,0.17123287671232876,0.15525876460767946,,,,,,0.44615384615384635
,,,,,,,,0.417322834645669,0.1497005988023952,
,,,,0.08848080133555926,,,0.3913362701908909,0.417322834645669,,
,,0.28,0.10273972602739725,,,0.4982332155477032,0.5748898678414207,,,
,0.523972602739726,,,,0.4225352112676057,0.4911660777385159,,,,
,,0.12,,,,,,,,0.2769230769230768
,,,,0.09181969949916528,0.33802816901408456,,0.5088105726872243,0.34645669291338566,,
,,,,0.09849749582637728,,,,,0.17365269461077845,
0.4336283185840708,,,,0.09849749582637728,,,,,,
0.46902654867256643,0.2876712328767123,,,,,,,,0.17365269461077845,
,0.32191780821917804,,,0.09849749582637728,,,,,,
,,,,,0.2112676056338028,,,,,0.15384615384615397
0.2831858407079646,0.3561643835616438,,,,,0.0176678445229682,,,,
,0.3767123287671233,0.05,,0.15859766277128548,,,,0.5196850393700787,,0.2615384615384615
,,,,0.09682804674457429,0.056338028169014086,0.028268551236749116,,,,
,0.2054794520547945,,,,0.323943661971831,,,0.3307086614173227,,0.44615384615384635
,0.21232876712328763,0.39,,0.15692821368948245,0.09859154929577466,,,,,
,,0.25,,0.15358931552587646,0.47887323943661975,,,,,
,0.14383561643835616,0.59,0.13013698630136986,,,,0.55286343612336,0.29921259842519676,,
0.35398230088495575,,,,0.1035058430717863,,,0.5748898678414207,,0.07784431137724554,0.1692307692307693
,0.2945205479452055,,,,0.26760563380281693,0.16607773851590107,,0.3149606299212597,0.16766467065868265,
0.5398230088495575,0.21232876712328763,,0.08904109589041095,0.15692821368948245,0.09859154929577466,,0.6262848751835577,0.11811023622047223,0.10179640718562874,
,0.2602739726027397,0.59,,0.10183639398998329,0.3098591549295775,,0.5822320117474362,0.14173228346456668,,
,,,0.03424657534246575,0.1035058430717863,,,,0.4566929133858264,,
,,,,,,0.02473498233215548,0.5088105726872243,,,0.40000000000000013
,,,,0.10684474123539231,,,0.5234948604992695,,,
0.48672566371681414,0.10958904109589043,,0.06164383561643835,,0.056338028169014086,,0.5381791483113005,0.23622047244094446,0.27544910179640725,0.2769230769230768
,0.1917808219178082,,,,,,,,,
0.424778761061947,,,,0.12020033388981635,,,0.5895741556534517,,,0.19999999999999996
,,0.36,,,,,,,0.1616766467065868,0.1692307692307693
0.5929203539823009,,0.45,,,,,0.6409691629956029,0.15748031496062964,0.1976047904191617,0.12307692307692308
,,,,,,,,0.3228346456692912,,0.40000000000000013
0.5929203539823009,,,,0.11686143572621036,,0.03180212014134276,,,,
,0.41780821917808214,,,,,,,,,
0.4601769911504425,,,,0.11185308848080133,,,,,,
,,,0.0547945205479452,,,,,,,0.1692307692307693
0.5486725663716815,0.1917808219178082,,,,,,0.6116005873715125,,0.2035928143712575,
,,,,,,,,,0.125748502994012,
,,,,0.09682804674457429,,,,,,
,0.226027397260274,,,0.13689482470784642,0.2112676056338028,0.0812720848056537,,0.3700787401574801,0.09580838323353294,
,0.2328767123287671,,,0.11018363939899833,,,,0.46456692913385833,,
,,0.32,0.0958904109589041,0.11018363939899833,,,,,0.08982035928143708,
0.3097345132743363,0.452054794520548,,0.11643835616438356,0.07846410684474123,0.056338028169014086,,0.5088105726872243,,0.13772455089820365,
,,0.18,,0.09682804674457429,,,,,,
,0.3561643835616438,0.23,,,,,,,,
0.2743362831858408,,,0.04794520547945205,,0.04225352112676056,,0.4500734214390576,0.5196850393700787,,
,,,,0.12520868113522537,,,,,,0.2153846153846155
0.35398230088495575,0.25342465753424653,,0.07534246575342465,,0.2112676056338028,0.19787985865724383,,,,
,0.2465753424657534,,,,,,,,,
,0.23972602739726023,,,,0.323943661971831,,0.6116005873715125,,,
,,,,0.036727879799666116,,,,,0.17365269461077845,0.676923076923077
,,,,,,0.06713780918727916,,,,0.1692307692307693
,,,,0.09015025041736227,,,,,,0.1692307692307693
,,0.55,,,,0.04593639575971732,0.6262848751835577,,0.17365269461077845,0.36923076923076925
0.5309734513274336,,0.43,0.136986301369863,,,,,,,0.2615384615384615
,,,0.0821917808219178,,,,0.5234948604992695,,,0.1692307692307693
,0.3561643835616438,,,,,,,,,
0.256637168141593,0.1780821917808219,0.48,,,0.295774647887324,,,,0.2215568862275449,
,,0.15,,0.10183639398998329,,,,,0.09580838323353294,0.23076923076923084
0.21238938053097345,0.452054794520548,0.08,,,,,,,,0.24615384615384617
,,,,0.10851419031719531,0.2112676056338028,,,,,
,,,,,,,,0.25196850393700787,0.1437125748502994,
,0.30479452054794515,0.34,,,,,0.7143906020558006,,,0.1692307692307693
0.36283185840707965,,0.0,,0.12020033388981635,,,0.6703377386196792,,,0.15384615384615397
0.3008849557522124,,,0.0958904109589041,,0.1267605633802817,,,0.47244094488188937,,
,,,,,,,,,,
,0.25342465753424653,,,,,,,0.43307086614173196,,0.12307692307692308
0.3008849557522124,0.21232876712328763,,,0.10517529215358931,,0.14840989399293286,0.55286343612336,0.47244094488188937,,
0.22123893805309736,,0.0,,0.12353923205342235,,0.13780918727915192,,0.5669291338582676,0.125748502994012,
,,,,0.11686143572621036,,0.05653710247349823,,,0.06586826347305388,
,0.2465753424657534,0.24,,,,0.35335689045936397,,,0.1197604790419162,
,,,,,,,0.4941262848751933,,0.155688622754491,
0.22123893805309736,,0.3,,,0.49295774647887325,,0.47209985315713254,0.15748031496062964,,
,0.6815068493150684,,,,,,,,0.1616766467065868,0.4307692307692308
,,0.17,,,,0.02473498233215548,,0.43307086614173196,,0.3076923076923077
0.3097345132743363,,0.09,,,0.23943661971830985,0.15194346289752653,,0.5433070866141732,,
0.15929203539823011,,,,,,0.0176678445229682,,,,
0.15929203539823011,0.30821917808219174,0.02,,,0.04225352112676056,,,,,
,,,,,,0.18374558303886923,,,,
,,,,,,,,,0.2035928143712575,
0.23893805309734517,,0.03,0.0821917808219178,,,0.04593639575971732,,,0.08383233532934128,0.18461538461538463
,0.30136986301369867,,,,,0.11660777385159012,,,0.17365269461077845,0.13846153846153864
0.2743362831858408,,0.1,0.0821917808219178,,,0.05653710247349823,,,0.10179640718562874,0.1692307692307693
0.2743362831858408,,0.1,,,0.14084507042253522,0.05653710247349823,0.4574155653450873,0.4094488188976375,,
,,,,,,,,0.3700787401574801,0.1437125748502994,
0.16814159292035402,,,,,,,,0.5669291338582676,,
0.6194690265486726,,0.58,0.13013698630136986,,,,,,,
,0.18493150684931509,0.54,,,0.28169014084507044,,,0.30708661417322825,,0.1692307692307693
,,,,,,,0.5587371512481667,,,
,0.15068493150684933,,0.1095890410958904,0.11352253756260433,0.15492957746478872,,,,,
,,,,0.11853088480801335,0.2112676056338028,,0.5690161527165998,,,
0.23008849557522126,,,,,0.15492957746478872,,0.5535976505139502,,0.2335329341317365,
0.23893805309734517,,0.18,0.0821917808219178,0.09682804674457429,,,,,,0.1692307692307693
0.32743362831858414,0.363013698630137,,0.136986301369863,,,,0.5844346549192352,,,
0.32743362831858414,0.363013698630137,0.1,,0.12854757929883137,,,,,0.1317365269461078,
0.2654867256637168,,0.13,,,0.323943661971831,,0.5712187958883987,,,
0.32743362831858414,,,,,,0.12014134275618375,,0.43307086614173196,0.1317365269461078,
,,,,,,,0.4765051395007447,,0.4371257485029941,
,,0.0,,0.12020033388981635,,,,,,0.2153846153846155
,,,,,,,,0.40157480314960603,,
0.3716814159292037,0.2054794520547945,,0.1095890410958904,,,,0.5991189427312804,0.35433070866141714,,
,,,,,0.09859154929577466,,,,0.1197604790419162,
,0.3835616438356165,,,,,,,,,0.1692307692307693
,,0.1,,,0.15492957746478872,,,0.44881889763779537,0.125748502994012,
,,0.18,,,,,,,,
0.22123893805309736,0.32191780821917804,,,,,,,,,
,,,,,0.3098591549295775,0.4840989399293287,,,0.1317365269461078,0.15384615384615397
0.4336283185840708,,,,,,,,0.417322834645669,,
,,,,0.24207011686143573,,,,,,0.1692307692307693
0.2920353982300885,0.1917808219178082,,0.06164383561643835,,,,,,0.34730538922155696,
0.23008849557522126,,,,,,,,,0.07784431137724554,
0.20353982300884965,0.4417808219178082,0.18,,,,,,,0.1616766467065868,0.2923076923076924
0.20353982300884965,0.3527397260273972,0.17,,,0.07042253521126761,0.04240282685512367,,,,0.2923076923076924
,,0.3,0.17123287671232876,,,,,0.48818897637795233,,
,,0.03,,,0.28169014084507044,,,,,0.2153846153846155
0.21238938053097345,,,,,,,,0.44881889763779537,,0.15384615384615397
0.3893805309734514,,0.05,,,,,,,0.1197604790419162,0.24615384615384617
,0.32191780821917804,,0.1095890410958904,,,0.2791519434628975,0.5425844346549269,,,0.2153846153846155
,,,,,0.14084507042253522,,,,,
0.46902654867256643,0.15753424657534243,,,,,,0.5969162995594672,0.3700787401574801,,
,,,,,,,,,,
,0.3493150684931507,,,,,,,0.2755905511811019,0.1137724550898204,0.13846153846153864
,,0.43,,,,,,0.46456692913385833,0.2095808383233533,0.19999999999999996
,,,,,,,0.5954478707782727,0.38582677165354307,,
,,,,,,,,0.5826771653543306,0.1616766467065868,
,,,,0.0717863105175292,,0.02473498233215548,,,0.13772455089820365,0.36923076923076925
,,,0.0958904109589041,,,,,,,0.6307692307692307
0.5486725663716815,,,,0.2003338898163606,0.08450704225352114,,,,,
,,,,,,,,,,
,,0.34,,,,0.028268551236749116,,0.43307086614173196,,0.3538461538461537
,,0.09,0.1643835616438356,,,0.038869257950530034,,0.38582677165354307,,
0.33628318584070804,0.273972602739726,,,,,0.04240282685512367,,,,
,0.08904109589041095,0.39,,,,0.014134275618374562,0.27826725403818386,,0.2275449101796407,
,,,,0.2554257095158598,,0.021201413427561835,0.5102790014684331,,,
,,0.31,,,,0.03180212014134276,0.5036710719530078,0.3779527559055116,0.1317365269461078,
0.7345132743362832,,,,,,0.0636042402826855,,,,0.3846153846153846
,,,,0.14524207011686144,,,0.5954478707782727,0.393700787401575,,
,,,,,,,,0.3700787401574801,,
0.5486725663716815,0.11643835616438356,,,,,,0.39500734214389865,,0.2395209580838323,
,,0.0,,,,,,0.43307086614173196,,0.15384615384615397
,,,,,0.11267605633802817,0.1872791519434629,,,0.125748502994012,
,,0.0,,,,,,,,
,,,,0.060100166944908176,0.2112676056338028,,0.1079295154185047,0.7637795275590551,,0.8615384615384618
,0.2876712328767123,,,0.10684474123539231,,,,0.6850393700787398,,0.2153846153846155
,,,,,0.19718309859154928,,,,,0.2153846153846155
,0.2465753424657534,0.28,,0.09348914858096828,0.07042253521126761,,,,,
,,0.14,0.13013698630136986,,,,0.45301027900147517,0.48818897637795233,,0.3538461538461537
,,,,,,,,0.5196850393700787,,
,0.2328767123287671,0.14,,0.10684474123539231,,,,,,
,,,0.0821917808219178,,,0.0636042402826855,0.27092511013215415,,,
,0.386986301369863,,,0.07679465776293823,,,0.4588839941262819,,0.1317365269461078,
,0.2191780821917808,0.42,,,,,,0.5039370078740153,,
0.6194690265486726,,,,,0.49295774647887325,,0.6086637298091091,0.5039370078740153,0.3173652694610779,
,,,,0.12687813021702837,,,0.5044052863436264,0.4566929133858264,0.08383233532934128,
,,,,,,0.17314487632508835,,0.5118110236220472,,
,0.10958904109589043,,,,,,,,,
,,,,0.0,,0.33215547703180215,,,0.035928143712574856,
0.12389380530973448,,,,,,,0.46989720998531936,,,0.24615384615384617
,,,,,,0.0989399293286219,0.5352422907489114,,,0.5692307692307692
,,0.45,,0.17863105175292152,,,0.5146842878120452,,,0.3846153846153846
0.46902654867256643,0.08904109589041095,,,0.08347245409015025,0.35211267605633806,,,,,0.33846153846153837
,,,0.06164383561643835,,0.15492957746478872,,,,,
0.15929203539823011,0.3561643835616438,,,,,,,,,
0.15929203539823011,0.3493150684931507,,0.04794520547945205,,,,,,,
0.4159292035398231,,,,,0.11267605633802817,,0.5146842878120452,,,
,0.2054794520547945,,,,,,,,,
,,0.39,,,,,,0.5748031496062991,0.2395209580838323,0.3846153846153846
,,0.34,,,,,,,,
,0.10958904109589043,0.47,,0.07011686143572621,,,0.4985315712187912,0.3228346456692912,,
0.23008849557522126,,,,,,,,0.606299212598425,0.125748502994012,0.1692307692307693
0.10619469026548678,,,0.07534246575342465,0.045075125208681135,,,,0.7244094488188977,0.1616766467065868,
,,,,,,,0.45594713656387853,0.393700787401575,,
,,,,,0.22535211267605634,,,,,
0.23008849557522126,,,,,,,,0.606299212598425,,
,,0.22,,,,,0.3164464023494986,,,
,0.2671232876712329,,,,,,,,,0.4307692307692308
,0.30136986301369867,,0.06164383561643835,0.1035058430717863,,,,,0.2934131736526946,0.4307692307692308
,,,,,,0.13074204946996465,,,,0.3846153846153846
,0.40753424657534243,,,0.08681135225375626,,,,0.5275590551181102,0.1437125748502994,
,,,0.0410958904109589,,,0.1413427561837456,,,,
,,,,,,,0.417767988252578,,0.125748502994012,0.24615384615384617
0.5132743362831859,0.1780821917808219,,,,,,,,,0.5230769230769232
0.3716814159292037,,,,,,,,,0.27544910179640725,
,0.40753424657534243,0.01,,,,,,,,
,,,,0.13689482470784642,0.4084507042253521,,,,,
,,0.04,0.1095890410958904,0.10684474123539231,,,,,,0.1692307692307693
,,0.18,,,,,,,,0.23076923076923084
,,,,,0.4084507042253521,,,,,
0.23008849557522126,,,0.1095890410958904,,0.23943661971830985,,,,0.1317365269461078,0.1692307692307693
,0.33561643835616434,,0.21232876712328766,,0.4084507042253521,,0.5726872246696075,0.3779527559055116,0.10179640718562874,
,,,,,,,0.5998531571218848,,,0.32307692307692304
,,0.12,,0.11853088480801335,0.09859154929577466,,,,,
0.5398230088495575,0.273972602739726,,,,0.3943661971830986,0.17667844522968196,,,0.27544910179640725,
0.5398230088495575,,,,,,,,,,0.13846153846153864
,0.15068493150684933,0.24,,,0.4084507042253521,,,,0.1497005988023952,
0.23008849557522126,,,,,,,,0.622047244094488,,0.19999999999999996
,0.226027397260274,0.23,0.0684931506849315,,0.1267605633802817,,0.5631424375917788,0.3779527559055116,0.1916167664670659,0.13846153846153864
,,0.03,,0.11018363939899833,,,0.5403817914831137,0.622047244094488,0.1437125748502994,
,,,0.08904109589041095,,0.22535211267605634,0.28975265017667845,0.5418502202643225,,0.1497005988023952,0.2153846153846155
,0.32191780821917804,,,,,0.13074204946996465,0.3986784140969206,,,
,,,0.10273972602739725,,,,,,0.26347305389221565,
,0.32191780821917804,0.01,,,,,0.3986784140969206,0.5354330708661417,,
,0.13013698630136986,,,,,,,0.44881889763779537,,
,,0.36,0.11643835616438356,,,0.11660777385159012,,,,
,,,,,,0.09540636042402827,,0.6614173228346458,,
,,,,,,,,,,0.36923076923076925
,0.32191780821917804,,0.34931506849315064,,0.14084507042253522,,0.4500734214390576,,,0.36923076923076925
,,,0.34931506849315064,,,,,0.5275590551181102,0.155688622754491,0.36923076923076925
,,,,0.12020033388981635,0.15492957746478872,,,0.5118110236220472,0.2275449101796407,
,,0.0,0.08904109589041095,,,,,0.6692913385826769,,0.476923076923077
,0.273972602739726,,,,,0.19434628975265017,0.3825256975036808,,0.155688622754491,
,0.12671232876712327,,0.02054794520547945,,,0.0176678445229682,,,,0.476923076923077
,,,0.19863013698630136,,,,0.4185022026431824,0.38582677165354307,0.1437125748502994,
,,,0.5547945205479452,,,,0.6563876651982383,0.34645669291338566,0.1616766467065868,0.3846153846153846
,,,,,,,,,0.18562874251497005,0.5846153846153845
,,,0.02054794520547945,,,,0.23788546255507015,,,
,0.13356164383561644,,0.08904109589041095,0.11185308848080133,0.02816901408450704,0.0,0.37077826725403895,,,
,,,,,,,0.284875183553595,,,0.40000000000000013
,0.19863013698630133,0.31,,,,,0.5998531571218848,0.5039370078740153,,
,,,0.08904109589041095,,0.4366197183098592,0.2579505300353357,,0.44094488188976344,,
,0.19863013698630133,,0.0958904109589041,,,,,,,0.32307692307692304
,,,,,,,,,,
,,,,,,,0.36490455212923223,,0.33532934131736536,
,,,0.5410958904109588,,,0.13780918727915192,,0.5039370078740153,0.18562874251497005,
,,,,,,,,,,
,0.0821917808219178,,0.0958904109589041,,,0.23674911660777387,0.5719530102790031,0.5748031496062991,,0.2769230769230768
,,,,,,,,,0.155688622754491,0.12307692307692308
,,,0.0958904109589041,,,0.07773851590106007,0.3737151248164565,,0.281437125748503,
,,0.01,0.07534246575342465,,,,,0.5826771653543306,,0.2153846153846155
,,0.29,0.0684931506849315,0.11018363939899833,,0.21201413427561838,,,,0.1692307692307693
0.24778761061946908,,,0.07534246575342465,0.1035058430717863,0.16901408450704225,0.11307420494699648,,0.5826771653543306,0.1916167664670659,
,,0.01,0.0684931506849315,0.11352253756260433,,,,,,0.32307692307692304
,0.1232876712328767,,,0.08013355592654424,0.25352112676056343,,,,0.2335329341317365,
,0.3493150684931507,,,,,0.0706713780918728,0.5756240822320109,,0.1616766467065868,
,,,,,0.3098591549295775,0.12720848056537104,,,,
0.4424778761061947,,,,0.1035058430717863,0.16901408450704225,,0.36857562408224,0.48818897637795233,0.2574850299401198,
,,,0.0958904109589041,,0.1267605633802817,,,,,
0.49557522123893805,,,,,,,,0.43307086614173196,0.39520958083832336,
0.32743362831858414,,,0.0821917808219178,,,,0.29441997063142367,0.4094488188976375,0.17365269461077845,
,,,0.06164383561643835,0.10517529215358931,,0.053003533568904596,0.4001468428781152,0.5275590551181102,,
,0.0,,,0.10517529215358931,,,,,,
,,,,,,0.021201413427561835,,,,0.6153846153846154
,0.13013698630136986,,,,0.07042253521126761,,,,,
,,,0.0821917808219178,,0.056338028169014086,,,,0.21556886227544905,
0.2654867256637168,,0.4,,,0.07042253521126761,0.0176678445229682,,,,0.5846153846153845
0.34513274336283184,,0.52,0.0684931506849315,,,,,,,
,0.1643835616438356,0.52,,,,0.014134275618374562,0.41189427312775706,,,
0.15929203539823011,,,,,,,,0.5748031496062991,0.2275449101796407,0.44615384615384635
0.3008849557522124,,,,,,,0.5345080763582928,,0.16766467065868265,0.24615384615384617
,,,,,0.07042253521126761,,,,,
,,0.27,0.0684931506849315,0.07679465776293823,,0.11307420494699648,,,0.31137724550898205,
,,0.4,,0.08848080133555926,0.323943661971831,,,0.47244094488188937,0.3173652694610779,
0.3893805309734514,,,0.10273972602739725,0.15191986644407343,0.07042253521126761,,,0.30708661417322825,,0.5384615384615385
,,,,0.09348914858096828,,,0.31057268722466347,,,0.5846153846153845
0.5132743362831859,,0.48,,,0.07042253521126761,,,,,
0.5132743362831859,,,,,,,,,,
,0.1780821917808219,0.5,0.10273972602739725,0.15358931552587646,,,,0.3779527559055116,0.1916167664670659,
0.34513274336283184,,0.44,0.0547945205479452,0.11185308848080133,,,,,0.17964071856287425,
,,,,,,0.2332155477031802,,,,0.15384615384615397
0.33628318584070804,,0.29,,,0.4225352112676057,,0.5829662261380264,,,0.10769230769230775
0.21238938053097345,0.1917808219178082,,0.18493150684931506,,,,,,0.09580838323353294,
,,,,,0.02816901408450704,,0.5014684287812088,,,
,,,,,,0.07773851590106007,,,,
,,,,,0.09859154929577466,0.038869257950530034,,,,
,0.226027397260274,0.49,0.03424657534246575,0.10517529215358931,,,0.5014684287812088,,,
,,0.0,,,,,0.4074889867841449,0.5590551181102361,,0.44615384615384635
0.2743362831858408,,,0.0547945205479452,,,,0.432452276064609,0.3307086614173227,,
,0.11986301369863012,0.4,,,,,,,,
,0.18493150684931509,,,,,0.07420494699646643,,,,
,0.15068493150684933,,,,0.4225352112676057,,0.5044052863436264,0.5590551181102361,0.08982035928143708,0.15384615384615397
,,,,0.11686143572621036,0.4225352112676057,,,0.5590551181102361,,0.15384615384615397
,0.3287671232876712,,,0.11185308848080133,,0.12367491166077739,0.5066079295154253,,,
,,0.34,0.03424657534246575,0.06343906510851419,0.04225352112676056,,,0.29921259842519676,,
0.256637168141593,,,0.08904109589041095,0.08347245409015025,,,0.3582966226138069,0.5511811023622046,0.2335329341317365,
,0.15753424657534243,,,,,,0.4911894273127757,,0.2934131736526946,0.33846153846153837
,,,0.07876712328767121,,,0.07420494699646643,,,,
,,,,0.09181969949916528,,0.007067137809187281,,,,
0.19469026548672563,0.1643835616438356,,,,,,,,0.1317365269461078,0.676923076923077
,,,,,0.16901408450704225,,0.3737151248164565,0.4094488188976375,,
,,,,,,0.06713780918727916,,,0.3053892215568863,0.5076923076923077
,,0.36,,0.17362270450751252,,,,0.34645669291338566,0.2095808383233533,
,,,,,,,0.25477239353891434,,,
,,0.31,,0.12687813021702837,0.15492957746478872,,,,,
,,,0.0821917808219178,,,,0.43832599118942994,,,0.24615384615384617
0.256637168141593,,,0.04794520547945205,,,0.08833922261484099,,,,
,,,,,0.02816901408450704,,0.32819383259912627,0.3779527559055116,0.1497005988023952,0.4307692307692308
0.5221238938053098,,0.46,,,,,,,,
,,,0.08904109589041095,,,,,,0.25149700598802394,0.6461538461538461
,0.0410958904109589,,,,,0.3639575971731449,0.0,0.11811023622047223,,
,0.0410958904109589,0.37,,,,0.3639575971731449,,,,0.6615384615384614
0.21238938053097345,,,0.06164383561643835,,,,,0.622047244094488,,
0.5929203539823009,,,0.10273972602739725,,,,,,0.1197604790419162,
0.21238938053097345,0.2671232876712329,,,,,,,,0.125748502994012,
0.3185840707964601,,,,0.14357262103505844,0.02816901408450704,0.010600706713780918,,,,
,,0.01,,,0.15492957746478872,,,,,
,,,,,0.22535211267605634,,0.598384728340676,,,
,,,,,0.18309859154929578,,0.26211453744492985,0.5275590551181102,,
0.15929203539823011,,,0.08904109589041095,,,0.1625441696113074,,,0.1137724550898204,
0.23008849557522126,,0.21,0.1095890410958904,,,0.21908127208480566,,,,0.2615384615384615
,0.3150684931506849,,,,0.15492957746478872,,0.41189427312775706,,,
,0.32191780821917804,,,,,,,0.5354330708661417,,
,0.2945205479452055,,0.06164383561643835,0.1352253756260434,,,,0.4803149606299213,,0.40000000000000013
,,0.0,0.21917808219178078,,,,,,,
,,0.08,0.11643835616438356,,,,,,,
,,,,,,,,0.3622047244094486,0.08383233532934128,0.19999999999999996
,0.13013698630136986,,0.1095890410958904,,,,,0.3779527559055116,,0.6307692307692307
0.23893805309734517,,,,,0.26760563380281693,,,0.4803149606299213,,
,,0.41,,0.11018363939899833,0.33802816901408456,,0.3839941262848754,0.393700787401575,,
,,0.21,,,,0.11660777385159012,0.5029368575624176,,,
,,,,,,,0.5499265785609424,,,
,,,0.0547945205479452,,0.16901408450704225,0.0706713780918728,,,,
,,,,0.12687813021702837,,,,,0.29940119760479045,0.41538461538461546
0.4336283185840708,0.18493150684931509,,0.547945205479452,,0.23943661971830985,0.11660777385159012,0.6255506607929533,,,
,,,0.1643835616438356,,,,0.21071953010279287,,,0.5846153846153845
,0.2191780821917808,0.0,0.03424657534246575,,,,0.3164464023494986,,,
,,0.17,,,,0.1590106007067138,,,,
,,,,,,0.028268551236749116,,,,
0.4159292035398231,,,,,,,0.5117474302496419,,,
,0.21232876712328763,,,,,,,,,
,,0.59,,,0.2112676056338028,0.13780918727915192,,,,
0.08849557522123891,,0.05,,0.10183639398998329,0.25352112676056343,,,0.6456692913385824,,
,,,,,0.056338028169014086,0.2508833922261484,,0.30708661417322825,,
,,,,,,,0.5433186490455171,0.30708661417322825,,
,,0.53,0.21232876712328766,,,0.014134275618374562,,0.3700787401574801,0.155688622754491,0.5692307692307692
,0.2054794520547945,,,,0.3802816901408451,0.2968197879858657,,,0.1437125748502994,
,0.2465753424657534,,,,0.02816901408450704,,,,,
,,,,0.1035058430717863,,0.007067137809187281,,,0.2215568862275449,
,0.1917808219178082,,,,,,,0.3700787401574801,,
,0.11643835616438356,0.65,0.10273972602739725,,0.07042253521126761,0.038869257950530034,0.4096916299559581,,,
0.3185840707964601,,,,,0.056338028169014086,,,,,
0.2743362831858408,,0.18,,0.11853088480801335,0.07042253521126761,0.04946996466431096,,,,
,,,,,,,0.2577092511013319,,,0.6307692307692307
0.5752212389380531,,0.53,0.08904109589041095,,,0.014134275618374562,,,,0.3846153846153846
,,,,,,,0.5088105726872243,,,
,,0.2,0.4931506849315068,,0.4084507042253521,,,,,0.12307692307692308
,0.15753424657534243,,,,0.4507042253521127,0.24381625441696114,,,0.1497005988023952,
,,,,0.14357262103505844,0.4084507042253521,,0.6497797356828272,,,0.12307692307692308
,,,,,0.02816901408450704,,0.38693098384729296,0.3228346456692912,0.2395209580838323,
0.35398230088495575,0.17123287671232873,,0.37671232876712324,,,,,,,0.40000000000000013
0.35398230088495575,,,,,0.02816901408450704,0.007067137809187281,0.5947136563876683,0.417322834645669,,
0.2920353982300885,,0.68,0.5068493150684932,0.06343906510851419,,,0.2268722466960469,0.21259842519685002,0.10778443113772454,
,,0.3,,,0.4225352112676057,,,,0.155688622754491,
0.36283185840707965,,,,,0.4366197183098592,0.1872791519434629,,,,
0.23008849557522126,,,,,,,,0.5354330708661417,,
,0.15068493150684933,,,0.0717863105175292,,,,,0.1976047904191617,
,0.04794520547945205,0.42,,,,0.08480565371024736,0.28854625550661694,,,
0.6194690265486726,,,,,,,,,0.2574850299401198,
,,,0.0684931506849315,0.11853088480801335,0.5774647887323944,,,0.18897637795275557,,
,0.15068493150684933,,0.07534246575342465,,,,0.39574155653451726,0.4803149606299213,0.1616766467065868,
,,0.36,,,,,0.44640234948604984,,0.3173652694610779,0.5538461538461539
,,,,,,0.038869257950530034,,0.4803149606299213,,0.36923076923076925
,,,0.1095890410958904,,,0.04946996466431096,,,,
0.17699115044247782,0.41438356164383555,0.09,0.31506849315068486,,,,0.4757709251101403,,,
,0.273972602739726,,,0.14023372287145242,,,,,0.1137724550898204,
,,,,,,0.0353356890459364,,,,
0.35398230088495575,,0.38,0.0410958904109589,0.14023372287145242,,,0.4838472834067602,,,
0.33628318584070804,,,,,,,,,,0.6153846153846154
,,,,,,0.06713780918727916,0.27973568281937844,,,0.5538461538461539
0.24778761061946908,,0.27,,,0.18309859154929578,,0.27973568281937844,,,
,0.30821917808219174,0.28,0.0821917808219178,0.060100166944908176,,0.15194346289752653,,0.5275590551181102,,
0.3185840707964601,0.07534246575342465,0.42,,,,0.038869257950530034,,0.3700787401574801,,
,,0.41,0.07534246575342465,,,0.0636042402826855,0.37885462555065885,,,
,0.452054794520548,,,,,,,,0.09580838323353294,0.1692307692307693
,,,,,,,,,,
,0.2054794520547945,0.27,,,,,,0.8188976377952755,,
0.2920353982300885,,,,,0.07042253521126761,,0.2856093979441994,0.43307086614173196,,
0.21238938053097345,,0.07,,,,0.053003533568904596,,,,
,0.18493150684931509,,,0.08848080133555926,,,,,,0.753846153846154
,,,0.1095890410958904,,0.08450704225352114,,,,,
,0.2876712328767123,,0.1095890410958904,,,,,,0.2335329341317365,
,,,0.06164383561643835,,0.28169014084507044,0.07773851590106007,,,0.1317365269461078,
0.1504424778761062,,,0.03424657534246575,,0.36619718309859156,0.09540636042402827,,0.5590551181102361,,0.6000000000000001
,,,0.08904109589041095,0.14023372287145242,,,,0.6929133858267718,,
,,0.35,,0.0717863105175292,,0.07420494699646643,,,,
,,0.26,,,,0.0176678445229682,,,0.125748502994012,
0.1504424778761062,0.4383561643835616,0.0,,,,0.1625441696113074,,,,0.476923076923077
,0.21232876712328763,0.33,,,,,,,,
,0.21232876712328763,0.35,,0.1335559265442404,0.323943661971831,0.22614840989399293,,,0.21556886227544905,
,0.3287671232876712,,,,,0.014134275618374562,,0.34645669291338566,,
0.11504424778761069,,0.21,,,,,,,0.06586826347305388,
,,,,0.10517529215358931,,,,,0.3293413173652695,
,,,,,0.1267605633802817,,,0.49606299212598426,0.2095808383233533,0.4307692307692308
,,0.35,,,,,,,,0.5230769230769232
0.5132743362831859,0.273972602739726,0.45,0.07534246575342465,,,0.02473498233215548,,,,
,0.1780821917808219,,0.1095890410958904,,,,,,,
0.20353982300884965,0.226027397260274,,,,0.07042253521126761,,,0.44094488188976344,,0.4615384615384617
,,0.3,0.06164383561643835,,,,,,0.2934131736526946,
,0.136986301369863,,,,,,,,,0.2615384615384615
,,,,0.10684474123539231,,,,,,
,,,,,0.07042253521126761,0.053003533568904596,,0.4251968503937005,,0.2153846153846155
0.2831858407079646,0.18493150684931509,,,,,,,,,
,,0.47,0.07534246575342465,,0.07042253521126761,,,0.38582677165354307,,
,,,0.13013698630136986,0.09181969949916528,0.04225352112676056,,,,,0.676923076923077
,0.3287671232876712,,,,,0.11307420494699648,,,,
0.4424778761061947,,,0.0821917808219178,0.11853088480801335,,,,,0.1976047904191617,
,0.3150684931506849,,,,,0.20141342756183744,,,0.2095808383233533,
,,,,,,0.11307420494699648,,0.3228346456692912,,
,0.0410958904109589,,0.05821917808219178,,,,0.37958883994126325,0.46456692913385833,,0.5230769230769232
,,,,0.050083472454090144,,,,,,
,,,,0.10684474123539231,0.295774647887324,,,,,
0.3716814159292037,,0.43,,0.10684474123539231,,,,,,
0.34513274336283184,,0.42,,,,,,,,
,0.45547945205479456,,,,0.1267605633802817,,0.5029368575624176,,0.2035928143712575,0.24615384615384617
,,,,,,,,0.21259842519685002,0.4610778443113773,
,,,0.07534246575342465,0.1652754590984975,0.08450704225352114,,,,,
,,,,0.12353923205342235,,,0.36343612334802344,,,
0.4070796460176991,,,0.04794520547945205,,,0.021201413427561835,,0.3622047244094486,0.2035928143712575,0.32307692307692304
,0.32191780821917804,0.0,,,,,,0.5354330708661417,,
,,,,,0.35211267605633806,,,,,
0.2654867256637168,,,,,,,0.5205580029368662,0.5669291338582676,,
,,,,,0.6619718309859155,0.1872791519434629,0.3920704845815095,0.6850393700787398,0.2215568862275449,0.476923076923077
,,,,,,,,0.6614173228346458,,0.4307692307692308
,,,,,,,0.22834067547724146,,,
0.08849557522123891,,0.0,,,,,0.24889867841410762,,0.2395209580838323,
,,0.33,,,0.14084507042253522,0.1448763250883392,,,,0.40000000000000013
,0.15753424657534243,,,,,,,,,0.40000000000000013
,0.18493150684931509,,,0.09348914858096828,,,,0.35433070866141714,0.07784431137724554,
,,,,0.09348914858096828,,0.16961130742049468,,,0.3173652694610779,
0.18584070796460184,,,,,0.14084507042253522,,,0.48818897637795233,,0.3846153846153846
,0.4657534246575342,0.03,0.4726027397260273,,,,,0.6141732283464565,,
,,,,0.12186978297161938,,,0.24889867841410762,0.46456692913385833,,0.5384615384615385
,,,,,,,,0.44094488188976344,,0.18461538461538463
0.3982300884955752,,0.57,,0.11352253756260433,0.07042253521126761,,,0.4251968503937005,,
,0.523972602739726,,0.0958904109589041,,,,0.399412628487525,0.6456692913385824,,
,,,,0.10684474123539231,,,,,0.1497005988023952,0.1692307692307693
,,0.21,0.0410958904109589,,,,,,,
,,0.23,0.0958904109589041,,,,,,0.1497005988023952,0.1692307692307693
0.2920353982300885,,,,,,,,0.417322834645669,,
,,,,,,0.13427561837455831,0.38693098384729296,0.5196850393700787,,0.40000000000000013
0.23008849557522126,,,,,,,,,,
,,,,0.1035058430717863,,0.13427561837455831,0.38693098384729296,0.5196850393700787,0.31137724550898205,
,,,,,0.323943661971831,,0.546989720998539,0.4803149606299213,0.3652694610778443,0.24615384615384617
,,0.43,,,,0.0636042402826855,,,0.32335329341317365,0.4307692307692308
0.19469026548672563,,,,,,,,,,
0.17699115044247782,0.2191780821917808,,,,,0.16607773851590107,,,,0.13846153846153864
,,,,0.11018363939899833,0.09859154929577466,,0.36049926578560587,,,
,0.1780821917808219,,0.0684931506849315,0.09849749582637728,,,,,0.25149700598802394,
,,,,,0.07042253521126761,,,,,
,,0.31,,,,0.2579505300353357,0.4919236417033801,,0.21556886227544905,
,,0.31,,,,,0.4353891336270266,,0.21556886227544905,0.33846153846153837
0.5575221238938054,0.136986301369863,,0.06164383561643835,0.2003338898163606,,,,0.4251968503937005,,
,,0.52,0.06164383561643835,0.2003338898163606,,0.13427561837455831,,,,
,,,0.08904109589041095,,0.4507042253521127,0.2932862190812721,,,,
,,0.49,0.1095890410958904,,0.09859154929577466,0.04946996466431096,,,,
0.04424778761061948,,,0.06164383561643835,,,,,0.7401574803149606,,
0.2654867256637168,,,,0.10517529215358931,,0.21201413427561838,,,,
,0.0410958904109589,0.34,,,0.19718309859154928,,0.3399412628487539,,,
,,0.01,0.11643835616438356,,,,0.450807635829662,0.5039370078740153,0.17365269461077845,0.36923076923076925
,0.21232876712328763,,0.0821917808219178,0.10517529215358931,,,0.5220264317180607,0.5196850393700787,,
,,,,,,,0.44566813509545966,0.38582677165354307,,
,,,,0.07011686143572621,0.07042253521126761,,,0.44094488188976344,0.13772455089820365,
,,0.01,,0.07846410684474123,0.14084507042253522,,,0.5118110236220472,0.041916167664670656,
0.3097345132743363,,,,0.11519198664440736,,,,,,
0.16814159292035402,0.3767123287671233,0.0,,0.07512520868113523,0.14084507042253522,,0.35315712187959036,,,
0.4601769911504425,,,,0.11185308848080133,,,,0.3307086614173227,0.155688622754491,
,0.1917808219178082,,,,,,,,,
0.32743362831858414,0.30136986301369867,,,,,,,0.49606299212598426,0.17365269461077845,
,,0.25,,,,,,0.46456692913385833,,0.2923076923076924
,,,0.06164383561643835,,,,,,,
,0.2945205479452055,,0.06164383561643835,,,,,0.590551181102362,,0.32307692307692304
,,0.33,,,,0.10600706713780918,0.35462555066079915,0.5275590551181102,,
,,,,,0.323943661971831,0.10954063604240281,,,,
0.256637168141593,,0.14,,,,,,,0.155688622754491,0.2153846153846155
0.22123893805309736,,0.0,0.06164383561643835,,0.07042253521126761,,,,,0.2153846153846155
,,0.0,,,0.07042253521126761,,,,0.1497005988023952,
,0.39726027397260266,,0.0684931506849315,,0.26760563380281693,0.10247349823321555,0.45594713656387853,0.5196850393700787,,
,0.3561643835616438,,,,0.35211267605633806,0.1413427561837456,0.2577092511013319,0.5748031496062991,,0.40000000000000013
0.256637168141593,,,,,0.5915492957746479,,0.3612334801762245,,,0.12307692307692308
,,,,,,,,,,0.40000000000000013
0.35398230088495575,,,,,,,,,,
0.1504424778761062,0.6164383561643836,0.0,,0.11853088480801335,,,,,,0.4307692307692308
,,,,,,,,,,
0.3185840707964601,,,,0.12854757929883137,,,0.567547723935391,,0.07784431137724554,
,,0.32,,0.09015025041736227,,,0.32966226138032084,,,
,,,,,,0.10600706713780918,0.4089574155653395,,,
,,,,,,,0.4089574155653395,0.5039370078740153,,
,0.19863013698630133,,,,,0.1590106007067138,0.485315712187969,,,0.1692307692307693
,,0.03,0.06164383561643835,0.053422370617696155,0.3802816901408451,,,,,
,,,,,,,0.05653450807636773,,,
,0.2191780821917808,,,0.06176961602671119,0.323943661971831,,,,,0.5076923076923077
,,,0.0684931506849315,,,0.13427561837455831,0.27753303964757947,,0.1197604790419162,
,,,,,,,,,,
,,,,,,0.014134275618374562,0.4104258443465483,,,
,0.39041095890410954,,,,,,,,,0.19999999999999996
,,0.39,0.0547945205479452,0.08347245409015025,0.02816901408450704,0.010600706713780918,,,,0.476923076923077
,,,,0.10851419031719531,,0.16961130742049468,0.40602055800295034,,0.18562874251497005,
,,0.0,0.07534246575342465,,,,,,,
,0.17123287671232873,,,,,,,0.3228346456692912,,
,0.0273972602739726,,0.1095890410958904,,0.22535211267605634,,0.23568281938327118,,,
0.3008849557522124,0.3287671232876712,,,,0.02816901408450704,0.0035335689045936404,,,,
,,0.3,0.24657534246575344,,,,0.665932452276067,0.44094488188976344,,
,,,,,,0.3674911660777385,,,,
,0.42465753424657526,,,0.14691151919866444,,0.021201413427561835,,0.48818897637795233,,0.40000000000000013
,,,,,,,,,0.2035928143712575,
0.3185840707964601,,,,,,,0.46328928046990825,0.43307086614173196,,
,,,,,0.7042253521126761,,,0.3622047244094486,,
,0.3493150684931507,,,,,,,0.3622047244094486,,0.1692307692307693
0.23008849557522126,,,,,,,,,,0.5692307692307692
0.05309734513274339,,,0.08561643835616436,,,0.07773851590106007,,,,
0.18584070796460184,0.5068493150684931,0.07,,0.14691151919866444,,,,,,
,0.17123287671232873,0.32,,,,,,0.44094488188976344,,
,,,,,0.28169014084507044,,,,,
,,,0.0684931506849315,0.10183639398998329,0.323943661971831,,,0.44094488188976344,0.1197604790419162,0.2153846153846155
0.19469026548672563,0.3835616438356165,0.09,,,,0.0812720848056537,,,,
,,0.32,,,0.295774647887324,,,,0.17365269461077845,
,,,,,0.36619718309859156,,0.4353891336270266,,,
,0.2671232876712329,,0.14383561643835616,,,,0.2077826725403895,,,
,0.7260273972602739,,,,,,0.3854625550660842,,,
0.21238938053097345,,0.21,,,,,,,,
,,0.27,,0.11853088480801335,,,,,,
,0.42465753424657526,,,,0.2112676056338028,,,,,
0.46902654867256643,,,0.08904109589041095,,0.1267605633802817,0.12367491166077739,0.46328928046990825,,,
0.256637168141593,,0.27,,,0.22535211267605634,,0.44713656387665424,0.4094488188976375,,
0.4513274336283185,0.3698630136986301,,0.11643835616438356,,,,,0.4094488188976375,,0.2615384615384615
,0.42465753424657526,,,0.048414023372287146,0.2112676056338028,,0.18428781204112,1.0,,
0.3982300884955752,0.15068493150684933,,,,0.11267605633802817,,0.282672540381796,0.34645669291338566,,0.4615384615384617
0.3982300884955752,0.1643835616438356,,0.06164383561643835,,0.28169014084507044,0.17314487632508835,,0.34645669291338566,,
,0.2328767123287671,,0.0547945205479452,0.10851419031719531,,,,,,0.33846153846153837
,,,,,0.23943661971830985,,0.34728340675478364,0.5118110236220472,,
0.18584070796460184,0.2328767123287671,0.24,,0.10851419031719531,0.23943661971830985,,,,0.1616766467065868,
,,,,,,,,,,0.2153846153846155
0.24778761061946908,,,,,0.22535211267605634,0.3003533568904594,,,0.13772455089820365,
,,,,0.15859766277128548,0.4225352112676057,,,,,
,,,,,,,,0.34645669291338566,,
,,0.0,,,0.04225352112676056,,,0.5118110236220472,,
0.17699115044247782,0.3150684931506849,,0.10273972602739725,,,,,,,
0.12389380530973448,,,0.03424657534246575,,,,0.3237885462555141,,,0.1692307692307693
,,,,,,0.0706713780918728,0.3237885462555141,,0.07185628742514968,
0.256637168141593,,,,0.12020033388981635,,,0.3898678414096963,,,
,0.2671232876712329,,,,0.16901408450704225,0.08833922261484099,0.3898678414096963,0.48818897637795233,0.125748502994012,0.32307692307692304
,,,,0.12186978297161938,,,,0.49606299212598426,0.10778443113772454,
,,,,0.12020033388981635,,,,,,0.32307692307692304
0.1327433628318584,0.32191780821917804,,,,0.056338028169014086,0.02473498233215548,,,,0.4615384615384617
0.23008849557522126,,0.03,,,,,,,,0.1692307692307693
,0.3664383561643836,,,,,,,,0.035928143712574856,
,,,0.13013698630136986,0.11519198664440736,0.28169014084507044,,,,,
,0.3287671232876712,,,0.0951585976627713,,,,0.47244094488188937,0.1437125748502994,
,,,0.0684931506849315,,,,0.5014684287812088,,,
0.2654867256637168,,,,,0.18309859154929578,,,,0.07784431137724554,0.2923076923076924
,,,,0.10851419031719531,0.08450704225352114,0.07773851590106007,,,,
,,0.25,,,,,,,,0.2615384615384615
0.24778761061946908,,,0.3082191780821918,,,0.3250883392226149,0.5352422907489114,,0.10179640718562874,
,,0.31,,,0.14084507042253522,0.11307420494699648,,0.393700787401575,,
,,0.14,0.1095890410958904,,,0.16961130742049468,,,,
,0.24315068493150682,,,,0.07042253521126761,0.07773851590106007,,0.2598425196850389,,
,,0.27,,,,,,0.43307086614173196,,
,,0.02,0.0684931506849315,0.14023372287145242,0.1267605633802817,0.08833922261484099,,0.5669291338582676,0.1197604790419162,
,,,,,,,0.516152716593254,,,
,,,,0.13689482470784642,,0.13780918727915192,,,0.10179640718562874,
,0.2876712328767123,0.3,,,,,0.5271659324522773,,,
,,,0.0821917808219178,,,,0.4765051395007447,0.417322834645669,,
,,0.56,,0.23539232053422368,,0.028268551236749116,,,,
0.36283185840707965,0.452054794520548,,0.0547945205479452,,0.15492957746478872,0.21201413427561838,,,,
,,0.0,0.02054794520547945,,0.2112676056338028,,0.3406754772393583,,0.10778443113772454,0.2153846153846155
,,0.2,,0.12353923205342235,,,,,0.07784431137724554,0.24615384615384617
,,,0.07534246575342465,,,,0.4419970631424377,,0.10778443113772454,
,,,,0.10851419031719531,,0.10247349823321555,,,0.17365269461077845,
0.256637168141593,,,0.11643835616438356,,,,,0.48818897637795233,,0.36923076923076925
,0.3287671232876712,,,,,,0.44493392070484106,,,0.23076923076923084
0.3008849557522124,,,,,,0.3498233215547703,,,,
0.22123893805309736,,0.15,,,0.26760563380281693,0.2756183745583039,,,0.10179640718562874,0.1692307692307693
,,,,,,,,,0.1497005988023952,
0.17699115044247782,,,0.3561643835616438,,,,,,,0.2923076923076924
,,,,,0.49295774647887325,,,,,0.19999999999999996
,,,0.0958904109589041,0.09348914858096828,0.19718309859154928,0.09540636042402827,0.2092511013215841,,,0.6307692307692307
,,,,,,0.09540636042402827,,,,0.40000000000000013
,,,,,,,0.30323054331864796,,,
0.15929203539823011,,,,,,,,0.4566929133858264,,0.12307692307692308
,,,,,,0.021201413427561835,,,,
,,0.26,,,0.22535211267605634,,,,,
,,,,0.11352253756260433,,0.47703180212014135,,0.40157480314960603,,0.23076923076923084
,,,0.0821917808219178,,0.4507042253521127,0.47703180212014135,,0.40157480314960603,0.10778443113772454,
0.23008849557522126,,,,0.08180300500834724,0.02816901408450704,,0.4353891336270266,,,
,,,,,0.15492957746478872,,,,,
,0.10958904109589043,,0.07534246575342465,,,,,0.4251968503937005,0.3413173652694611,
,,,,0.08347245409015025,0.09859154929577466,0.05653710247349823,,,0.3652694610778443,0.3846153846153846
0.3097345132743363,,,,,,,,,0.40718562874251507,0.6153846153846154
,,,,,,0.16961130742049468,0.36196769456681466,,,0.3538461538461537
,,,0.06164383561643835,0.11686143572621036,,0.0353356890459364,,0.5984251968503935,,
,,,,,,,,0.6456692913385824,,
0.3185840707964601,0.0821917808219178,,,,0.09859154929577466,,0.5381791483113005,,0.3652694610778443,0.3846153846153846
,,0.25,0.07534246575342465,,,,,,,
0.47787610619469034,,,,,0.02816901408450704,,,,,
,,,0.04794520547945205,,,0.04240282685512367,,0.6456692913385824,0.3053892215568863,
,,,0.1095890410958904,,,0.10954063604240281,,,0.26347305389221565,0.5692307692307692
,,,,,0.02816901408450704,0.04593639575971732,,,0.07784431137724554,0.2153846153846155
,,,0.08904109589041095,0.10851419031719531,,,,,,
,0.2808219178082192,,0.04794520547945205,0.10851419031719531,,0.04593639575971732,0.36196769456681466,,,
,0.1917808219178082,,,,0.323943661971831,0.18374558303886923,,,,
0.21238938053097345,,,,,0.5352112676056339,,,0.5118110236220472,,
0.15929203539823011,0.2808219178082192,,0.20547945205479448,,,,0.4941262848751933,,0.2035928143712575,
,0.0958904109589041,,,,,,0.5381791483113005,0.4094488188976375,0.2215568862275449,0.18461538461538463
,,,,0.056761268781302165,,0.19081272084805656,,0.5275590551181102,,
0.2831858407079646,,,,,,,,0.44881889763779537,,
0.2920353982300885,,,,,,,,,,
,,,,,,,,0.4094488188976375,,
0.11504424778761069,0.2191780821917808,,,,,,,,,
,0.2876712328767123,0.37,,,,,1.0,,0.26347305389221565,0.0923076923076922
,,,,,,,,0.34645669291338566,,
0.47787610619469034,,,,,,,,,,
0.21238938053097345,0.32191780821917804,,0.0547945205479452,,,,,,0.08383233532934128,0.2923076923076924
,,0.02,,,,,,,,0.41025641025641546
,0.17123287671232873,,,,,0.07773851590106007,0.3399412628487539,,,
,,,0.0684931506849315,,0.23943661971830985,,,0.5196850393700787,,
,,,,0.07679465776293823,,0.05653710247349823,0.23127753303964482,,,0.5076923076923077
0.23893805309734517,,,,,0.4225352112676057,,,,,0.41538461538461546
0.24778761061946908,,,,,,,0.518355359765053,,,
,,,,,,0.11660777385159012,,0.5196850393700787,,0.19999999999999996
,0.3150684931506849,,,0.11352253756260433,0.5492957746478874,0.16961130742049468,,0.5196850393700787,0.2395209580838323,
,,0.32,,0.08347245409015025,0.19718309859154928,,,0.38582677165354307,,
,,,,,0.36619718309859156,,0.5132158590308364,,0.1497005988023952,0.0923076923076922
0.6283185840707963,0.226027397260274,0.63,,0.10183639398998329,,0.06007067137809187,,,0.21556886227544905,
0.16814159292035402,,,0.04794520547945205,0.0667779632721202,,,,0.5984251968503935,,0.3846153846153846
0.12389380530973448,0.2876712328767123,0.06,0.06164383561643835,,,,0.1681350954478802,,,
0.2654867256637168,0.25342465753424653,,0.0684931506849315,,0.36619718309859156,,,,,
,0.11643835616438356,,,,,0.04946996466431096,,0.5118110236220472,,
0.2920353982300885,0.0547945205479452,0.35,,,,,0.33113069016152963,,0.281437125748503,
,,,,,,0.2049469964664311,,,,
0.1415929203539823,,,,0.08013355592654424,0.07042253521126761,,,,,
,0.3493150684931507,0.01,,0.10684474123539231,,,,0.47244094488188937,0.1197604790419162,
0.19469026548672563,,,0.0547945205479452,0.08514190317195325,,,0.42070484581498135,,,
,0.2465753424657534,,0.0821917808219178,0.08347245409015025,0.4225352112676057,0.16961130742049468,,,,
,,,0.0958904109589041,0.09181969949916528,0.25352112676056343,0.09187279151943463,,0.6141732283464565,0.1437125748502994,
0.23893805309734517,0.2465753424657534,,,,,,0.5293685756240905,,0.1916167664670659,
,0.5890410958904109,0.05,0.0821917808219178,0.08180300500834724,,,,0.44881889763779537,,
0.18584070796460184,,,,,,,0.24008810572686912,,0.1137724550898204,
,0.15753424657534243,0.6,0.11643835616438356,,,,,,,
0.1327433628318584,0.3287671232876712,,,,0.18309859154929578,,0.2415565345080779,0.5039370078740153,,
,0.23972602739726023,0.11,0.08904109589041095,0.060100166944908176,0.2112676056338028,,,,,
,,0.11,0.08904109589041095,,,0.2932862190812721,0.12848751835537087,0.6299212598425195,,
0.22123893805309736,,0.05,0.3287671232876712,,,,,,0.1137724550898204,
,,0.6,0.14383561643835616,,,0.05653710247349823,0.6027900146842882,,0.2095808383233533,0.33846153846153837
0.23008849557522126,,,,,0.02816901408450704,,,0.46456692913385833,,
,,,0.0410958904109589,,,,,,,
,,0.06,,,,,,,0.18562874251497005,0.3846153846153846
0.19469026548672563,,,,,0.11267605633802817,,0.39574155653451726,,,
,,0.05,,,,,,,,0.33846153846153837
,,0.1,,0.060100166944908176,,,,,0.2574850299401198,
0.22123893805309736,,,0.06164383561643835,,0.09859154929577466,,,0.5118110236220472,,0.6153846153846154
0.08849557522123891,,,0.0547945205479452,,,,0.30323054331864796,0.7716535433070866,0.1497005988023952,
,,,,,,,0.2503671071953022,,,
,,0.26,,,0.3098591549295775,,0.46182085168869946,0.4094488188976375,0.155688622754491,
,0.13013698630136986,,,,0.19718309859154928,,,,,
0.21238938053097345,0.21232876712328763,0.02,,,,0.07773851590106007,,0.4803149606299213,,0.33846153846153837
,0.2876712328767123,0.26,,0.12854757929883137,0.3098591549295775,0.4982332155477032,,,,0.19999999999999996
,,0.03,,,,0.0353356890459364,,,0.17964071856287425,
,,,0.0958904109589041,,,,,,,
0.20353982300884965,0.42465753424657526,,,,,,,0.5590551181102361,,
,,,,0.10684474123539231,,,0.3678414096916356,,,
,,,0.10273972602739725,0.11018363939899833,,,,,,0.2153846153846155
0.1415929203539823,,0.39,,,,,,,0.21556886227544905,
,,,0.0958904109589041,,,,0.43906020558003434,,,
,,,0.0821917808219178,0.1035058430717863,0.22535211267605634,,0.5925110132158693,,,
,,,,,,0.14840989399293286,,,,
0.22123893805309736,,,0.0821917808219178,0.09348914858096828,0.25352112676056343,,0.5176211453744486,,,0.2153846153846155
,,,0.08904109589041095,0.08180300500834724,,0.038869257950530034,,,,
0.20353982300884965,0.4931506849315068,0.21,,,,0.20848056537102472,0.6130690161527212,,,
,,,0.21917808219178078,0.1035058430717863,,0.20848056537102472,,0.622047244094488,,
0.1327433628318584,0.136986301369863,0.25,,,0.3098591549295775,0.18374558303886923,,,0.38323353293413176,
,,,,,0.3943661971830986,,,,0.29940119760479045,0.2923076923076924
,0.39726027397260266,0.08,,,,,,,,
,0.2808219178082192,,,,0.3943661971830986,,,,0.29940119760479045,
0.20353982300884965,0.2465753424657534,,0.0684931506849315,,,,0.4243759177679891,,,
,,,,,,0.1448763250883392,,,,
,0.2465753424657534,0.08,,,,,,,,
,,,0.08904109589041095,,,,,,,
,,,,,,,,0.43307086614173196,,0.36923076923076925
0.22123893805309736,,0.08,0.0821917808219178,0.08514190317195325,,0.1625441696113074,,,0.1616766467065868,0.2769230769230768
,,,,0.08514190317195325,,,,0.5354330708661417,,
0.1327433628318584,,,0.13013698630136986,,0.16901408450704225,0.07773851590106007,0.4581497797356917,0.6771653543307088,,
0.3008849557522124,,,0.0684931506849315,,0.4366197183098592,,,,,0.0923076923076922
0.17699115044247782,,,,,0.16901408450704225,0.0812720848056537,,,0.17365269461077845,0.5076923076923077
,0.2945205479452055,0.13,0.08904109589041095,,0.19718309859154928,0.10247349823321555,,0.48818897637795233,,
,,,,,,,,,,0.2923076923076924
,,0.29,,0.07011686143572621,,,0.4838472834067602,,0.2574850299401198,0.3846153846153846
,,,,,0.18309859154929578,0.04593639575971732,,,0.1437125748502994,0.3076923076923077
,,,0.0958904109589041,0.08514190317195325,,,0.3986784140969206,,0.28742514970059885,0.4307692307692308
,,,,0.07846410684474123,,,,0.48818897637795233,,
,,,0.04794520547945205,,0.15492957746478872,,,,,
0.5840707964601769,0.1917808219178082,,0.07534246575342465,,,,,,,
0.22123893805309736,0.3835616438356165,,0.0958904109589041,,,0.0706713780918728,,0.5590551181102361,,0.1692307692307693
,,0.0,,0.11853088480801335,,0.07420494699646643,,,,0.15384615384615397
,,0.01,,,0.4366197183098592,,0.4251101321585935,,,0.44615384615384635
,,,,,0.23943661971830985,0.07773851590106007,,,,
,,0.02,,,,0.06007067137809187,,,,0.40000000000000013
,,0.17,,,0.19718309859154928,,0.37224669603524774,,,
,0.5205479452054794,,0.08904109589041095,,0.15492957746478872,,0.46182085168869946,0.622047244094488,,
,,0.02,0.10273972602739725,0.08347245409015025,,,,,0.1616766467065868,0.40000000000000013
,,,,,,,,0.3779527559055116,,0.1692307692307693
0.2831858407079646,0.3287671232876712,,,0.11352253756260433,,,,,,
,,0.26,0.07534246575342465,,,0.441696113074205,0.4515418502202664,,,
,,,,0.11352253756260433,,,,0.3700787401574801,,
,,,,,,,0.39574155653451726,,,
,0.39383561643835613,,0.07534246575342465,,,,,,,0.2615384615384615
0.23008849557522126,,,,,,,0.39574155653451726,0.43307086614173196,0.125748502994012,
,0.3767123287671233,,0.0684931506849315,,0.35211267605633806,,,,,0.3846153846153846
0.23008849557522126,,0.13,0.07534246575342465,,0.15492957746478872,,0.39574155653451726,0.43307086614173196,,0.2615384615384615
,,,,0.10851419031719531,,,0.4566813509544829,,0.155688622754491,0.12307692307692308
,0.2671232876712329,,,0.07345575959933222,0.19718309859154928,,0.2856093979441994,,0.1437125748502994,
,,0.53,,0.36393989983305514,,,,,,
,0.3150684931506849,,0.10273972602739725,,0.19718309859154928,0.15547703180212014,0.33773861967695495,,,0.6307692307692307
0.08849557522123891,,,,,,,0.4919236417033801,0.5118110236220472,,0.32307692307692304
,,,0.08904109589041095,,,0.04946996466431096,0.3428781204111573,0.4094488188976375,,
0.3008849557522124,0.1232876712328767,,,,,0.0812720848056537,0.4265785609398023,,0.2694610778443114,
,,,0.28767123287671226,0.10684474123539231,,0.07420494699646643,,0.6299212598425195,,0.5384615384615385
,0.3767123287671233,0.15,,,,,0.3913362701908909,,0.2035928143712575,
,,0.09,,,0.323943661971831,0.09187279151943463,0.2900146842878115,,,0.44615384615384635
,0.15753424657534243,,,0.09348914858096828,,,,,,0.5384615384615385
,,0.09,0.0547945205479452,,,,0.2900146842878115,,,
,,,,,,0.07420494699646643,,,,0.5384615384615385
0.1415929203539823,,0.29,,,,,0.41923641703377257,,,
,,,,0.08180300500834724,,,,0.43307086614173196,,
,0.18493150684931509,,,,,0.14840989399293286,,,,
,0.13013698630136986,,,0.08848080133555926,,,,,0.31137724550898205,0.4615384615384617
,,,,,0.2112676056338028,0.0706713780918728,,,,0.49230769230769234
0.1415929203539823,0.3287671232876712,0.08,0.07534246575342465,,0.4366197183098592,,0.35462555066079915,0.5590551181102361,,
,0.2945205479452055,,0.08904109589041095,0.08347245409015025,0.5352112676056339,0.1590106007067138,0.37077826725403895,,,
0.1504424778761062,,0.13,,0.10684474123539231,,,,,,
,,,,,,0.12720848056537104,,,0.1976047904191617,
