0
0.5365242
0.3080143
0.5188998
0.4941508
0.47021765
0.5274397
1.1177628
0.5745679
0.79019284
0.5414034
0.6296321
1.2299687
0.9406787
0.61655414
0.6386379
0.62526405
0.37683645
0.88741744
0.46601328
1.0074333
0.8123628
0.8702878
0.521222
0.8528549
0.8098084
0.6034648
1.1264575
0.8110738
0.16067132
0.9050875
0.9908722
1.160541
1.0504133
1.1722645
0.28333816
1.3459305
0.6782263
0.7415264
0.7052802
0.9917524
0.828349
0.51830447
0.85680825
0.5002209
0.9841204
0.6088704
1.1949203
0.6676196
0.4154319
0.5071085
0.8347612
0.64135
0.5266184
0.70760226
0.87304187
0.6909965
0.3881637
1.1436294
1.1052736
0.39646366
1.0908929
0.6861857
0.26131916
0.73648214
1.2203113
0.23973653
0.8056081
0.6575367
0.5912703
0.6452021
0.8260962
0.7836127
0.90718275
1.2048732
0.8158633
1.0935504
0.2714011
0.8655358
0.7950721
1.2852731
0.58316326
0.90976304
1.0457684
0.89839244
0.67762023
0.41251925
0.34716132
0.8983241
0.6880749
0.48907375
0.69617015
0.5584165
0.7689864
0.697885
0.4245335
0.89823043
0.4041198
1.1713728
1.0250167
0.5443669
0.74079823
1.038361
0.63831186
1.0474024
0.6494906
1.0205836
0.7938414
0.7601286
0.92326194
0.79822
0.52421874
0.40101153
0.3987518
0.815217
1.4275434
0.94017214
0.2365998
0.3537345
0.746233
0.6743873
0.58315784
0.8127552
0.56133926
1.1400137
1.1121948
0.65487105
1.0768147
0.2031581
0.42800665
1.3042058
0.8087204
0.11150369
0.49782285
0.74926287
0.23699585
0.597341
0.85632503
0.4120028
1.2284387
0.8596645
0.6972391
0.74732363
0.40956187
0.6216163
0.4294671
0.9265378
0.32386088
0.8447421
0.7700157
0.5014225
0.4702652
1.0171351
0.65946996
0.7695876
0.51167417
0.7188371
0.8882011
0.46986744
0.99317366
0.5880229
0.49442288
0.9731858
1.008544
0.4498331
0.69524527
0.5689918
0.5495865
0.32106614
0.42240152
0.56865364
0.40712944
1.1188766
0.91451156
0.61308306
0.9414879
0.733255
0.67215735
0.9280068
0.8397928
0.65567726
0.8928202
0.5664538
0.8381257
0.4382793
0.65899646
0.62381107
0.9322418
0.9152011
0.7967316
1.1049122
0.6023944
0.4344347
0.4926409
1.0322213
0.7418913
0.9822008
0.68244344
0.9897006
0.73901933
0.2290936
0.6627797
0.71827805
0.49394926
0.85179913
0.8634418
0.6764061
1.1540587
1.0998737
0.8416136
0.6715535
0.30477095
1.0776854
0.71686685
0.8671301
0.6393297
0.6706109
0.8957158
0.87439305
0.79551685
0.6147861
0.60453314
0.51738614
0.47974887
1.2569511
0.9705712
0.79202235
0.8555813
0.6653965
1.3683618
0.46353605
0.680424
1.2056888
0.78943
0.4275229
0.5311715
0.928981
0.9111569
0.73452944
0.7470367
0.4861409
0.59512895
0.78680384
0.9062335
0.97043705
0.9799395
0.95797503
0.61824054
0.67294276
0.72838426
1.0698007
1.3147557
0.8573905
0.78150237
0.44774362
0.88052547
0.5464861
0.7998096
1.1841933
0.6403589
0.7343071
0.5032909
0.38167337
0.6512661
0.45816898
0.5683373
0.6828488
0.6482334
0.7664671
0.8281868
0.7398124
0.5642145
0.31822336
0.59611666
0.21801823
0.8877884
0.69921154
0.1972811
1.0743182
0.9173519
1.1774014
0.33355978
0.4898057
1.066586
0.83908767
0.7157833
0.5106506
1.1679409
0.7183151
0.5351814
0.7525162
0.89633936
0.72861326
0.52683514
0.6011848
0.65523124
0.5257536
0.76283425
0.37825412
0.43153158
0.22612403
1.2221563
0.5627926
0.8841702
0.83092076
0.6696705
0.16979256
0.48420694
0.26659992
0.7657892
0.60039437
0.716978
0.8572308
0.74945927
0.4002371
0.6938259
0.5878484
0.974343
0.74209446
1.1688268
0.50047994
0.61912376
0.512737
0.5717761
1.1123595
0.3276193
0.83381957
0.90983135
0.5969643
0.77961206
0.66740686
0.3360514
0.49365342
1.18692
0.9141408
0.99882495
1.2177849
0.9740084
0.9271536
0.35599855
0.4983403
0.4674929
0.3115998
0.24354668
0.80876887
0.47610658
0.18135922
1.3972869
0.78154796
0.7074209
0.59005487
1.2072699
1.1463599
0.3819691
0.8287742
0.5470894
0.57459474
0.74105644
0.40999147
0.4388916
1.1603264
0.48954517
0.37044618
0.5794727
0.6080965
0.46775138
0.7239176
0.7895315
0.71004814
0.77453434
0.83393574
0.73142314
0.10046675
0.67175245
0.45327273
0.6380006
0.20425332
0.52683204
0.62206954
0.61578315
0.7879909
0.99877024
0.49842316
0.7172072
1.2968801
1.266429
0.94609356
0.7161174
0.8468497
0.8570969
0.23245408
0.96871316
0.63472086
1.0342999
1.2851845
0.715333
1.088503
0.5914789
0.35399708
0.87695056
1.0343916
0.87710434
0.4576951
0.99520123
1.3133337
1.0705312
1.2240479
0.65319335
0.45614123
0.5795682
0.38355148
0.5656316
0.88799244
0.6526807
0.61941856
0.54180443
0.22353621
0.42508483
0.47986385
0.62768763
0.61541677
0.3552725
0.9632199
0.9579422
0.49727774
0.34780636
1.0951096
0.91700506
0.46805444
1.0133572
0.44299883
0.5120471
0.6010215
0.9002922
0.7069952
0.30971473
0.70902103
0.61484456
0.42542225
0.72007716
0.42585316
0.889175
0.6373245
0.3405047
1.0836962
0.63839966
1.2254775
0.4480724
1.2222701
0.9472182
0.763124
0.8904733
0.42365187
0.3701044
0.5923039
0.759924
0.4787455
0.81251204
0.5416468
1.0537976
0.63992643
0.42523438
1.088646
0.8097227
0.18407744
0.6490903
0.6378805
0.56746584
0.36856726
0.7087021
0.61182827
1.1836339
0.8399238
0.72207457
0.5478767
0.59972334
0.91439223
0.61561996
0.8243356
1.1337026
0.34095332
0.7809702
0.81830096
0.64726996
0.64783573
0.4095064
0.940799
0.15098573
1.0106128
0.6116517
0.65115714
1.1948948
1.0340469
0.7998346
0.5775034
1.055129
0.8679555
1.0372928
0.7794633
1.0882925
1.1057568
0.36987776
0.36196002
0.5823867
0.9850969
0.10232264
0.5587262
0.5465444
0.5621836
0.5535236
0.60791665
0.16522303
0.83954895
0.8607799
0.7735744
0.437125
0.5765638
1.24186
0.46349528
0.37904316
0.25544953
0.3373814
0.7823203
0.56617534
1.2089221
1.1556772
0.87668985
0.8272259
0.7591762
0.26348877
1.0028621
0.33578587
0.6519521
0.6650666
1.2287791
0.77204484
1.3936948
0.55014753
1.0622256
0.66963893
0.8952431
1.1698569
0.42877096
0.29625985
0.5795139
1.270525
0.6335369
0.9543824
0.7405462
0.92652726
1.3523134
0.85700345
0.62264663
1.1583052
0.7286637
0.25297594
0.58198565
0.19718486
0.64340013
0.2914944
0.99507743
0.57534176
0.92751473
0.67087805
0.74384564
0.5660705
0.42412975
1.019819
0.6230065
0.43510935
0.9201063
0.72031873
0.60707015
0.7887242
0.78563213
1.1585393
0.5759474
0.93286365
0.5978719
0.5715
0.5530001
0.3749633
0.27264556
0.62068903
1.0066019
0.93501043
0.31114706
0.7206635
0.63637406
0.467526
0.7007387
0.4448348
0.9794044
1.1035963
0.5637193
1.1230141
0.90132415
0.60488856
0.72271085
1.2993852
0.3614853
0.7885833
0.9909825
0.7147099
0.60803866
0.946418
0.9352524
0.5517126
0.8932175
0.34195057
0.63026655
0.39439783
0.98571455
0.78533757
0.51611304
0.54495716
1.109282
0.69748354
0.9641183
0.8272933
1.2579107
0.8963998
0.9643683
1.0439649
0.9163107
0.8639535
0.8703741
0.4602945
0.7210017
0.598295
1.0506309
0.6718005
0.89158064
0.65066797
0.98559386
1.1698256
0.38530475
0.51715165
0.93945825
0.5523924
0.33357278
0.44367668
0.7659511
0.7389082
1.0773998
0.21243484
0.67492783
1.1088233
0.30567932
0.93659264
0.5895201
0.53061783
1.0821121
0.40459907
0.38433483
0.7732946
0.5468409
0.8413008
1.047745
0.9200949
0.61730605
0.57719064
0.95243824
0.47134906
1.3970091
0.4554122
0.51652366
0.7829772
0.87712073
1.1623576
0.63169897
0.7633527
0.7684384
0.69504553
0.76207906
0.6699399
0.90683347
0.8858083
0.2894507
0.65792006
0.7468918
0.8059792
0.18312788
0.5251015
0.57628787
0.50434506
0.35653543
0.95473534
0.2572578
1.048235
0.9908679
0.7447845
0.42071888
0.6251147
0.23842084
0.47418794
0.6886335
0.53968924
0.20830932
0.69518054
0.6735571
0.5813309
0.7929474
0.61979926
1.1683718
1.0162213
1.3820534
0.77484363
1.1584408
1.082562
1.0854435
0.41287953
0.29086536
0.7278772
0.7697662
0.17848799
0.7291241
0.25467947
0.8552652
0.56345767
0.7871216
0.5877354
0.3983011
0.78453964
0.10694003
1.1269213
0.95909816
0.7147946
0.85493875
0.21424098
0.77595884
0.8842936
0.7996676
0.48612002
0.8580246
0.7021434
0.45357034
0.26965782
1.1229057
1.019381
1.0659633
0.5665509
1.1105931
0.6143785
0.62676066
1.2293384
0.3181865
0.466194
0.7471339
0.30849054
1.1028627
0.73120916
0.4204708
0.66930014
0.5461209
0.685434
1.1308161
1.2467566
0.9012256
0.8254154
0.66942793
0.8598248
0.5918515
0.5040954
0.69675946
0.83814996
0.76782537
0.6415786
0.7054704
0.6718581
0.4581496
0.8989354
0.4138831
0.67223895
0.7235579
0.41852957
0.9307509
1.4585207
0.67894495
0.7721742
0.54979753
0.454554
1.0165801
0.51991564
0.48608157
0.4572649
0.5130283
0.39383703
0.5531718
0.4156305
0.36338773
0.3306441
0.57779974
0.9377839
0.45024025
0.60731393
1.0204495
0.97773445
0.39747018
0.9837658
0.21537367
0.37254408
0.9410584
1.2647207
0.80295163
0.88063574
0.18572813
0.86114615
0.56898844
0.31012595
1.2529685
0.6574819
0.35641256
0.52229583
1.1176224
1.1310697
0.8722843
0.6244756
1.0533408
0.46583277
0.6967401
1.1402621
0.96695805
0.30695084
0.69374716
0.87559366
0.8423483
0.46465296
0.5837471
1.0773317
0.6533733
0.48636943
0.3717814
0.80441546
0.84400946
1.074439
0.24927057
0.5632401
0.8984808
0.95413107
0.79377866
0.41408172
1.2251343
0.8567486
1.0654175
0.6671414
0.6195012
0.18480717
0.9411642
0.925413
0.89198935
0.663622
0.2982094
0.77995586
1.2463042
0.3654537
0.75711316
0.98775697
0.39846268
0.80701405
0.56871814
0.8102547
0.6838404
1.2054181
1.151252
0.49595755
0.47635624
0.60262674
0.23946401
1.2974045
0.46694824
0.4110971
0.42520198
0.4849967
0.76419127
0.4943966
0.6703296
0.5795577
0.61470157
0.39794236
0.55864567
0.8859029
0.46180612
0.6590355
0.65409553
0.42559215
0.5708619
0.71243817
0.7751011
0.81300765
0.28285524
0.60793877
0.53413594
0.50295687
0.8573106
0.52405083
0.13272493
0.48942968
0.5396936
1.2046167
0.87131095
0.24782944
0.8434655
0.44192272
0.3476875
0.7331323
0.16451249
0.9602542
0.70116246
0.9322381
0.82989496
1.0552896
0.8025111
0.68391734
0.5944694
0.47549123
0.5718628
0.36061156
1.0394276
0.71089894
0.55566865
0.35021383
0.94187206
0.48710167
1.074587
0.3972447
0.14619656
0.541735
0.95131546
0.9910927
0.738113
0.2581783
0.72390276
0.7627137
0.66783273
0.6533561
0.27650127
0.7229313
0.7087132
1.0773814
0.57056946
0.34167814
0.654056
0.25287718
0.6549722
0.16701134
0.34408236
0.36667824
0.79291266
0.89850724
0.53338295
0.72831404
0.389253
0.32130656
1.2011648
0.37471926
0.7592078
1.0162343
0.6650457
0.8544806
0.6191499
0.57679343
1.2023962
0.9585752
1.0427572
0.9322204
1.2465138
0.5684112
0.19536658
1.0251068
0.74873245
0.59365076
1.2677951
1.0878847
0.6148545
0.46612358
0.66636705
0.71152467
0.5673719
0.9049767
1.2229548
0.9618443
0.406648
0.47085416
0.3475343
0.8101883
0.6469335
0.33377585
1.0100915
0.5949921
0.72979146
1.1855936
0.4358767
0.7623053
0.52226067
0.65908664
0.9622283
0.5441801
0.44459045
0.5605396
0.8211444
0.8949476
1.0226423
0.472756
0.79948986
0.8680387
0.69168407
0.68188095
0.8253976
0.8933603
0.2712386
1.0418127
0.06600566
0.4051782
0.68515474
0.30888823
0.9430975
0.42230698
0.8409837
0.9876791
1.0434529
0.6511491
0.28081998
1.0207262
0.27203962
1.1722164
0.3433527
1.0594946
0.5983646
0.44466132
0.8822087
0.966337
0.7172953
1.0508792
1.042105
0.71086663
0.9964997
0.5107649
0.5775237
0.7077984
0.54002553
0.6297178
0.721373
0.38168845
1.1098638
1.1884682
0.46824855
0.4701185
0.7563714
0.7596839
1.0270841
0.8944203
0.44059932
0.7366083
0.51179415
1.0748003
0.67096055
0.5526834
0.41805986
0.64645064
0.71818084
0.93832034
1.1093647
0.7978313
0.659685
0.8455248
0.9158048
0.90196735
0.47354352
0.6106971
1.2056344
1.0537919
0.5946276
0.8048486
0.77307576
0.58978987
0.8746438
0.5788195
0.4159844
0.66697884
1.067883
0.47401726
0.8137367
0.4207498
0.32101238
0.61709625
0.4615696
0.843137
0.6760872
0.79824364
0.6103013
0.65632623
0.8508007
0.9722909
0.6712973
1.0859526
0.9367077
0.81528187
0.49661776
0.8320499
0.61397344
1.0898824
0.7555172
1.1021733
0.95547664
0.5632327
0.6042104
0.09439389
0.70775133
0.85573447
0.45142666
0.6179294
0.80768675
0.33078957
0.60730124
0.99583274
1.0111786
0.61936283
0.402115
1.218512
1.1428732
0.6108967
0.3826902
0.5314914
1.0843945
0.6618555
0.61571664
0.42139187
0.62198836
1.2928892
0.37259328
1.0795296
0.9253196
0.5289184
0.8158716
0.84134936
0.54213494
0.7591455
0.62464726
0.57042336
0.63537675
1.090524
0.68420964
0.83066285
0.5315466
0.56828266
0.530907
0.31027943
1.0911547
0.987459
0.72273517
1.2818063
0.38608927
0.6259461
0.7509424
0.6182993
0.98370963
1.0141691
1.0116019
0.79591227
0.63792044
0.68790954
0.4833163
0.98830247
0.9816237
0.93773824
0.6576076
0.9413223
0.83769643
0.6478175
0.8260234
0.69977456
0.79281676
0.5600798
0.35920525
0.7485389
0.7077235
0.9020325
0.31602573
0.7244679
0.41428545
0.48489502
1.0322661
0.67812437
0.7994381
0.9611336
0.7104122
0.58109677
0.6742501
0.5217566
1.1455384
0.9831895
1.102894
1.1220769
0.59815806
0.5782665
0.7351462
0.3812259
0.24216367
0.32605454
0.8922063
0.45544493
0.34767866
0.50596106
0.3502761
0.54272324
0.3366783
1.1346922
0.66050684
0.65662575
0.28312263
1.0791684
0.75336623
0.8117586
0.9012991
0.67667335
0.8404049
1.0352567
0.3722477
0.9018094
1.1225595
0.5100466
0.386222
0.37276343
0.78317136
1.3149153
0.6102315
0.885764
0.69339174
0.5632266
1.24753
1.0477904
0.45633033
0.80378276
0.6076301
0.5233271
0.8608732
0.6387749
0.38590464
0.67790824
1.1148281
0.962044
0.5050556
0.40652838
0.34896356
0.8995758
0.54273516
0.67923164
0.87502813
0.95035315
0.6577217
0.7393863
1.4500372
0.44247225
1.1073042
0.8005843
0.7182989
0.15274785
1.1723866
0.46325114
0.7331684
0.58696175
0.9921635
0.72145313
1.0614157
0.18615353
0.7637374
1.0532128
0.6164935
0.9567097
0.5426049
0.7124423
0.96500134
0.7598225
0.49708515
0.30033636
0.74767876
1.1706841
0.5497137
0.5742776
1.0039485
0.90768105
0.7611828
1.1471168
0.38880068
0.57779574
0.28932413
0.34676212
1.0850317
0.8051312
0.9979661
0.77748066
0.6717108
0.7454885
0.62805754
0.49740624
1.0548464
1.2385491
0.4721118
0.76305205
0.9114802
1.0123926
0.80179244
0.37435234
1.0471679
0.5482722
0.5562368
0.38134745
1.0725874
0.6960545
0.26200554
0.49508157
0.5396397
0.8259335
0.54166764
1.0468284
0.4891931
0.62366617
0.542338
0.7123759
0.7474582
0.8925075
0.41644067
0.5547385
1.0935062
1.0893421
1.0439517
0.75890267
1.2041053
0.8624791
1.0165396
0.6417854
0.7061465
0.99559367
1.1605148
0.703767
0.38285676
0.8798027
0.4891276
0.66565186
0.54504645
0.45852235
0.55837077
0.7964257
0.5858793
1.0018253
0.71236646
0.7002076
1.1539943
0.7385769
0.37944567
0.8689787
0.85945123
0.30095577
0.6813036
0.85878974
0.48717362
0.7656378
0.9581453
0.40269715
0.8797084
0.35810426
0.91416955
0.37637892
0.9746602
0.9172867
0.5964002
0.3891923
0.7078495
0.6081333
0.8721508
0.9398897
0.7228714
1.0326118
0.59345174
1.0719278
0.35886353
0.96496785
0.7820676
1.2847029
0.9274147
0.5711746
0.4743721
1.0893021
0.7883647
0.9265975
0.3618758
0.83696723
0.5652489
0.7691346
0.6805541
1.0300484
0.84929615
0.5447504
0.50021833
0.7751637
0.9449576
0.55978227
1.0556146
0.26973325
0.8172163
0.14810543
1.2627687
0.78740364
0.48862115
0.7852628
0.82484084
0.9677182
0.5800511
0.95674014
0.6225587
0.44374093
0.71404064
0.63169855
0.7155725
0.9939916
0.20132603
1.0583007
1.0702419
0.42455748
0.78868836
0.6428459
0.6245101
0.4378001
0.3107738
0.5010511
0.8053578
0.85487586
0.60778856
0.21713229
0.36086556
1.005482
0.42389324
0.6006097
0.46501353
0.49875736
0.92028385
0.74915993
0.3915393
0.9939601
0.92293906
0.45168313
1.1479276
0.6741221
1.0231308
1.3049788
0.7267677
0.95787436
1.2295521
0.62174654
0.8274408
0.9767959
0.8054493
0.25662833
0.3784125
0.2974694
0.89621305
0.79005814
0.41743815
1.0247692
0.6703155
0.8838534
0.9528958
0.2618039
1.3062996
0.86631876
0.9774166
0.47380018
0.38600737
1.1158166
1.298101
1.106376
0.5028234
0.9981808
0.53508866
1.0741503
0.6926577
0.34417188
0.93980473
0.41055816
0.46765268
0.9182384
0.89896566
1.1694067
1.1162575
0.67368984
0.38118324
0.5973346
0.9249808
0.85443074
0.37943482
0.9174483
0.7497464
1.1422789
1.3841176
1.3939595
0.5165303
1.0003532
0.52385676
1.0631579
0.8463936
0.32123291
0.86326253
0.7390192
0.42273933
0.80605984
0.4379535
0.7063585
0.78714854
0.18185952
0.46345007
0.8458116
0.6382105
0.56387365
1.05169
0.7266705
0.5680396
0.49739772
1.228416
0.39878237
1.0608046
0.8812244
0.6915821
1.1901884
0.80774456
1.0346051
1.111293
0.8537106
0.80672246
1.0310661
0.52064323
0.6906626
0.67774725
0.90607035
0.6815093
0.3619183
0.77831244
0.7235082
0.8610295
1.0123591
1.2258888
0.562397
1.2320597
1.0965672
0.6663824
0.40907532
0.688386
0.8090648
0.4020215
0.5509773
0.7962284
0.49365455
1.2020736
0.5480653
0.8323131
0.2725711
1.1279027
0.5112902
0.89943105
0.51369375
0.92762613
0.79725605
0.7205472
0.523873
0.39046237
0.8962811
0.38701448
0.6308529
0.5407128
0.42139968
0.49636933
0.6672256
1.0151769
1.1724333
0.4467282
0.5861622
0.8285073
0.4698771
0.83041143
0.6991581
0.9298793
0.49273822
0.88194793
0.2368248
0.74276423
0.6099431
0.8847882
1.0754808
0.83494914
0.4865536
1.0840313
0.764424
0.79526347
1.0803636
0.49234268
0.6629564
0.98693246
0.6586533
0.45630735
0.9007592
1.2426848
0.65480477
0.767478
0.80691844
0.12013921
0.36601847
0.35327557
0.8999441
0.41208923
0.17617354
0.5949854
0.46640068
1.2540745
0.36589193
1.0362902
0.8192999
1.0910538
0.7106622
0.38556796
0.33446792
0.8484504
0.71705455
0.8659849
0.8232416
0.6776982
1.0737875
0.5237881
0.35324118
0.8139766
0.83795077
0.8726775
0.15844157
0.7663575
0.8459274
0.6572544
0.7008156
0.9133466
0.54573494
0.71765405
0.58656174
0.35308212
0.56994915
0.42484233
0.3093565
0.9673921
0.94189566
0.42639074
0.8863337
1.2693467
0.6054634
0.6749925
0.64405197
0.88996994
0.6482361
0.8582918
1.1156116
0.41318476
0.32868466
1.014097
1.0176018
1.0745695
0.9094319
0.6479494
0.74825823
0.6985087
0.8004836
0.3458826
0.7956638
0.84299994
0.513875
0.84426284
1.0391442
0.87166744
0.90873474
0.3377861
1.1770434
0.7015173
0.41326398
0.89540523
0.7250806
0.515394
1.3332433
0.5637708
1.2672647
0.48814332
0.44928023
0.9088173
0.8556217
0.38818115
0.7311877
1.0112455
0.5407377
0.88584185
0.4542961
0.3691561
0.6230325
0.97041
0.2613854
0.6105357
0.94682807
1.1731604
0.3321766
0.7512012
0.5017307
0.35635176
1.0202377
0.38634348
0.6743242
0.35473433
1.1716337
0.35774866
0.934428
0.70425177
0.7200271
1.1032554
0.46127892
0.7857147
0.7994095
0.97857153
0.867125
0.9789417
0.44701892
0.21444514
1.1234787
0.6698728
1.1004621
0.3402443
0.43017364
0.48445395
0.7036257
1.2080986
0.51702154
0.7895683
0.6032147
0.6974266
0.37527898
0.30987412
0.7266894
0.71066576
0.43454292
0.7130067
0.36624932
0.84428525
0.5050024
0.72090065
1.0099248
1.0059463
0.6649466
0.4358947
0.58906615
1.1655356
0.8194611
1.1380762
0.3346411
0.20276237
0.5466848
0.25904912
0.80885583
0.67837286
0.8919725
0.74043065
0.67715377
0.8922799
0.85016954
0.4896152
0.63178635
0.5497528
0.5546384
1.204725
1.0940638
1.2249483
0.7925203
0.20549954
0.6857043
0.62827826
0.49368757
0.38057774
0.810586
0.5515865
0.69495386
0.62673765
0.6538374
0.84704876
0.7056802
0.74863744
0.53661877
0.6852626
0.69127053
0.7171948
1.016778
0.06460914
0.94310975
0.81407475
0.9869839
1.0019594
0.8132781
0.88805217
1.022824
0.95414793
0.50191563
0.71224594
1.0562559
1.0420632
0.525355
1.0080903
0.3901116
0.889742
0.58843255
0.21463358
0.4916744
0.5661953
0.65426046
0.2875827
0.63796896
0.68782854
0.6819973
0.496045
0.8732493
0.97331756
0.93919426
1.1050824
0.74233466
0.9197368
0.5531098
0.60219836
0.32913196
0.33077294
0.9620833
0.6821231
0.7112389
0.9268612
1.0082746
1.21317
0.4799465
0.5494866
0.8048183
0.36440614
0.46637785
0.511132
0.7439857
0.77780354
0.8303174
1.01429
0.3862398
0.9784397
0.9290703
0.46777228
0.15466887
0.6176517
1.0497682
0.26940253
0.61745626
0.3888138
1.1800252
0.44935888
0.61999667
0.1907329
0.48833874
0.6947821
0.9581607
0.40137765
0.9868583
0.30111822
1.1014618
0.79315525
0.9821621
0.5869154
0.6032997
0.36689222
0.63911265
0.6994183
0.21274605
0.40478578
1.1954874
1.0450054
0.69568264
0.8472933
0.97805274
1.012932
0.6552084
0.97251487
0.69596547
0.8912561
0.74575007
0.8512612
0.7040479
0.59149337
0.55351067
0.9372396
0.8109041
0.79605454
0.39204624
0.6527458
0.82353055
0.26097202
1.025765
0.33530074
0.92757314
0.60520023
0.6149568
0.17182851
0.93156666
0.7327198
0.37729862
0.7439821
0.8473123
0.923924
0.70998806
0.56847554
0.31622523
0.9616538
0.68162674
0.52375346
0.8804706
0.89985394
0.7030643
0.37779123
1.1312901
0.6933647
0.18541715
0.8951602
0.7585108
0.564078
0.6914381
0.8803869
1.1973298
1.0408025
0.76775664
0.6851297
0.85834455
1.0263404
0.8329309
0.4935375
0.8167802
0.5547089
1.0266442
1.1130528
0.49299738
0.6207301
0.8113595
0.43961966
0.39897174
0.8331707
1.0052938
0.53036845
1.0716811
1.3249556
1.0140225
0.64564073
0.9519246
0.7088277
0.94091076
0.29091352
1.0042937
0.6323853
1.0757605
0.5129376
0.496849
0.44091156
0.7937843
0.38400817
1.2854629
0.70800775
0.88865805
0.9957501
1.0321954
1.13865
0.92240363
1.0668159
0.6681388
0.5650983
0.88512295
0.73614687
0.8010184
0.73109984
1.2064441
0.8282252
0.43703017
0.47977757
0.50977176
0.32105532
0.3900176
0.45816427
0.6758722
0.64077127
0.8205709
0.7893946
0.6208316
0.665204
0.7937953
0.60928184
0.66431206
0.5416298
0.5007641
0.57619804
1.1325623
0.92648774
0.8131956
0.75502115
0.47456214
1.0892004
1.1251647
0.99561745
1.1935157
1.041113
0.8461375
0.25693733
0.7352383
0.8970944
1.0405712
0.7999782
0.88317615
0.7049244
0.37676215
0.5504145
0.47157663
0.714351
0.56664354
0.9552149
1.3561525
0.71002865
0.7699211
1.0722557
0.47953984
0.3773743
0.6361144
0.791275
0.6373033
0.88564134
0.5692097
0.7200356
0.35399076
0.6653068
0.42883113
0.75251657
0.46186388
1.0665421
0.47246298
0.8678164
0.9879428
0.5944589
1.0628452
0.89421386
0.91055894
0.8696659
0.10760581
0.32935995
0.6535335
0.77853286
0.9520214
0.64116734
0.94296837
1.0896282
0.4936846
0.90213656
1.2586823
0.5591405
0.5541597
0.7061206
0.6935223
0.45341963
0.8542093
1.2935323
0.97580606
0.52179646
0.5654332
0.75509423
0.72474056
0.77236587
0.90991634
0.73494333
1.0823026
0.52424604
0.88853765
0.9582525
0.63010937
0.47587746
1.1926965
1.0149527
1.2079302
0.7160214
0.43310645
0.6910832
0.6361155
0.48517692
0.87904024
0.68727976
1.150119
1.042332
0.38621596
1.0924693
0.6922065
0.32734382
0.84831685
0.5227131
0.59949034
0.881838
0.38120124
0.38699633
0.55161035
0.73739505
0.57085514
0.6740278
0.31431007
1.0989563
0.33026925
0.56401575
0.14552064
0.81369704
0.8273074
0.50049055
0.60213006
0.6891193
0.9065546
0.9186579
0.6490697
0.4105224
0.82993025
0.5860031
0.6343144
0.866387
0.7788634
0.16098619
0.762171
0.92629683
0.6150932
0.54600036
0.5793889
0.96316665
0.3752485
0.8307671
0.61174995
0.35654232
0.56899947
1.258461
0.6892743
0.4204036
0.85781527
0.77745163
0.9824209
1.2415158
0.53222626
0.98681915
0.28821233
0.9775423
0.9021267
0.81619984
1.1206577
0.93556607
0.6259406
0.55283415
0.9008199
0.88783175
0.27924773
0.7374995
0.7985881
0.3313342
1.1784402
1.364819
0.2321108
0.916721
0.38498685
0.7877615
0.4000424
0.81968564
1.0435716
0.51923347
0.33635187
0.95108885
1.0160044
0.9316828
1.2371976
0.90800536
0.92263544
0.7505003
0.51235026
1.1311823
0.61626834
0.63005674
0.8350112
1.0160685
1.0733234
0.516942
1.0908893
0.9338885
0.72379583
0.5123024
0.04016538
0.22892302
1.1183851
0.8133824
0.9441578
0.41909918
0.6092829
0.43486607
0.44837806
0.71781737
0.36980227
0.8668146
0.6222423
0.76728624
0.63498163
0.46414667
0.6683433
0.5722113
0.6585154
0.45329696
0.6026054
1.0031503
0.38277614
0.41444287
0.377035
0.92545086
1.128548
0.5504785
0.75306076
0.7102818
0.47816545
0.53964806
0.38249287
0.5348908
0.77756
0.8053051
0.6338762
0.32079622
1.1806821
0.5884912
1.0494541
0.5467198
0.6034592
0.81454635
0.9493684
0.74074984
0.75850946
0.7232614
0.73237175
0.9785485
0.78234076
0.7097243
0.7400493
0.62562436
0.88385624
0.64862394
0.28170794
0.20618494
0.6219267
0.3714584
0.41891596
0.6728362
0.6705145
0.6552661
0.47152773
0.8260556
0.81244034
0.48139605
0.86027324
0.67000556
0.21071687
0.4313713
0.38453266
1.0729443
0.42944705
0.41368118
1.0060753
0.5702164
1.0417609
0.33160934
1.3160431
1.0631598
0.7331529
0.6337317
0.7533317
0.4199429
0.4123355
1.0096551
0.2462885
0.6788357
0.76998204
0.9658255
0.7371379
0.7667828
0.64321053
0.43119165
1.0014956
0.8783997
0.56237054
0.3687493
0.6089795
0.2593938
1.0442518
0.7642887
0.5758369
0.68329954
1.1981239
0.96831274
0.82995415
0.40783226
0.6157073
0.993761
0.53147167
0.7395498
0.6521967
0.9384769
0.16801041
0.99351156
0.7084098
1.3162597
0.5696426
0.4418886
0.6809108
0.69509655
0.67076
0.5944541
0.66099375
0.5816028
0.77110934
0.58780926
0.513458
0.8554692
0.5319832
1.2230955
0.3909565
0.7976189
0.941688
0.6691037
1.2534732
0.8566373
1.2589355
0.33180568
1.0255682
1.0169203
0.6958817
1.0202566
0.6785587
1.1160138
0.68366337
0.37572652
0.6135234
0.88928455
0.8833175
1.0749063
1.1240987
0.37045836
0.7693523
0.44175458
0.31146282
0.73473656
0.72941315
0.78973764
1.0891083
1.25279
0.71546793
0.68860006
0.83022934
0.9840742
0.6694596
0.8519361
1.0847589
0.6863116
0.26706508
0.42523992
0.96129555
0.48759964
1.1686304
0.54853153
0.66856205
0.416729
0.71391124
0.9271862
0.8789053
0.86898214
0.85567564
0.719822
0.88117087
0.7476974
0.62871844
0.5901909
0.72780657
0.6828165
0.5486128
0.76649964
0.73006487
0.90207696
0.9784371
0.4261525
0.8779567
0.4136217
0.8254705
0.77018666
0.2521126
1.2073776
0.38646978
0.572676
0.5955412
0.7983942
0.3663049
0.64947176
0.36577892
0.7468458
0.71884584
1.005631
0.45745185
0.92689466
1.1063867
0.30741295
0.50610006
0.16352855
0.94293475
0.6934862
0.5306766
0.56478846
0.3049468
0.5816993
1.1212239
0.67078495
0.31367087
0.9644301
0.84794223
0.06322076
0.7639898
0.6194261
0.6295385
1.1030223
0.78472364
0.9281639
0.49080917
0.6868048
0.8296264
0.8921165
0.410263
0.6746605
0.81318855
0.9177121
0.30752963
0.85475665
0.6595288
0.12822118
0.55347043
0.52415764
1.0834839
1.3716155
0.90570855
0.7647924
0.83580583
0.73244363
0.72713745
0.94292855
0.62948066
0.9155242
0.829697
1.0461849
0.70993936
0.5627324
0.6003034
0.7233391
1.22739
0.7134061
0.15803288
0.6504769
0.672748
0.8361201
0.40569234
0.68456817
0.5317413
0.37020966
1.0465628
0.7317769
0.70190436
0.75751454
0.43416315
0.27578825
1.0291582
0.72509146
1.2943494
0.32899946
1.0365186
0.6029896
1.106425
0.48795465
0.9898203
0.68610895
0.4448068
0.74380744
0.7909755
0.47764364
1.0381753
0.3494089
0.27924573
0.80581135
0.7024271
0.82912666
0.36730582
0.9548187
0.47187558
0.6629899
0.99356556
1.1536103
0.41879943
1.0998756
0.28968132
1.1957189
0.45164308
0.47202381
0.18530974
0.7295041
0.63568497
0.26516825
0.56506807
0.4869778
0.96960896
0.5985004
0.4754285
0.6751032
0.80306983
0.7932376
0.51941264
0.5484969
0.81992453
0.6540397
0.78756744
1.1539026
0.67623675
0.3216703
1.0844195
0.58459145
0.7618781
0.37846535
1.142452
0.7390492
0.73962075
0.5795393
0.74153256
0.2544073
0.33624068
0.62641567
0.79846746
0.46657148
0.71332496
1.0346239
0.8344056
0.8003552
0.9748098
0.586175
0.7492584
0.6418684
1.097415
0.8182117
0.7671907
1.0607294
0.8805883
0.37540984
0.56703967
0.5571118
0.565851
1.4259905
0.47797537
0.9884355
0.37007183
0.76040876
0.6515849
0.8135606
0.20645943
0.73017216
0.8454123
0.50088686
0.70481086
0.624455
0.8734534
0.5042119
0.4847657
0.4435088
0.860092
1.0795379
0.8744113
0.5461499
1.3709308
1.0083371
0.3344485
0.97476035
0.63641846
0.60365015
0.920532
0.77323014
0.97300124
1.0517186
0.5282468
0.26474306
0.4031803
1.0102572
0.7891796
0.75430816
0.6387956
0.7795328
0.40657318
0.59624404
0.43976435
0.90734094
0.54895633
0.74229294
1.0361829
0.4569429
0.5225206
0.25303212
0.9223118
0.97064143
0.8753629
0.63057363
0.61916745
0.80503595
0.5043785
0.87112576
0.07041755
0.97356653
0.73680866
0.57171565
0.79645056
0.71228653
0.39421403
0.2865326
0.76506317
1.1024688
1.3514117
0.8007396
0.6735144
1.2377554
0.17750002
0.5928855
0.78919375
0.57693654
0.6649532
0.6989089
0.67312884
0.9819632
0.61773574
0.4501683
0.6223589
1.1798246
1.0247968
0.77386403
0.49648103
0.5309901
0.8848548
0.74713886
0.5465235
0.6152226
0.6798256
0.74323815
0.7284833
1.0454819
0.8745343
0.7869885
0.84012944
0.79255575
0.52446073
1.1457953
0.57203835
0.8657296
0.71138406
0.9528564
0.4675189
0.8213044
0.75839853
1.1977834
1.0694357
0.67468786
0.40822026
0.8644408
0.63492227
0.16622561
0.2954641
0.7649878
0.5626016
1.0209732
0.94074637
0.7200908
0.7739203
0.8198898
0.56146437
0.8741726
1.074513
0.36760247
0.39785984
0.7396822
0.77961075
0.53714055
0.7139848
0.89663935
0.30204615
1.0786844
0.67295533
0.8210272
0.7359187
1.0090237
0.55733395
0.74766743
1.0660428
0.7737654
0.3427289
1.0353695
0.9550615
0.4341116
0.7421351
0.6269245
0.82931936
0.9998264
1.2026713
0.5510829
0.77275264
0.55530196
0.5085357
0.6902478
0.9237763
1.0586455
1.3015803
0.73837185
0.53995275
1.1115446
1.2200257
1.1934248
0.32416
0.5807856
0.40373555
0.6422958
0.7086107
0.8923216
0.6530089
0.56467223
0.9660464
0.8028108
0.41305968
1.1414957
0.26107934
0.4040287
0.70179814
1.0214092
0.75755453
0.2812843
0.841722
0.4048937
0.6402677
0.34906176
0.6325144
1.0725687
0.43279195
1.1251723
0.83477813
0.9241839
0.7374068
0.48691252
0.67008376
0.7313405
0.672415
0.50539047
0.8453417
0.94075996
0.4508487
0.9177549
0.6572729
0.8369014
0.50604033
1.0770242
0.40805995
0.72501826
1.1865318
1.1629004
0.7696097
0.5965355
0.5669658
0.6242875
0.61796016
0.7439119
1.0401213
0.61135733
0.8250757
1.3088982
0.25492662
0.48668188
0.83746904
0.6031286
0.9602435
0.7393328
0.9196693
0.68669635
1.0553011
0.4648593
0.5815791
0.60317177
0.31607068
0.98179287
0.46844292
0.5541371
1.1657228
0.63351333
0.40123874
0.8080879
0.5275315
1.1576785
0.5623897
0.7807758
0.5679017
1.0937848
0.8458582
0.17374767
1.2727038
0.6297073
1.0551962
0.7204751
0.572029
0.89359087
0.5147403
0.4862683
1.1418028
0.6650686
0.9695646
0.75647265
0.4498186
0.8191098
0.37211522
0.7446562
0.91770554
0.23852558
0.59118134
0.7235896
1.0714481
0.9880413
0.80033386
0.5428188
0.7351328
0.7692755
0.63940734
0.49108022
0.9411769
0.8436546
0.72655046
0.5238748
0.8329912
0.9677527
0.8931351
0.7210406
0.9337179
0.6537517
0.76369995
0.9174456
0.8488918
0.8456194
0.68057215
0.55865693
0.25777772
0.9458886
0.96083355
0.60029566
1.2838719
0.69988537
0.2584699
0.13908578
0.765544
0.37530538
0.83638674
1.0260341
0.7676047
0.5702306
0.63243425
0.8260018
1.2798434
0.32872346
0.3452873
0.8251417
0.8595733
1.180755
0.4079647
0.5433678
0.74045736
0.6835653
0.54682726
0.83394706
0.6403689
0.5781101
0.92946565
0.82344276
0.39919645
0.99804294
0.9276972
0.22945316
1.1335824
0.6623745
0.20426624
0.8902933
0.29356587
0.8318321
0.7338617
1.0890726
0.5065337
0.9548951
0.63528836
0.42857942
0.3684301
0.43198842
0.4366102
0.68190885
0.66371036
0.7229345
0.4454791
0.95981705
1.1375746
0.4263038
1.351611
1.07634
0.8723966
0.7585814
0.60807544
0.4821313
0.15191665
0.7802611
0.6463838
1.0797595
0.6457911
0.6055635
0.725641
0.4097903
0.8174406
1.144604
0.29771915
0.7459716
1.0164071
0.94929194
0.8008312
0.981105
1.1381685
0.65716004
0.7398905
0.79628193
0.28473774
0.5976943
0.7125562
0.6910356
0.5487726
0.40402216
1.0760627
0.7266397
0.41031665
0.5722894
0.5519496
0.40935358
1.0046065
0.6350687
0.44943398
0.72904754
0.22843921
0.2540388
0.27293956
0.6219322
0.6446473
0.42587435
0.3306712
0.66623884
0.6686178
0.37834132
0.95226693
0.6095158
0.5837137
0.71493286
1.1977111
0.8202626
0.72046155
0.5151102
0.8599633
0.78742653
0.78301185
0.5084502
0.11952791
0.4561575
1.0776135
0.68215185
0.96511704
0.5833414
1.1177474
0.56969273
0.61223745
0.89423364
0.97211486
0.89283365
0.7484053
0.8121635
1.0069779
0.3646934
0.75381166
0.802811
0.36808324
0.69562745
0.5662063
0.7671315
0.38936716
0.3280534
0.3744032
0.52063745
0.6199613
0.48375392
0.40181568
0.75859
1.017077
0.6043284
0.83969784
1.0877144
0.54763556
0.18377057
1.0580844
0.7758472
0.2065089
0.7710097
0.42807668
0.79802895
0.66812295
0.7007072
0.75285476
0.37170154
0.24384736
0.48225158
0.620145
0.47690344
0.7364176
0.36445
0.60941297
0.83327264
0.3689616
0.61204046
0.5922509
0.78163487
1.0290664
0.9595772
0.7540045
0.82311636
0.37498865
0.69333434
0.73498553
0.34624577
0.71727806
0.81388295
0.5978953
0.65256494
0.28106344
0.8587104
1.0009007
0.7574985
0.9614462
1.0104437
1.1114255
0.6980972
0.744536
0.29771206
0.8489137
1.0776109
0.9375741
0.4408672
0.40059963
0.3938843
0.6163514
0.56450665
0.6927666
0.6242832
1.06465
0.7574779
0.6397597
1.0236208
0.46944445
0.27407998
0.86653847
1.1223243
0.7833136
0.6265896
0.5751239
0.29510054
0.78066164
1.2204059
0.7115378
0.77972335
1.0040163
0.71524686
0.87625
1.0510174
0.7759161
0.5630974
0.66616404
0.73902786
0.56595045
0.79326725
0.48899335
0.68477273
0.4528368
0.44421077
0.77374846
0.6236134
0.41085976
0.50947124
0.18421756
1.0186313
0.50837123
0.6149761
0.68624794
0.37240222
0.94716394
0.59089786
0.30455554
0.8690275
0.57946116
0.73284477
0.8568836
0.53023064
0.86565787
0.98708445
0.32314324
0.58793664
1.0035491
0.6154313
0.25082645
0.43966043
0.4923814
0.82366025
1.129286
0.88394743
0.9294934
0.53027594
0.9699774
0.58372283
0.43533605
1.0962874
0.4628769
0.60247123
0.3971516
0.34665552
0.67430395
0.7844527
0.76670164
0.7067514
0.8229964
1.2506521
1.1360972
1.1923939
0.72938234
0.82124895
1.1595476
0.89133304
0.9917482
0.6082234
0.59371006
0.8896826
1.3882997
0.245245
0.700411
0.14556544
0.9197008
0.32850498
1.0494967
0.9274119
0.6266187
0.5369044
0.81867
0.8170594
0.6332905
0.8818702
0.50732565
0.9431781
0.92405313
0.5682352
0.40646878
0.8513533
0.29676017
0.41863182
0.75563335
0.9003006
0.9027171
0.71526456
0.27645144
0.832904
0.41776308
0.5917354
0.6439215
0.6720807
1.3238454
0.7041609
1.1250895
0.86910045
0.9195984
0.8728978
0.51891935
0.5206996
1.3120422
0.95218
0.9159199
1.101706
0.76949877
0.6713652
0.66971374
0.61698556
1.0330601
0.0423273
0.5067024
1.0715221
0.41065848
0.46082917
1.202823
1.1464483
0.8776487
0.45902988
1.1523879
0.55968523
0.6866749
0.63581777
0.93428504
1.0453433
0.85266197
1.075574
0.7158901
0.08953284
0.7320203
0.61596787
0.9996591
0.31986582
0.5786004
0.78783673
0.5931127
0.6758551
0.65188813
1.2636813
0.7909353
0.6543232
0.5930231
0.6676361
0.7421491
1.3692629
0.39192817
1.1100496
0.96595746
0.59200686
1.0085917
1.1351762
0.94972396
0.81367385
0.4083027
0.6965602
0.649022
1.1641846
0.65453696
0.8082408
0.98936313
0.7103414
0.52369905
0.696349
0.93894196
0.85111713
0.889277
0.25816715
1.4117899
0.58504945
0.11625889
0.44683397
1.1485744
0.79353344
0.44803536
0.74126494
0.65197974
0.5717113
0.66272557
0.542346
0.94211006
0.46501514
0.70193344
0.8082346
0.56569767
0.58790326
0.26790145
0.1975594
0.7846061
0.7023406
0.5128562
0.9854994
0.5309752
1.1302084
0.862628
0.28257772
0.14220235
0.79831386
0.5639048
0.9818322
0.5247495
0.92324775
0.7530779
0.9950709
0.6635159
0.8536248
0.56443024
1.0978955
0.66115546
0.5465008
0.7548385
0.4274627
0.42871293
0.9917701
0.39653784
1.2268333
0.68813264
0.57942194
0.9123858
0.9546375
0.76376325
0.55228597
0.7912495
0.7503304
0.59026814
0.88026226
0.76592374
0.550822
0.84303814
0.36888686
0.7987089
1.0319517
0.48436934
0.9507106
0.8725163
0.61065876
0.73839825
0.36598748
0.63318944
0.46757245
1.2972779
0.6831695
0.6349112
0.8352213
1.0106791
0.41848674
0.6321901
0.46498504
1.1440411
0.49380574
0.2999586
0.9858594
0.6700633
0.37018546
0.73885137
0.65901744
1.2782674
1.232506
0.31687924
0.5832001
1.0815363
0.6451234
0.5019757
0.6658612
1.0233186
0.79718894
0.90126485
0.94572055
0.7742914
1.3565147
0.56461984
0.9654717
0.8112426
0.67830795
0.7922505
0.69188637
1.1253906
0.4186602
1.0068682
0.79676586
0.74190444
0.63655066
0.7205458
0.74373966
0.6084298
0.6285891
0.45303458
0.5692647
0.6652513
0.9503146
1.0265133
1.1588303
1.0693738
0.4191206
0.47557247
0.49736845
1.0264508
0.9782716
0.5784252
1.0206416
1.2638494
0.49891087
0.79357094
0.5854877
0.34868246
0.67767495
0.36680862
0.90135056
0.84967434
1.0170414
0.37256715
0.18296885
0.8144024
0.56530845
0.48611093
0.40826583
0.71299
0.9953184
0.8367855
0.4107294
1.2873226
0.75687534
0.52624196
0.6794884
0.54174626
0.6530143
0.9390957
0.9689006
0.5334656
0.79787534
0.55029625
1.1920503
1.0318971
1.2416304
0.8679192
0.6305163
0.14444019
0.43256557
0.5899002
0.6249314
0.1292041
0.87044007
0.18731928
0.76878095
0.8033777
0.4702875
0.25499317
0.8444839
0.51541626
1.1330076
0.70460224
0.22181898
0.42851043
0.70291716
0.37486333
1.0209202
0.25443757
0.34587938
0.17320341
0.8847368
0.6075778
0.83287674
0.6429307
0.97337836
0.7772315
0.19624321
0.779508
0.8807139
0.9430425
0.6574456
0.76071095
0.3820446
0.8562318
0.3116966
0.47666326
0.9042549
1.0274773
1.2359896
0.7753272
0.95151883
0.35458094
0.9199507
1.1103437
0.9416228
0.8328477
0.6362119
0.5314202
0.37036887
0.2444812
0.73521924
0.83570296
0.65874827
0.8187144
1.047471
0.8846196
0.6524307
0.75830024
0.47571427
0.8346469
1.0547093
0.7622069
0.8388727
0.596515
0.7617184
0.707773
0.6251573
0.8194874
0.3960498
0.7913186
0.7449585
0.7063436
0.43599188
0.45837215
0.2210801
0.565406
0.81073934
0.5319966
0.6803739
0.4111581
0.78084433
0.46127722
0.16905428
1.1973107
0.45662877
0.9004249
1.1714197
0.6082252
1.1285068
0.7727409
0.69388175
1.2115252
0.83241117
0.8211366
0.9826395
0.66470873
0.6087558
0.5512404
0.8467771
0.82588655
0.2720763
0.68909496
0.87324756
0.91538703
0.8126353
0.6658735
0.88809085
0.9498019
0.817583
0.771839
0.93795615
0.9341156
0.7672007
1.1163962
1.0521055
0.59132063
0.87575036
0.66939044
0.6431449
1.0426662
0.7170823
0.36331514
0.6220438
0.36046565
0.68648237
0.29748902
0.49489978
0.92222506
0.42768976
0.78146666
0.9833931
0.7703601
0.39351442
0.3974025
0.44009018
1.0532998
0.3696144
0.9259944
0.3684065
0.8756856
0.5999939
1.2106957
1.044782
0.51554143
0.66713023
0.5809389
0.5775688
0.6238546
0.8154544
0.52099025
0.53951037
0.83366215
0.5048097
0.5622696
0.83412313
0.90989524
0.6853003
0.7063882
0.96412885
0.7680349
0.50995755
0.43551025
0.59125185
1.0932105
0.18281955
1.0721055
0.6702338
0.7116313
0.5900936
0.8524305
1.1256416
0.49519846
0.56559813
0.70551777
1.2002995
0.29314247
0.74688566
0.8710449
1.060114
0.30076396
0.43114507
0.46588412
0.591163
0.6777523
0.3785508
0.7234178
0.6807176
0.56779087
0.52522856
0.7509432
0.6410981
0.91657037
0.7419982
0.7848624
0.30843028
0.25905937
1.179359
0.9562701
0.33747894
0.63616043
0.35914856
1.1280377
0.666718
0.61360306
0.45844212
0.6229356
0.8062878
0.743983
0.5068841
0.75278544
0.33153602
0.873771
0.66707915
0.8330635
0.6975566
0.6838844
0.6391035
0.75886846
0.9553532
0.8395659
0.85270274
0.8928633
0.38709363
0.9131007
0.77393264
0.7224644
0.6467023
0.74341416
1.063778
0.26155084
0.9897567
1.0033016
1.209159
1.0546203
0.66981167
0.7934843
0.42579067
0.62771606
0.76188856
0.56149435
0.25563172
0.23158091
0.40845346
0.5484799
0.58953816
0.8219976
0.5235863
0.7490362
0.49095324
0.58576584
0.74204946
0.91426194
0.7654125
0.9794405
0.64906913
1.1792866
0.65087104
0.3926159
1.0259436
1.0369562
0.6084831
0.7252562
0.3305032
0.65230167
0.6983646
0.38600153
0.6418352
0.38695773
0.66569674
0.73645556
0.82326424
0.47802234
0.50284326
0.2387948
0.40344152
0.9973871
0.5639418
0.27156818
0.5311005
0.6047187
0.554066
0.88488054
1.1727026
0.960966
0.50863844
0.67174137
0.5392304
0.41851598
0.67172027
0.86045694
0.7234956
0.6758172
0.976101
0.5953887
0.66004217
0.60164213
0.9505162
0.39315972
0.8132103
1.0411493
0.5669124
0.7133352
0.9327743
0.66625667
0.7817148
0.9005745
1.0330367
0.4306551
0.5045568
0.7864824
0.97284454
0.6924697
1.074395
1.0035818
0.7774014
0.79776424
1.0594591
0.81870544
0.52163523
1.0328538
0.68040663
1.0380427
0.48640895
0.8824599
0.27181333
0.7440038
0.762876
0.70417863
0.6876517
0.69824904
0.823803
0.6457228
0.3506199
1.0909845
0.3971267
0.4914562
0.69799215
0.908988
0.8624983
0.6649045
0.8760764
0.84486324
0.88719505
1.1428958
0.99073774
0.8660537
0.67280805
0.5316885
1.2351693
0.95915514
1.1661242
0.5954034
0.5652325
0.5620148
0.56925076
1.1440166
1.20456
0.99151397
0.8787147
0.92028594
0.9807783
0.5177831
0.40218303
0.7865635
0.40850776
1.1281729
0.5040795
0.57247156
1.1727103
0.37931448
0.50734794
0.5732807
0.35236028
0.816347
0.70922136
1.1055644
0.7960227
0.6232571
0.94867915
0.8309139
0.83490795
0.5419563
0.5922842
0.6038743
0.4493518
0.49340326
0.44849986
0.5021911
0.48789588
0.2848942
0.7426097
0.92952543
1.029165
0.9168495
0.7014753
0.42809308
1.0898061
0.88108623
0.3478329
0.36382395
0.44015127
0.63079834
1.0134504
0.7471472
0.59923714
0.4048126
0.6526503
0.63053477
0.8169674
0.48416737
0.50247633
0.40007198
0.59614706
1.2343321
0.7630787
0.92446154
0.44741073
0.8352842
0.6406728
0.843872
0.95732343
0.6130013
0.861395
0.98934484
0.6821026
0.37653852
0.9013127
0.79087025
0.32442492
0.92208076
0.79524326
0.93235904
0.9054532
1.06635
0.56717587
1.229231
1.1703944
1.1248153
0.826549
0.71942735
0.39448074
0.3365483
0.42809212
0.85925066
0.36534992
0.67731917
0.46847007
1.1817707
0.85093033
0.5278351
0.390944
0.59078133
0.45848444
0.2800581
1.0387195
1.2546371
0.56049705
1.041423
1.0774068
0.4545484
1.1000334
0.37758327
0.5152491
0.50874454
0.39012814
1.1652168
0.88491076
1.2748388
0.56984884
0.40299293
0.61759377
0.81851953
0.40758377
0.47738394
0.32981226
0.38494125
0.77000326
0.48771822
0.37909922
0.59768605
0.51145506
0.8413544
0.5093227
0.52977246
0.6311124
0.9556257
0.51404923
0.3894243
0.30006957
0.8284909
0.8342417
0.39350975
1.1118804
0.42592168
0.6506317
0.63348615
0.30936185
0.86022276
0.2998864
0.83605146
0.7321741
0.38379103
0.555071
0.9298602
1.0102198
0.5538277
0.62638927
0.77144164
1.1155595
0.26245034
0.5358675
0.36402997
0.76911175
0.93010736
0.88387066
0.6142571
1.434982
1.1122235
0.3056797
0.8513977
1.0449085
0.67937094
1.2574719
0.80995464
0.6268624
0.96686774
0.9182338
0.87838924
0.8229864
0.348628
0.51476663
1.0056645
0.5253702
0.39571798
0.22524348
0.57259357
0.9498437
0.3421162
0.9258309
0.6181807
0.9024246
1.069712
1.1753811
0.4259126
0.995438
0.7591094
0.7668614
0.8501674
0.7037543
0.48940435
0.8382003
0.9618104
0.96028644
0.6485266
0.4755539
0.35545567
0.8191073
0.52920765
0.34553567
0.44666848
1.2633182
0.28341746
0.7967008
0.41374806
0.8728937
0.9427061
0.46092734
0.9295678
0.5000906
0.7566209
0.651571
0.7929504
1.0975521
0.83611566
0.71935225
1.1076553
0.86075616
1.1064383
0.33981052
0.8775443
0.80026627
1.0219688
1.0458277
0.46536458
0.40358832
0.80013686
0.9279831
0.69109124
0.9866133
0.7502584
0.61296386
0.5743786
1.0433234
0.6222194
0.9344924
0.5509905
0.45281067
0.95446116
0.9956895
0.4525995
0.6965972
1.0012681
0.42341083
0.7193158
0.6343867
0.6963061
0.77689177
0.52417886
0.7421442
0.27717254
0.5436287
0.41942385
0.37269548
0.5062114
0.17537636
0.5578315
0.3731444
0.5013848
1.044583
0.42374256
0.7157883
0.5185794
0.53112835
0.84512186
0.65979767
0.2988576
0.6625337
0.55078346
0.30291066
1.0457028
0.52759844
1.0491284
0.8851582
0.9956285
0.71737283
0.63765985
0.933933
0.99342793
0.2206475
0.9552359
0.76178855
0.52584666
0.3567615
0.66622573
0.8641434
0.70749956
0.82468027
0.686682
0.8840884
0.81229895
0.5750421
0.52482176
0.8627423
0.9063796
1.2080387
1.2100555
0.650448
0.73783237
0.848992
0.24526012
0.8704586
1.059902
0.35579774
0.9724563
0.9228636
0.7897355
1.0122799
0.5893227
1.0094099
0.49099115
0.6539195
0.81982493
0.53202087
0.5046651
0.9833623
0.5415502
1.0980704
0.86153895
0.5363228
1.1452186
0.5341713
0.98902655
0.8121806
0.4799538
1.09844
0.91857016
1.017179
0.3143978
1.137528
0.8907359
0.6290436
1.0400819
0.6126559
0.9438506
0.59198713
0.7698169
0.808231
0.44784632
1.3030297
0.56124985
0.99044347
0.85699356
0.51722556
1.1216166
0.54714763
0.5774379
0.38984594
0.20685701
0.8181024
0.67179924
0.8678521
0.44790286
0.6112923
0.9365436
0.8643809
0.7731809
0.2975318
0.6521437
0.5491044
0.32558402
0.5404822
0.73897237
0.5817106
0.81239116
0.43792295
0.6969645
0.6554177
0.7986831
1.0288877
0.69692427
1.1039118
0.3438912
0.91682464
0.99779946
1.1253719
0.70403093
0.41683593
0.78557307
0.80613977
0.23976687
1.1576779
0.78095406
0.7750027
0.86360925
0.9622447
0.5896294
0.98488635
0.97100925
0.61521876
0.9391761
0.66346604
0.79303354
0.6264626
0.91899383
1.0462531
0.23563503
0.95516163
0.7728027
0.15327431
0.9869849
0.94536984
1.0495504
1.1743954
0.880765
0.47264135
1.084741
0.92031413
0.6066307
0.7568934
1.0966938
0.88168395
0.8344097
0.51805985
0.92715013
1.2050781
0.67499304
0.87129104
0.17646626
0.6791774
0.5322259
0.6318588
0.49864998
1.048341
0.64896363
1.0304196
0.57917523
0.56119776
0.072656855
1.1198653
0.57108676
0.64529705
0.78699124
0.8894584
1.0599687
0.355526
1.1234072
1.0215509
0.7631757
0.82893276
0.6948471
0.4364649
0.63072056
0.8158065
0.9742421
0.714248
0.44375616
1.0943809
0.6270777
1.068027
0.52059877
0.76056015
0.7448026
0.72012675
0.5100081
0.53036594
0.7742381
0.4290442
0.8414999
1.0537751
1.0327007
1.0779735
0.8902639
0.67220116
0.42582998
0.76625085
0.81861037
0.7419314
0.7276699
0.6838617
0.45317736
1.1546258
0.44813743
1.0744219
0.39215043
1.0846986
0.7941313
0.46278158
0.5727755
1.0503412
0.59800416
1.0233073
0.76134145
0.730607
0.7408668
1.0493463
0.56534904
0.43531793
0.71615595
0.68914133
0.72184813
0.9410082
0.42920142
0.85378486
0.43821162
0.7593121
0.50953203
0.4818825
0.9634994
1.0105007
0.6316484
0.23795158
0.7255612
0.9779764
1.2041066
1.1296726
0.9855408
0.42708197
0.30194345
0.98462224
1.1020799
0.49277565
0.3709113
0.8763139
0.80013484
0.8503438
0.38847348
0.6175756
0.5340723
0.49890095
0.8143663
0.682243
0.67001283
1.0209154
0.85937655
0.9109446
0.5247109
0.8465055
1.0748603
1.084835
0.7002501
0.79751045
0.6322619
0.88246864
1.0275571
0.51051825
0.35506693
0.76834106
0.36356142
0.91234314
0.6573665
0.61355954
0.8939887
0.49228942
0.9180609
0.54039943
0.97746575
0.35647622
0.42026842
0.32979298
1.1844482
0.52595866
0.40368336
0.5607287
0.43064073
0.58544123
0.6819875
0.28946543
0.37085053
0.7959871
0.6301966
0.9624358
0.34116256
0.39030343
1.3999811
0.80118024
0.46518287
0.52736956
0.8967283
0.33581597
0.3435763
0.82731026
0.8984728
0.61600626
0.59440553
0.48967114
0.6840976
0.84451276
0.68350387
0.25895756
1.0471418
0.42206094
0.73846185
0.7827474
0.6235282
0.38113576
1.100793
0.7146998
0.784612
0.29474366
0.20796132
0.87665224
0.49880576
0.74148977
0.7784473
0.718676
0.7070659
0.7441934
0.64990664
0.39204213
0.58148015
1.2932775
0.58333415
0.6649242
0.6490162
0.63555187
1.2117991
0.5256567
0.47007316
0.67328393
1.0041449
0.4434344
0.6854455
0.5040602
0.6822158
0.46870387
0.79437566
0.55587053
0.46325696
0.46212232
0.4693087
0.4824532
0.5797844
0.6535469
0.5489382
1.0142201
0.31460637
0.69588417
0.59456885
0.41654068
0.99779415
0.6531854
0.2605373
0.41027853
0.7865352
0.8961346
0.5820069
0.6212526
1.0290132
0.33407903
0.51300585
0.5591675
1.110004
0.4871551
0.44143695
1.0346758
1.2568649
0.7455515
1.0527127
0.7724041
0.83566505
0.41351718
0.6784786
0.3366992
0.9568106
0.85303205
0.7370309
0.21996507
0.8383936
0.942679
0.96884835
0.6687538
0.63145995
1.0028716
0.68089986
0.6944338
0.86639726
0.7899689
0.6001806
0.29501772
0.6740748
0.90255105
0.79003
0.57783604
0.6823616
0.59498864
0.3331094
0.5161411
0.9987637
0.41659144
0.8573016
0.19093862
1.1565909
0.8760433
0.46212354
0.57127357
0.6820243
0.9334911
0.9565784
0.75262976
0.93531567
0.9362615
0.7065217
0.63031733
0.49095514
0.38367683
0.9011745
0.67726135
0.2783119
0.9363422
0.71723986
0.33265108
0.5482679
1.103547
0.6118482
0.72612745
0.21263102
1.1288209
0.85938156
0.9681731
0.8425118
0.38608468
0.83439547
0.49456596
0.33731535
0.3777793
0.9554414
0.43349677
0.38383564
0.49945074
0.5422753
0.7157419
0.4899462
0.96238595
0.62531674
0.5437742
0.578477
0.8867015
1.0774965
1.0991838
0.5834903
0.7862964
0.7828004
0.24925508
0.39735946
1.2367759
0.69734484
0.8765356
0.9916753
0.81504136
0.48538083
0.80445445
0.9309994
0.5534025
1.3236927
0.72405916
0.13748994
1.0242443
0.45791987
0.85010946
0.8938352
0.7326655
0.43269655
0.6521917
0.5808816
0.41239884
0.56770694
0.6632203
0.5610788
0.94316465
0.29453912
0.81457883
0.9116086
0.29954416
1.0675247
0.63580525
0.7013818
0.22145303
1.0207595
0.94613284
0.913207
0.5692181
0.46660694
0.21349107
0.25541496
0.5933547
0.31807774
1.083224
0.68021595
0.5480765
0.62268424
0.6934614
0.9302261
1.0241145
0.7737401
0.9623303
1.3171804
0.61903024
0.7086412
0.884104
0.57398826
0.94181687
0.86823624
0.36752316
0.8489984
1.0057243
0.41838288
0.6930339
0.5637161
1.0907863
0.62141967
1.0549514
0.9087196
0.79262656
0.54898834
1.2254924
0.8740247
0.39126536
1.1809585
1.0733157
0.47613794
0.4563005
0.9544493
0.5628495
0.9910002
0.9584391
0.7590845
0.7451587
0.7477674
0.68378925
0.8979891
1.1653928
0.54824805
0.78754455
0.59980345
0.46685246
0.6797379
0.54343474
0.41175336
0.5897602
0.6183294
1.0763142
1.105752
0.26915497
0.2719802
1.1443065
1.1803796
0.89133346
0.6875668
0.5332788
0.94405013
0.7847587
0.62941134
0.9628945
0.24184643
0.59712994
1.0700743
0.5571564
0.35194787
0.3051772
0.7364386
0.19041565
1.0266666
0.8316627
0.70563686
0.6208465
0.7059929
0.31717038
1.0060188
0.9032097
1.0198709
1.0232425
0.43680122
0.77910733
0.43552858
1.1228712
0.8585138
0.77261907
0.28604925
0.7034623
0.9092778
0.88549495
0.76638526
0.5844285
0.7490145
0.2553988
0.47673908
0.37163502
0.84982324
0.7993402
1.3105775
0.7280655
0.74631613
0.5252925
0.7399299
0.7806167
0.41755584
0.5001869
0.8752005
0.84693664
0.25878125
1.3807817
0.63474524
0.6018114
0.6655016
0.5867247
1.0754453
0.8996488
0.53725606
0.38594675
0.5295714
0.5491175
0.6860805
0.7491129
0.44426468
0.6646183
0.76790434
0.49784386
1.0036383
0.4528956
1.0988241
0.8060653
0.7101362
0.66945636
0.7402789
0.30425847
0.84381217
0.27778986
0.4153642
1.0459976
1.0306381
0.85555637
0.703336
0.33151418
0.58999985
0.73227495
0.8491098
0.26977786
0.8568233
0.6255134
0.7960087
1.0150054
0.7354363
0.54729855
0.86688066
0.7539301
0.2799486
0.939669
0.78817666
0.3411769
0.84379256
0.55018395
1.3876107
1.1696074
0.4317638
0.65466064
0.5643153
0.5920646
0.3368111
1.0349249
0.68194586
0.5324512
0.956938
1.0647813
0.5470057
0.30352867
0.65781677
0.492803
0.41164398
0.24556497
0.73741317
0.93226117
0.4069029
0.9081228
0.2288507
0.59682775
0.40420568
0.35148618
0.5730146
0.75048983
0.41101176
0.40620175
0.32572806
0.96063495
0.7462831
0.46750075
0.7933701
0.6810648
1.0549974
0.18245952
0.7621531
0.70806575
1.3856386
1.323456
0.7902444
1.0303808
0.17299677
0.9555212
1.122084
1.1468633
0.95335
1.1132536
0.54897976
0.46902904
0.5851807
0.6574926
0.90308064
1.0195994
0.7975971
0.79686695
1.158437
0.42507288
0.84627026
1.0390602
0.87745064
0.6500798
1.161907
0.36303446
0.20932387
0.2400066
0.38481575
0.5817269
0.7477332
0.9913374
1.1741291
0.94193304
0.53553283
1.2449307
0.44470537
0.6416109
0.9717955
0.55808806
0.4708006
1.054428
0.7160519
0.5311476
0.87640136
0.64459306
0.7713921
0.2956075
0.8555104
1.1881838
0.25673592
0.6796555
1.2791926
0.7256411
0.68320566
0.20394123
0.7304963
0.49833736
0.9657167
0.8727374
0.75898373
0.65736645
1.1922517
0.4135328
1.1976657
0.78179526
1.080576
0.52754694
0.5782272
0.60003024
0.86192715
0.84771353
0.28660443
0.6931551
0.8660326
0.6586876
0.6935599
0.8031218
1.1787893
0.98185956
0.2690778
0.9746228
1.1602154
0.43252683
0.9188728
0.794983
1.0521215
0.7516142
0.71842414
0.8122204
0.5450667
0.31069717
0.47313133
0.95621115
0.5916154
0.93751764
0.621909
0.5881508
0.39387184
0.3921664
0.8552191
0.7097669
0.63336176
0.65734106
0.31208745
0.874182
0.78948194
0.63297486
0.8645371
0.57454395
1.1756957
0.4939527
1.2871159
0.85457355
0.33314553
0.56543326
0.79425085
0.66460264
0.7717163
0.20938624
1.01928
0.9424197
0.78030294
0.56240946
0.25243333
0.6101754
1.100055
0.65144885
0.32377273
0.53565544
0.72690576
0.38597447
0.7327969
0.7265631
0.77979463
0.98599
0.35001257
0.679783
0.6584716
0.57395375
0.93279624
0.5205158
0.84273374
0.88479096
0.9346783
1.1939847
0.48126826
0.7530036
0.98837817
0.65877604
1.0233705
0.81462395
0.7995781
0.39600778
0.21405211
1.0837008
0.668901
0.632376
0.46486798
0.6590818
1.3142273
0.5518074
0.50281334
0.65706944
0.800285
0.78879464
0.68155736
1.0065064
0.83102334
0.9373502
0.43756893
0.68747824
0.2406876
0.53318393
1.2725664
0.7617088
1.0914432
0.68947697
0.76137227
0.9999126
0.69807804
0.59581506
0.34112015
0.90200746
0.95122874
0.8141529
0.9948958
0.55604446
0.6507109
0.5503645
0.40071806
0.81557155
0.824372
0.693748
0.49673906
1.0660064
0.47182304
0.5848107
0.40377057
0.70675105
0.77208656
0.71670383
0.75569826
0.5730766
1.2744012
0.5932322
0.698046
0.7229393
0.26948014
0.6543384
0.6870687
0.54459506
0.5744698
0.23783004
0.53373694
0.25587147
0.8956118
0.4218443
0.84336007
0.717095
0.60388845
0.9596519
0.33675432
0.77533126
1.0986663
0.9019966
1.0669221
0.15775147
0.7308141
0.1754243
1.2012681
0.69396394
0.86712927
0.65486294
1.2683005
0.7283364
0.26592433
1.1371558
1.2691371
0.9997329
0.74292654
1.0506046
0.5224347
1.1692061
0.8450728
0.20367727
0.8286828
0.5933575
0.14212039
0.67154914
0.3795208
0.90616244
0.8564485
0.76736647
0.43854412
0.6771713
1.1169949
0.85622084
0.35479563
0.6717707
0.43553272
0.5028623
0.5954044
0.70615774
1.1420956
0.2782354
0.9158088
0.56762505
0.61450523
0.41420382
1.2255408
0.8895179
0.8169307
0.8287648
0.70957726
0.39066672
0.61070645
0.59968764
0.8300071
0.52158016
0.48858458
0.95626247
0.8107121
0.48227936
0.55426615
0.4363645
0.5663321
1.0089197
0.19429575
0.64382917
1.0887837
0.4271241
0.57103235
0.6198771
0.49943078
0.84120506
0.77619475
0.7075032
0.90994745
0.5855977
0.58843267
0.30262297
0.77102464
0.44890678
0.46892935
0.40193388
0.6806749
0.55188495
0.68466705
1.1749845
0.39390537
0.86944175
0.3032029
0.74857044
1.1618276
0.77442175
1.0954525
0.9276021
0.79937494
0.9245759
0.6191781
0.2543724
0.76642275
0.6922028
1.130174
0.5308747
0.29314646
0.6591932
0.54761904
0.48314574
0.8008806
0.7507668
1.0877697
1.360941
1.0902866
0.5401676
0.2718581
0.38590625
0.3619972
0.8676718
0.8432406
0.31736395
0.99253505
0.39960247
0.6493306
0.566341
1.0799443
0.6369481
0.57189685
0.95531994
0.685763
0.634188
1.13005
0.4659875
0.53181964
0.91261035
0.826185
0.6875811
0.52287537
0.986734
0.07593191
0.68743896
0.6347704
0.31261873
0.5534087
0.8495752
0.6428497
0.54603976
0.99801195
0.42148963
0.8088926
0.32146624
0.9768884
0.38556224
0.93104106
0.8025792
0.97964144
0.21947254
0.99018914
1.2764617
0.71660715
0.98695415
0.80871844
0.8662748
0.41759825
0.34775665
0.7002289
0.34022418
0.3384933
0.9099537
0.71710414
0.8253255
1.0508406
0.59138167
0.8885812
0.4916198
0.40573236
0.80566907
0.9448924
0.84984916
0.43378633
0.60978794
0.5232103
0.75242597
0.4787184
1.148343
0.65662044
1.3402954
0.45731187
0.41360196
0.50840443
0.5780688
0.4284198
0.5002346
0.5797797
0.82751995
0.88169295
1.0477357
0.68148345
0.62105805
0.31568524
0.71609956
0.64192116
0.6355667
0.26294214
0.56374127
0.8036926
0.52951425
0.61725575
0.42123356
0.81685627
1.1755284
0.64679545
0.82416993
0.9358486
0.10144341
0.8519833
0.7022769
0.65833056
0.73072356
0.9481916
1.093481
0.88674766
0.55421793
0.7206372
0.9109474
0.33781487
0.30626535
0.73391217
0.26637995
0.4827685
0.500424
1.2004812
0.7349639
0.5720641
0.5677985
0.25089458
0.9103107
0.2624808
0.8145014
0.85033613
0.90687495
0.91480744
0.5178679
1.0016177
0.85032564
0.6545717
0.6293121
0.3910462
0.96291506
0.83505124
1.0377469
0.6872062
0.95591176
0.8228662
0.844646
1.0316974
0.32076222
0.8696064
0.58943576
0.7009607
1.2286052
0.75656956
0.27929953
0.9320976
0.9871386
1.0480099
0.7154125
0.82110053
0.70492476
0.61029583
0.57724535
0.94581544
0.68806946
0.63223165
0.7562422
0.6194004
0.77893615
1.338981
0.3716393
0.5414876
1.1955001
0.6217765
0.9676011
0.49792483
0.82759553
1.007268
0.676034
0.38488233
0.5854257
0.3133976
0.6258593
0.37810436
0.9068213
0.6474994
0.26781407
0.51872015
0.7485941
1.1875052
0.45987222
0.8030129
0.7620576
0.6935937
1.0068066
1.1765237
0.47696188
1.023698
0.7099751
0.82166153
0.6473802
0.8371664
0.5115916
0.88450944
0.7702215
0.39293423
0.21101426
0.78885084
1.0990194
0.5321867
0.82269424
0.9561857
0.83735174
0.8931377
0.72054327
0.9310452
0.55546445
0.42979097
0.5617646
0.8606109
0.2938595
0.4088171
0.7329056
0.46909893
1.0963826
0.36965132
0.61689633
0.24786103
0.69545746
0.62521094
0.44213635
0.88906753
0.38088453
0.9012471
0.65598166
0.73244363
0.9250933
0.94968516
0.97236717
0.34879354
0.41770685
0.72821605
0.80475223
0.36102858
1.2238194
0.7854955
0.9012223
1.2001702
0.877982
0.4115641
0.3524783
0.924389
1.0481709
0.78775936
0.89123553
0.79395497
0.83173656
0.74127847
0.36289704
1.1724439
0.4695104
0.74475694
0.36610633
0.31610587
1.1679363
0.6224071
0.52122265
0.8094489
0.5483121
0.5603362
0.80892485
0.54098165
0.7836696
0.4496375
0.16891035
0.34060934
0.75489473
0.55921775
0.69125766
0.4162197
0.64537096
0.6322557
0.71573156
0.85040563
1.0917286
0.8785572
0.5499178
0.83521485
0.59740955
0.8502677
1.0018395
0.929021
0.84816414
0.62876767
0.6567131
0.56321216
0.3380855
0.6272275
0.81035787
0.9880115
1.0697371
0.49852026
0.6204714
0.56420636
0.78268814
0.7936138
0.72700375
0.8606419
0.4650199
0.344336
0.7583366
0.58057535
1.0227151
0.71492904
0.83561623
1.1253365
0.2340375
0.8193166
1.2007319
0.4026765
0.81306446
0.8449654
0.27309674
0.29732883
0.5568799
1.1565505
1.1301818
0.68533915
0.8778612
1.3816404
0.87955016
1.0162514
0.55000424
0.80309534
0.8825697
0.37684947
0.9384649
1.3266892
0.6175621
0.6189356
0.65402687
0.8512295
0.5826756
0.8649691
1.0432523
0.6477278
1.3958503
0.90423024
1.0108726
0.77982825
1.0847536
0.4989214
0.7086172
0.7525146
0.55184644
0.6311566
0.95193094
0.37535352
0.84357435
0.85307443
0.90463495
1.0372685
1.005318
0.68294144
0.24156483
1.0603377
0.7777055
0.8514719
1.0449495
0.35593456
0.90231067
0.91553736
0.81133366
0.67991006
0.62603414
0.5331082
1.2060943
0.8915204
0.6474927
0.88890016
0.1604754
0.3185422
0.7155482
0.6927845
1.2101238
0.74076855
0.6276377
0.6338303
0.69255924
1.1672586
0.93896794
0.3754952
0.56194305
0.54142076
0.63883406
0.9909139
0.7578198
0.18477628
0.90285003
0.89734596
0.8227208
0.6893763
0.7376873
0.7003046
1.1281745
0.76102793
0.7863998
0.5570713
0.7977042
1.0472863
0.69132733
0.22716738
0.66915953
0.6544708
1.053487
0.5054214
0.5318486
0.19210647
1.3716935
0.4143779
0.95817924
0.8464163
0.7294239
1.0613596
0.82758826
1.06334
0.42661917
0.21685944
0.32282674
0.6446762
0.98363185
1.0723407
0.8332597
0.73474747
0.6544322
0.8954576
1.028618
0.34584
0.9178207
0.6471187
0.4172036
1.0011843
0.7634882
0.6997219
0.81319517
0.96033096
0.30382252
0.6699047
0.9459215
0.49025652
0.3119083
0.32395223
0.81919926
0.77496547
0.60861176
0.46295783
0.45249966
0.8819568
0.4736902
0.44626454
0.2978856
1.1828219
0.43279427
0.7135837
0.60496354
1.0263501
0.40656596
0.48194274
0.14453834
0.38110363
0.8289648
0.49512294
0.7578703
0.4079975
1.0052344
0.39652696
0.9501553
0.5510246
0.8239761
0.41354817
0.4543153
0.41845274
1.0664542
0.43575856
0.7367632
0.3392824
0.5944404
1.1098568
0.7658534
0.75352126
0.74628454
0.42683658
0.28442803
1.0280875
1.1871794
1.191146
0.71376455
0.65318364
0.47190768
0.8592569
0.6982848
1.2088958
1.1044064
0.67710906
0.58123523
0.36780292
0.93697685
1.2243525
0.77685565
1.103386
0.48372895
1.140676
0.42493752
0.43913913
0.67840195
0.10081018
0.5558351
0.5797868
0.19120085
0.3129508
0.53300685
0.43708062
0.7590556
0.8005791
0.6702843
0.9736238
0.84172267
0.89877164
0.6936147
0.8050181
0.24284916
0.9969765
0.86770886
0.6206475
0.6587652
0.56222194
0.6816412
0.51414704
0.7939004
0.7385296
0.69843876
0.6986682
0.6091808
0.39330068
0.42011377
0.6151238
0.7330605
0.75440246
1.083081
0.8923304
0.6557748
1.0604584
0.45911387
0.8502037
0.82734144
0.4603174
0.49316707
0.8587688
0.92564654
0.7714071
0.6706679
0.54455066
1.2029088
0.6062324
0.5860244
0.47939792
0.7777921
1.1123015
0.7608105
0.46291554
0.3231626
0.7930084
0.7394843
1.0898701
0.5772831
0.9831384
1.0025415
0.92250496
0.8864004
0.88190675
0.58154714
1.0617826
0.23634224
0.685615
1.1125085
0.6511875
1.0272082
0.59601915
0.8846654
0.65369964
0.43346125
0.7590933
0.62620085
1.1771502
0.8166784
0.46950433
0.75852364
1.1039746
0.44437292
0.35117412
1.1635774
1.1403307
0.51749283
1.1409248
0.8706496
0.28371635
0.7637983
1.1408788
0.9824025
1.1585792
0.57389754
0.36020428
0.6935272
0.65290946
0.7837606
0.6047989
0.8212769
1.2682108
0.47454453
0.304233
1.0957797
1.0959901
0.57474077
0.6520758
0.38635644
1.1164306
0.5145479
0.52806544
0.46426946
0.35876146
0.4867204
1.1585631
0.5570594
1.1618339
0.66162866
1.0787808
1.095952
1.2506206
0.44530058
0.5262496
0.84553665
1.1341662
0.35297316
1.1239884
0.5196823
0.76399267
0.8319324
0.9412732
0.90605557
1.1555711
1.107521
0.7627015
0.8186758
0.2992447
0.8685407
1.1588314
0.33781067
0.616931
0.84750867
0.9434587
0.8222618
0.92881095
0.7418695
0.5852159
0.7945963
0.8148334
0.83521783
0.8544192
0.66234565
1.1518869
0.836898
0.72486067
0.6660426
0.6375433
0.70543605
0.53811824
0.51473296
0.57223386
0.6581992
1.015312
0.9431189
0.33222756
0.74175984
0.7820691
1.0558265
1.1376915
0.282646
0.33534282
0.7612782
0.44378787
0.6758136
1.2307268
0.4260186
0.8111823
0.794627
0.37013277
0.27002147
0.9614084
0.54739136
0.20159209
0.79605246
0.1595536
0.7448136
0.74701005
0.77244836
0.15809767
0.4117829
0.40767342
0.54344755
0.221589
0.54996073
1.0732776
0.88313437
0.70340306
0.54065377
0.6240073
0.8012145
0.86517406
0.93646395
0.8237227
1.2491891
0.91720426
0.18338807
0.8707091
0.9828817
0.5283071
1.0075773
0.5672778
0.5742238
1.0208791
0.48609293
0.80388767
0.8879585
0.4968526
