0
0.5365242
0.3080143
0.5188998
0.4941508
0.47021765
0.28517032
0.5274397
0.5745679
0.79019284
0.67938936
0.57751393
1.2299687
0.9406787
1.3044195
0.61655414
0.6386379
0.62526405
0.37683645
1.1351477
0.88741744
0.8123628
1.0426291
0.8528549
0.15939154
0.6034648
1.1264575
0.16067132
0.9050875
0.9908722
1.160541
0.73385537
0.5769521
0.35994712
0.28333816
1.3459305
0.24686742
0.7415264
0.7052802
0.9917524
0.78589654
0.5938528
0.85680825
0.5002209
0.9841204
0.6088704
1.1949203
0.6676196
0.4154319
0.5071085
0.8347612
0.71203667
0.1598116
0.64135
0.70760226
0.96046346
0.1963065
0.3881637
0.47022107
1.1436294
0.39646366
0.610505
0.727303
0.6861857
0.8809572
1.2203113
1.3424423
0.6081658
0.23973653
0.8056081
0.6575367
0.5912703
0.6452021
0.4902981
0.7836127
0.8158633
1.2085505
0.63688666
1.0935504
0.70179844
0.2714011
0.8655358
0.5860668
1.2852731
0.58316326
0.90976304
1.0457684
0.89839244
0.67762023
0.41251925
1.1067183
1.1686622
0.34716132
0.6880749
0.48907375
0.69617015
0.5584165
0.7689864
0.697885
0.4245335
0.89823043
0.4041198
1.1713728
1.0360416
1.0250167
0.63831186
0.6494906
0.7185895
1.0205836
0.55120546
0.7938414
0.7601286
0.9430906
0.58502245
1.0571889
0.40101153
0.3987518
0.815217
1.4275434
0.94017214
0.24862364
0.3537345
0.746233
0.6743873
0.78008235
0.58315784
0.8127552
0.56133926
1.1121948
1.0768147
0.60018003
0.2031581
0.42800665
1.3042058
0.8087204
0.11150369
0.49782285
0.74926287
0.39999834
0.49190113
0.85632503
0.4120028
0.5778974
1.2284387
0.8596645
0.64853317
1.2293144
0.6972391
0.40956187
0.86126304
0.70752937
0.8447421
0.7700157
0.9574731
0.5014225
0.4702652
1.0171351
0.51167417
0.7188371
0.8882011
0.46986744
0.99317366
0.5880229
0.49442288
0.9731858
1.008544
0.4498331
0.80435467
0.5564501
0.5689918
0.5495865
0.42240152
0.56865364
0.31834045
0.40712944
1.1188766
0.96083045
0.91451156
0.61308306
0.9414879
0.733255
0.67215735
0.8397928
0.5993365
0.8928202
0.5664538
0.4382793
0.8691864
0.65899646
0.62381107
0.90160424
0.32947853
0.9152011
0.7967316
1.1049122
0.6023944
0.4344347
1.0629879
1.0322213
0.7418913
0.68244344
0.73901933
0.27137363
0.2290936
0.3996061
0.71827805
0.49394926
0.8634418
0.6764061
1.1540587
1.0998737
0.8416136
0.6715535
0.66106474
0.71686685
0.8671301
0.6393297
0.5784162
0.87439305
0.79551685
0.51738614
0.47974887
1.0596886
1.0035037
0.43542755
0.6119126
1.2569511
0.9705712
1.0505652
0.92896575
0.79202235
0.8555813
0.6653965
1.3683618
0.46353605
0.7754949
0.680424
0.72307456
1.2056888
0.4275229
0.9105262
0.8668005
0.77199006
0.78115064
0.73452944
0.7470367
0.4861409
1.166004
0.78680384
0.97043705
0.9799395
0.95797503
0.72838426
0.65359545
1.0698007
0.8573905
0.78150237
0.44774362
0.83765155
0.58827806
0.88052547
1.4395849
0.5464861
0.37232983
0.7998096
1.1841933
0.51570106
0.7343071
0.38167337
0.5683373
0.6828488
0.2871616
0.6482334
0.37765214
0.72283596
0.8281868
0.7450868
0.7398124
0.5642145
1.013822
0.31822336
0.59611666
0.21801823
0.65689445
0.82922924
0.8877884
0.7840397
0.1972811
1.0743182
0.9173519
0.6659223
1.1774014
0.4898057
1.066586
0.83908767
0.7157833
0.5106506
0.7539979
1.1679409
0.7183151
0.5351814
0.7525162
1.0271676
0.72861326
0.6011848
0.65523124
0.9008374
0.5801873
0.76283425
0.5584374
0.43153158
1.2575448
1.2221563
0.8841702
1.0520974
0.83092076
0.6696705
0.16979256
0.26659992
0.47532085
0.7657892
0.716978
0.8572308
0.62585485
0.6938259
0.5878484
0.74209446
0.50047994
0.8645044
0.61912376
0.512737
0.5717761
1.1123595
1.1106323
0.3276193
0.83381957
0.90983135
0.5969643
0.77961206
0.56987226
0.3360514
0.74679095
0.49365342
0.58200115
1.18692
0.99882495
0.24200197
0.64189804
0.9740084
0.9271536
0.35599855
0.4983403
0.4674929
0.24354668
0.80876887
0.47610658
0.18135922
0.78154796
0.7074209
1.2072699
0.6783976
0.3819691
0.57459474
1.1603264
0.5794727
0.6080965
0.46775138
0.7239176
0.7895315
0.71004814
0.88641435
0.83393574
1.269432
0.73142314
0.10046675
0.67175245
0.45327273
0.6380006
0.20425332
0.43583697
0.3939847
0.61578315
0.99877024
0.49842316
0.7172072
0.502278
0.8871733
1.266429
0.630346
0.95944417
0.7161174
0.8468497
0.23245408
0.96871316
0.63472086
1.0342999
1.2851845
0.715333
1.088503
0.35399708
1.0343916
0.87710434
0.4576951
0.99520123
1.3133337
1.2240479
0.5795682
0.5656316
0.9348832
0.54180443
0.22353621
0.42508483
0.47986385
0.62768763
0.9579422
0.49727774
0.34780636
0.3599458
1.0951096
0.91700506
0.46805444
0.30261403
0.47539723
0.6412766
0.91014796
0.9002922
0.7069952
0.70902103
0.61484456
0.42542225
0.72007716
0.42585316
0.889175
0.6373245
1.0691382
0.52453303
0.3969892
0.671088
0.3405047
1.0836962
0.63839966
1.2254775
0.4480724
0.80366147
1.2222701
0.9472182
0.763124
0.42365187
0.53836656
0.3701044
0.5923039
0.759924
0.81251204
0.58686167
0.5416468
1.0537976
0.63992643
1.088646
0.18407744
0.6490903
1.1708466
0.6378805
0.47143298
0.56746584
0.4880725
0.7087021
0.61182827
1.1836339
0.8399238
0.59972334
0.91439223
0.8257981
0.8243356
0.7809702
1.0039834
0.81830096
0.64726996
0.64783573
0.940799
0.15098573
0.79643726
0.82285094
1.0106128
0.6116517
0.65115714
1.0340469
0.5775034
1.055129
0.26795286
0.7199702
0.8679555
0.7268834
0.5628304
1.0882925
1.1057568
0.36987776
0.36196002
0.9850969
0.10232264
0.5587262
0.5535236
0.60791665
0.8190627
0.16522303
0.54594916
0.87929183
0.7735744
0.7386222
0.8067223
0.6109517
0.437125
0.5765638
1.24186
0.46349528
0.25544953
0.3373814
0.87668985
0.8272259
0.7591762
0.45460957
1.1092381
1.0028621
0.33578587
0.6519521
1.2287791
0.9311518
0.77204484
0.55014753
0.66963893
0.8952431
0.9230373
0.29625985
0.5795139
1.270525
0.6335369
0.9543824
0.74114454
0.92652726
1.3523134
0.62264663
0.25297594
0.42160285
0.19718486
1.2781274
0.4146247
0.64340013
0.2914944
0.2516867
0.99507743
0.92751473
0.67087805
0.74384564
0.5660705
0.42412975
0.48688215
1.019819
0.5269575
0.43510935
0.72031873
0.60707015
0.9843767
0.6126952
0.9438689
0.7887242
0.8588557
0.23006631
0.27241537
0.93286365
0.5978719
0.5715
0.5530001
0.3011592
0.3749633
0.27264556
0.62068903
0.8738723
1.0066019
0.93501043
0.31114706
0.7206635
1.0318416
0.63637406
0.56626225
0.467526
0.7007387
0.4448348
0.49002337
0.9794044
0.84515566
1.1035963
0.5637193
1.1230141
0.60488856
0.753879
0.72271085
1.2993852
0.7101955
0.7885833
0.9444823
0.7147099
0.946418
0.42137298
0.9352524
0.5517126
0.47574273
0.63026655
0.98571455
0.78533757
0.51032144
1.1677207
0.54495716
1.109282
0.9641183
0.8272933
1.2579107
0.8963998
0.23818038
0.9643683
1.0439649
0.8639535
1.170648
0.8703741
0.4602945
1.0578673
1.181659
0.5189249
0.598295
0.6718005
0.44055292
1.1698256
0.38530475
0.51715165
0.93945825
0.5523924
0.6506507
1.2122632
0.33357278
0.7659511
0.7117196
0.7389082
1.0773998
0.2926195
0.67492783
1.1088233
0.30567932
0.53061783
0.40459907
0.5810537
0.7732946
0.5468409
1.047745
0.9200949
0.57719064
0.30280125
0.95243824
1.3970091
0.4554122
0.51652366
0.7829772
1.0338823
0.87712073
1.1623576
0.63169897
0.7684384
0.90683347
0.7493599
0.2894507
0.7468918
0.8059792
0.18312788
0.5251015
0.50434506
0.35653543
0.77917105
0.9908679
0.42071888
0.7048058
0.47418794
0.6886335
0.20830932
0.69518054
0.61979926
1.1683718
1.3820534
0.77484363
1.1584408
1.082562
0.29086536
0.7278772
0.7697662
0.17848799
0.56345767
0.4109973
0.5877354
0.3983011
0.953334
0.78453964
1.0252533
0.10694003
0.29955694
1.1269213
0.6945479
0.85493875
0.21424098
0.77595884
0.8842936
0.7996676
0.48612002
0.8580246
0.7021434
1.1354147
0.45357034
0.6261442
0.8658644
1.1229057
1.019381
1.0659633
0.5665509
1.1105931
0.6143785
0.62676066
0.7053353
1.2293384
0.5849391
0.73120916
0.4204708
0.66930014
0.685434
1.2697686
1.1308161
0.8224034
0.8254154
0.66942793
0.5918515
0.91254175
0.5040954
1.0343033
0.83814996
0.5684388
0.76782537
0.3385407
1.0047269
0.8989354
1.2664585
0.67223895
0.7235579
0.9307509
1.0511091
0.7721742
0.454554
0.7096237
0.74663526
1.0165801
0.5130283
0.39383703
0.5531718
0.36338773
0.60731393
0.6384253
0.75026584
0.97773445
0.68968284
0.39747018
0.9837658
0.9410584
1.2647207
0.90632683
0.80295163
0.88063574
0.89950573
0.86114615
0.56898844
0.6755079
1.2529685
0.6574819
0.35641256
0.52229583
1.2773688
1.1310697
0.4416755
0.8722843
0.76133317
0.6244756
1.0533408
1.1504856
0.29117554
0.78811556
0.6967401
1.1402621
0.96695805
0.30695084
0.6360072
0.87559366
0.8423483
0.46465296
0.6059795
0.42419177
0.3668124
0.49868834
0.5837471
0.74469197
1.0773317
0.45446175
0.48636943
0.3717814
0.80441546
0.84400946
0.5154744
0.24927057
0.5632401
0.8984808
0.6182511
0.41408172
1.2251343
0.8567486
1.0262014
0.27999747
0.39706883
0.6671414
1.183295
0.18480717
0.5968651
0.675337
0.9411642
0.925413
0.89198935
0.663622
0.2726018
0.68079793
0.2982094
0.5290016
0.77995586
1.2463042
0.39846268
0.86158097
0.53554595
0.56871814
0.74605864
0.83378595
1.151252
1.0288801
0.49595755
0.47635624
0.4904124
0.67499644
0.46694824
0.4110971
0.2317904
0.42520198
0.4849967
0.22795318
0.4943966
0.6703296
0.5795577
0.61470157
0.69337094
0.39794236
0.55864567
0.25333408
0.8859029
0.46180612
0.65409553
0.42559215
0.5708619
0.83293176
0.91449374
0.9952722
0.7751011
0.28285524
1.2178643
0.60793877
0.53413594
0.52405083
1.1374166
0.9969922
0.13272493
0.587407
0.48942968
0.5396936
1.2046167
0.87131095
0.24782944
0.7873927
1.117376
0.44777575
0.3476875
0.7331323
0.16451249
0.70116246
0.9322381
0.4830649
0.82989496
0.8025111
0.5944694
0.64825386
0.47549123
0.5718628
1.1695381
0.36061156
1.0394276
0.55566865
0.35021383
0.65531474
0.94187206
1.2561086
0.5016288
0.48710167
0.4969158
1.074587
0.3972447
1.0494657
0.14619656
0.541735
0.95131546
0.9910927
0.738113
0.75560105
0.7627137
0.66783273
0.6533561
1.0265439
0.27650127
0.7229313
0.7087132
1.0773814
0.34167814
0.654056
0.20829347
0.25287718
0.16701134
0.34408236
0.36667824
0.79291266
0.89850724
0.72831404
0.389253
0.32130656
0.9441679
0.7592078
0.6650457
0.8544806
0.57679343
0.9585752
1.2465138
0.5684112
0.19536658
1.0251068
0.74873245
0.59365076
1.2677951
0.44637457
0.7199741
0.5013021
0.46612358
0.66636705
0.52990854
0.5673719
0.9049767
1.2229548
0.9618443
0.8518016
0.6867942
0.3475343
0.8101883
0.6469335
0.33377585
0.70013034
0.72979146
1.1855936
0.4358767
0.52226067
0.65908664
0.9622283
0.5441801
0.44459045
0.5605396
0.8949476
1.0226423
0.472756
0.61482847
0.95725775
0.79948986
0.69168407
0.68188095
0.8253976
0.29265675
0.2712386
1.0418127
0.06600566
0.57329965
0.8218312
0.31072
0.68515474
0.30888823
0.63521653
0.9430975
0.42230698
0.9876791
0.6511491
0.79771346
0.28081998
1.0644625
0.5480794
1.0207262
0.27203962
1.1722164
0.3433527
0.9906478
1.0594946
0.44466132
0.91167
0.8822087
1.0508792
1.042105
0.71086663
0.9964997
0.5107649
0.5775237
0.7077984
0.54002553
0.6297178
0.8196876
0.721373
1.1098638
0.4701185
0.7563714
1.2837971
0.7596839
0.4497433
0.8944203
0.7366083
0.51179415
1.1715637
1.0748003
0.67096055
0.34549055
0.64645064
0.71818084
1.1093647
1.2331558
0.7978313
0.8455248
0.9158048
0.90196735
0.47354352
0.6106971
1.2056344
1.0537919
0.5946276
0.8048486
0.77307576
0.58978987
0.5788195
1.067883
0.8137367
0.51755995
0.4207498
0.61709625
0.52628726
0.79824364
1.0491978
0.65632623
0.56687164
0.9722909
0.6712973
0.7402878
0.9367077
0.81528187
0.49661776
1.0441904
0.61397344
1.0898824
0.7555172
1.1021733
0.82370496
0.7988151
0.5632327
0.79963785
0.09439389
0.85573447
0.79247516
0.8211641
1.1136525
0.6179294
0.80768675
0.613819
1.0779619
0.2102922
0.973382
1.011331
0.402115
1.218512
0.616382
0.6108967
0.5314914
1.0843945
0.6618555
0.7399112
0.61571664
0.42139187
0.62198836
1.2928892
0.37259328
0.3128584
1.1034458
0.43478632
1.0795296
0.9253196
0.5496668
0.5289184
0.70472544
0.8158716
0.84134936
0.54213494
0.7591455
0.62464726
0.57042336
0.8010018
0.66744775
1.090524
0.83066285
0.5315466
0.56828266
0.530907
0.31027943
1.0911547
0.987459
0.9260298
0.72273517
1.2818063
0.38608927
0.5656833
0.6182993
0.98370963
1.0143684
0.9433541
1.0141691
0.79591227
0.63792044
0.9816237
0.93773824
0.6576076
0.6478175
0.52748334
0.8260234
0.69977456
0.77162635
0.5600798
0.7485389
0.9020325
0.31602573
0.7244679
0.729628
0.41428545
0.47813335
0.48489502
0.44810066
1.0322661
0.8101746
0.9611336
0.7060663
0.7104122
0.58109677
0.6742501
0.9831895
1.102894
0.81294525
0.5782665
0.8745084
0.3812259
0.24216367
0.32605454
0.52090967
0.45544493
0.34767866
0.50596106
0.3502761
1.1346922
0.66050684
0.28312263
0.35254833
0.90253335
0.7603547
0.75336623
0.8117586
0.9012991
0.67667335
1.0352567
0.3722477
0.9018094
1.1225595
0.5100466
0.39695337
0.7196073
0.715891
0.8657591
0.37276343
1.3149153
0.6102315
1.2261887
0.885764
0.69339174
0.5632266
0.66147935
1.24753
0.8460674
0.6076301
0.5233271
1.3362288
0.6387749
0.38590464
0.3939391
0.43075666
0.67790824
1.1148281
0.962044
0.5050556
0.7304643
0.40652838
0.66706866
1.0205381
0.34896356
0.8995758
0.54273516
0.59065664
0.67923164
0.95035315
0.93414074
0.6577217
0.41540498
0.7393863
1.4500372
0.44247225
1.1073042
0.8005843
0.7182989
1.1723866
1.2739571
0.46325114
1.1790667
0.58696175
0.9921635
0.801859
0.72145313
1.0614157
0.18615353
0.7637374
1.0532128
0.6164935
0.9567097
0.5426049
1.0167378
0.96500134
0.7598225
0.30033636
1.1098832
0.4504971
0.5497137
0.5742776
0.7448966
1.0039485
0.7611828
1.1471168
0.57779574
1.0328431
0.28932413
0.4024339
0.5261601
1.0850317
0.77748066
0.6717108
0.49740624
1.0548464
1.2385491
0.3459731
0.38712928
0.76305205
1.1399076
1.0123926
0.34894797
0.80179244
1.0471679
0.5562368
0.38134745
0.66925675
0.49508157
0.5396397
1.125809
0.8259335
0.4891931
0.7123759
0.8925075
0.51540625
0.65098715
0.5547385
1.0935062
0.75890267
0.70676726
1.2041053
1.1721115
0.7843047
1.0908974
0.6417854
0.6732288
0.7061465
0.99559367
1.1605148
0.703767
0.8798027
0.6590007
0.4891276
0.66565186
0.94516265
0.65588295
0.5858793
1.0018253
0.71236646
0.7002076
0.22547475
1.1539943
0.37944567
0.704714
0.8689787
0.85945123
0.7167996
0.30095577
0.6813036
0.48717362
1.1608894
0.71814245
0.9581453
0.8797084
0.35810426
0.91416955
0.37637892
0.93380105
0.9746602
0.25940382
0.5964002
0.7078495
0.6081333
0.8721508
0.9398897
0.7228714
1.0326118
0.59345174
1.0719278
0.96496785
0.7820676
1.2847029
0.9274147
0.5711746
0.4743721
0.7883647
0.89248437
0.3618758
0.83696723
0.7815458
0.5652489
0.7691346
0.6805541
0.84929615
0.50021833
0.7751637
0.9449576
0.55978227
1.0556146
0.26973325
0.78740364
0.48862115
0.82484084
0.9677182
0.5800511
0.6225587
0.44374093
0.71404064
0.63169855
0.7155725
0.9939916
1.0583007
0.78868836
0.85726947
0.8444629
1.0657501
0.49809632
0.6428459
0.3107738
0.4731075
0.8053578
0.27074456
0.85487586
0.60778856
0.21713229
0.36086556
1.005482
0.42389324
0.6006097
0.8012814
0.49875736
0.92028385
0.3915393
0.92293906
0.45168313
1.1479276
0.47564295
0.6741221
1.3049788
0.7267677
1.2295521
0.62174654
0.8274408
0.9767959
0.8054493
1.0541784
0.25662833
1.1613417
0.89621305
0.79005814
1.0247692
0.8838534
0.9528958
0.6478661
0.66994786
0.2618039
1.3062996
0.86631876
0.9774166
0.38600737
1.1158166
1.298101
1.106376
0.5028234
0.47480157
0.9981808
0.76538765
0.5737637
0.6926577
0.24834853
0.93980473
0.46765268
0.9182384
0.89896566
1.1694067
1.1162575
0.67368984
0.5973346
0.68713915
0.85443074
0.37943482
0.7497464
1.1422789
1.3841176
1.3939595
1.0003532
0.52385676
1.0631579
0.86326253
0.7390192
0.42273933
1.0679774
0.9705343
0.7063585
1.2717094
0.41739675
0.78714854
0.46345007
0.6382105
1.05169
0.7266705
0.49739772
1.228416
0.39878237
0.8094521
0.6915821
0.95137256
1.1901884
0.9399844
0.8537106
0.80672246
1.0310661
0.52064323
0.67774725
0.90607035
0.6776564
0.6815093
0.3619183
0.7235082
0.8610295
1.2258888
0.28955653
0.46669865
0.562397
0.71025485
0.8695042
1.2320597
1.0965672
0.6663824
0.688386
0.2571459
0.4338402
0.6444326
0.8090648
1.0694509
0.5509773
0.60241
1.2020736
0.5480653
0.53692985
0.8323131
0.2725711
1.1279027
0.5112902
0.89943105
0.8968664
0.6850217
0.79725605
0.7205472
0.523873
0.8962811
0.38701448
0.6308529
0.74509275
0.42139968
0.49636933
1.0151769
1.1724333
0.4467282
0.5861622
0.8285073
0.4698771
0.83041143
0.6991581
0.49273822
0.88194793
0.2368248
0.85569006
0.6900708
0.6099431
0.8847882
0.89342076
1.0754808
0.83494914
0.59653234
0.65457475
0.4865536
1.0840313
0.8929208
1.2891885
0.79526347
1.0803636
0.6629564
0.5735949
0.55210507
0.22453752
0.6586533
1.0187188
0.36497653
1.2426848
0.767478
0.80691844
0.12013921
0.8999441
0.45880505
1.1135889
0.17617354
0.5949854
0.46640068
1.2540745
1.0362902
0.19478248
0.86619836
0.8192999
0.7106622
0.38556796
0.33446792
0.8484504
0.71705455
0.8659849
0.8232416
0.6776982
0.5237881
0.35324118
0.8139766
1.1869947
1.2020413
0.15844157
0.8459274
0.8922051
0.7008156
0.53042865
0.70360607
0.7033552
0.35308212
0.56994915
0.42484233
0.3093565
0.9208092
0.9673921
0.91028905
0.94189566
0.42639074
0.7939209
1.2693467
0.6054634
0.88996994
0.8582918
0.6158289
1.1156116
1.2089361
0.41318476
0.7801847
0.15425903
0.6496375
1.014097
0.32813135
0.6779534
0.5812588
1.0745695
1.1073658
0.9094319
1.1213332
0.74825823
0.6985087
0.5789709
0.6550607
0.86047435
0.3389679
0.978992
0.7418285
0.7956638
0.513875
0.6007596
0.84426284
1.0391442
0.3377861
1.1770434
0.7015173
0.41326398
0.89540523
0.515394
1.3332433
0.3182401
0.4755382
0.5637708
1.2672647
0.49058956
0.9088173
0.8556217
0.38818115
0.7311877
0.47732702
0.5407377
0.88584185
0.4542961
0.3691561
1.3986971
1.2581067
0.97041
0.2613854
1.1731604
0.47946468
0.7512012
0.9094153
0.5017307
0.35635176
1.0202377
0.6743242
0.35473433
1.1716337
0.9415447
0.35774866
0.934428
0.70425177
1.3295017
1.1032554
0.737598
0.47116274
0.7857147
0.7994095
0.72321266
0.97857153
0.867125
0.87916756
1.1100827
0.44701892
0.21444514
1.1234787
1.1004621
0.3402443
0.45098194
1.1150734
0.43017364
0.48445395
0.7036257
1.2080986
0.83738554
0.51702154
0.7895683
0.6032147
0.6974266
0.37527898
0.30987412
0.7266894
0.71066576
0.43454292
0.7130067
0.36624932
0.84428525
0.35653082
0.5050024
0.72090065
1.0099248
1.0059463
0.8970237
1.1655356
1.1380762
0.20276237
0.5466848
0.25904912
0.70744056
0.98346823
0.67837286
0.8236381
0.74043065
0.67715377
0.8922799
0.28512505
0.85016954
0.4896152
0.63178635
0.5497528
0.5546384
1.204725
1.0144802
1.0940638
0.20549954
0.6857043
0.79813355
0.62827826
0.56460905
0.810586
0.5515865
0.8100976
0.69495386
0.62673765
0.6538374
0.35015693
0.84704876
0.7056802
1.0951754
0.74863744
0.53661877
0.6852626
0.39662874
0.69127053
1.096852
1.016778
0.06460914
0.48566642
0.81407475
0.9869839
0.8132781
1.022824
0.95414793
0.8425417
0.50191563
0.70823175
0.71224594
0.93067056
1.0420632
0.525355
1.0080903
0.3901116
0.889742
0.21463358
0.593935
0.5661953
0.65426046
0.63796896
0.68782854
0.8732493
0.97331756
0.93919426
1.1050824
1.1944718
0.71265465
0.2859389
0.74233466
0.9197368
0.5531098
0.60219836
0.32913196
0.33077294
0.9620833
0.6375099
0.7112389
0.9268612
0.89033824
0.7026466
1.21317
1.2598882
0.4799465
0.5494866
0.8048183
0.46637785
0.91107386
0.38279524
0.7439857
0.77780354
0.8303174
1.01429
0.3862398
0.6520839
0.9784397
0.9290703
0.858091
0.15466887
0.9013654
0.26940253
0.3888138
0.82656777
0.44935888
0.61999667
0.1907329
0.48833874
0.6947821
0.40137765
0.9868583
1.1694897
0.30111822
0.79315525
0.20930304
0.5869154
0.63911265
0.21274605
0.40478578
1.341381
1.0450054
1.0917242
0.69568264
0.8472933
0.5142351
0.97805274
1.012932
0.97251487
0.69596547
0.8912561
0.8553174
0.80909777
0.7040479
0.64177215
1.3175235
0.55351067
0.9372396
0.79605454
0.39204624
0.6527458
0.82353055
0.26097202
1.025765
0.60520023
0.17182851
1.0043505
1.1824306
0.93156666
0.9299321
0.7327198
0.9679573
0.96186155
0.7439821
0.8473123
0.56847554
0.31622523
0.89985394
1.1106251
0.5911498
0.37779123
1.1096653
0.76959723
1.1312901
0.6933647
0.18541715
0.8951602
0.94801503
0.7585108
0.6914381
1.1973298
1.0408025
0.76775664
0.6851297
0.85834455
1.0263404
0.8329309
0.4935375
0.5547089
0.80796695
0.49299738
0.8113595
0.55037886
0.8331707
0.53036845
1.0716811
1.0140225
0.64564073
0.9519246
0.94091076
0.79619557
1.1670756
0.6323853
1.0757605
0.5129376
1.0159066
0.496849
0.344083
0.7937843
0.38400817
1.2854629
0.70800775
0.88865805
0.9957501
1.0321954
1.13865
0.92240363
0.88710093
1.0668159
0.6681388
0.5650983
0.73614687
0.73109984
0.59730643
0.92148566
0.43703017
0.47977757
0.7343385
0.50977176
0.3900176
0.9127368
0.45816427
0.6758722
0.25824654
0.64077127
0.8205709
0.8451046
1.0661288
0.6208316
0.665204
0.60928184
0.5007641
0.57619804
0.92648774
0.75502115
0.5944342
1.1251647
0.99561745
1.1935157
1.041113
1.0005933
0.8461375
0.8413229
0.25693733
1.0405712
0.5472784
0.7999782
0.88317615
0.9212737
0.7049244
0.49420798
0.5504145
0.47157663
0.25454146
0.9961753
0.9552149
0.47639698
1.3561525
0.71002865
1.0722557
0.47953984
0.9239964
0.3773743
0.94792384
0.6361144
0.81215096
0.6373033
0.88564134
0.35399076
0.42883113
1.0665421
0.8678164
0.5944589
0.89421386
0.91055894
0.8696659
0.10760581
0.32935995
0.46265906
0.6535335
1.260771
0.77853286
0.9520214
0.68038726
0.4936846
0.90213656
1.017974
0.5591405
0.5541597
0.7061206
0.6935223
0.45341963
0.8542093
1.1048434
0.97580606
0.52179646
0.5654332
0.75509423
0.72474056
0.90991634
1.0823026
0.88853765
0.9582525
0.33954164
0.76990515
0.49218085
0.47587746
0.8302298
1.0149527
0.7160214
0.43310645
1.1158521
0.6361155
0.48517692
0.60204625
0.85409063
0.87904024
0.68727976
1.042332
0.38621596
1.0924693
0.6922065
0.7287382
0.32734382
0.84831685
0.5227131
0.881838
0.38120124
0.38699633
0.2697686
0.73739505
0.6740278
0.31431007
1.0989563
0.48234138
0.56401575
0.14552064
0.81369704
0.5189136
0.4887953
0.8273074
0.50049055
0.60213006
0.6891193
0.9186579
0.6490697
0.5860031
0.6343144
0.866387
0.6150932
0.5793889
0.96316665
0.3752485
0.61174995
0.35654232
0.56899947
1.258461
0.9381981
0.6892743
1.059563
0.4204036
0.85781527
0.6163362
0.66909605
0.38937017
0.9824209
1.2415158
0.6294367
1.0725822
0.95911056
0.53222626
0.98681915
0.28821233
0.9775423
0.81619984
1.1206577
0.5768274
0.6259406
0.55283415
0.6561159
0.72095114
0.56813854
0.88783175
0.27924773
0.7374995
1.364819
0.916721
0.68611115
0.38498685
0.4000424
1.0435716
0.51923347
1.0160044
1.2371976
0.9700367
0.8100571
0.90800536
0.92263544
0.7505003
0.51235026
0.70739955
1.1311823
0.7189614
0.69866025
0.61302483
0.45914692
0.17617916
0.8350112
1.0908893
0.9338885
0.72379583
0.5123024
0.22892302
1.1183851
0.8133824
0.9496894
0.9441578
0.41909918
0.6690931
0.43486607
1.3699476
0.44837806
0.780566
0.6462852
0.36980227
0.6222423
0.76728624
0.46414667
0.6683433
0.5722113
0.45329696
0.98332316
1.0031503
0.377035
0.92545086
1.128548
0.75306076
0.5255874
0.7102818
0.19719803
0.47816545
0.53964806
0.38249287
0.5348908
1.1704867
0.77756
0.8053051
0.6338762
1.1806821
0.5884912
1.0494541
0.6034592
0.81454635
0.75850946
0.8472717
0.6125195
0.7400493
0.62562436
0.88385624
0.64862394
0.28170794
0.20618494
0.6219267
0.3714584
0.36130932
0.41891596
0.6728362
0.6705145
1.0515842
0.6552661
0.47152773
0.8260556
0.48139605
0.86027324
0.67000556
0.21071687
0.40633485
0.38453266
0.5696302
1.156361
0.39432123
0.90318817
1.0729443
0.41368118
0.30311495
0.40039715
1.0060753
0.84221363
1.0417609
0.85341835
0.82324106
1.0631598
0.7331529
0.6337317
0.63508624
0.4123355
1.0096551
0.6245774
0.2462885
0.9658255
0.7371379
0.9887433
0.20367739
0.7667828
0.64321053
0.8359051
1.127997
0.3001021
1.0014956
0.56237054
0.6089795
0.2593938
1.0442518
0.71590936
0.5758369
0.96831274
0.82995415
0.46280175
0.993761
0.53147167
0.44189748
0.9384769
0.16801041
0.99351156
0.7084098
0.9557275
1.3162597
0.4418886
0.6809108
1.3238347
0.69509655
0.67076
0.5944541
0.66099375
0.5816028
0.96105856
0.90439737
0.77110934
1.1620152
0.58780926
0.513458
0.8554692
0.5319832
0.3909565
0.9173164
0.941688
1.2534732
0.8566373
0.33180568
1.0255682
1.0169203
0.6958817
0.6785587
0.5203187
1.1160138
0.68366337
0.88928455
0.1598685
0.5328527
1.0749063
1.1240987
0.37045836
0.44175458
0.31146282
0.73473656
0.72941315
0.6115331
0.6221808
0.5417818
0.83022934
0.73893374
0.9840742
0.8519361
0.6863116
0.42264956
0.26706508
0.42523992
0.72026646
0.96129555
0.6490178
0.9305579
0.65456617
0.54853153
0.66856205
0.416729
0.71391124
0.9271862
0.8789053
0.86898214
0.98975056
0.719822
0.88117087
0.21028529
0.5901909
0.66448563
0.5486128
0.73006487
0.90207696
0.9784371
0.4261525
0.50636935
0.4136217
0.8254705
0.77018666
1.095796
0.62477607
0.38646978
0.8341229
0.89694244
0.665798
0.572676
0.34017342
0.3663049
0.46472126
0.64947176
0.5368731
0.4484293
0.7468458
0.71884584
1.005631
0.45745185
0.92689466
0.99018025
0.30741295
0.50610006
0.16352855
0.94293475
0.51898223
0.6934862
0.5306766
0.56478846
0.3049468
0.5816993
1.1212239
0.67078495
0.38914028
0.06322076
0.7639898
0.33055338
0.68441767
0.725912
0.5614694
1.0236411
1.1030223
0.9281639
0.8606368
0.41957462
0.3734482
1.0464504
0.7773978
0.6868048
0.2922735
0.62851703
0.24319126
0.8296264
0.7604357
1.3293418
0.8921165
0.95430064
0.410263
0.47857106
0.81318855
0.14417459
0.30752963
0.9340195
0.6595288
0.55347043
0.52415764
1.0834839
0.7653702
0.90570855
0.7647924
0.83580583
0.73244363
0.72713745
0.94292855
0.62948066
0.9155242
0.829697
0.36266595
0.44042802
1.0461849
0.70993936
0.5627324
0.77226335
0.7134061
0.15803288
0.83205265
0.6504769
0.8361201
0.40569234
0.53618795
0.45236373
0.68456817
0.5317413
0.37020966
1.0465628
0.8825498
0.90798146
0.7317769
0.96484077
0.3351836
0.44013694
0.27578825
1.0291582
1.2943494
0.32899946
0.6029896
1.106425
0.48795465
0.81014234
0.5420703
0.72969806
0.4448068
0.74380744
0.3494089
0.27924573
0.6472539
0.80581135
0.82912666
0.82034963
0.608511
0.36730582
0.9548187
0.47187558
0.6629899
0.99356556
1.1536103
0.41879943
0.28968132
1.1957189
0.6273875
0.26516825
0.56506807
0.4869778
0.96960896
0.5985004
0.4754285
0.6751032
0.80306983
0.51941264
0.5484969
0.81992453
0.3216703
1.0844195
0.58459145
0.91226745
0.7618781
0.5795393
0.74153256
0.2544073
0.33624068
0.62641567
0.79846746
0.46657148
0.27826172
0.8344056
0.7241607
0.8003552
0.51896095
1.097415
0.8182117
0.7671907
1.1109992
1.0607294
0.8805883
0.37540984
0.56703967
0.565851
1.4259905
0.8181048
0.37007183
0.7686473
0.76040876
0.5897048
0.51590616
0.57481664
0.74638116
0.20645943
0.73017216
0.7458439
0.50088686
0.70481086
1.1418632
0.8734534
0.4435088
0.860092
1.0795379
0.5461499
1.188584
1.3709308
0.3344485
0.97476035
0.63641846
0.60365015
0.920532
0.77323014
0.97300124
1.0517186
0.68785155
0.93954253
0.35475153
0.35449615
0.47698066
1.0102572
0.7891796
0.41659278
0.9498768
0.6387956
0.7795328
0.93169457
0.40657318
0.59624404
0.60489875
0.43976435
0.54895633
0.83565515
1.0361829
0.4569429
0.11944426
0.5225206
0.7258811
0.25303212
0.9223118
0.8753629
0.61916745
0.80503595
0.87112576
0.07041755
0.97356653
0.73680866
0.57171565
0.79645056
0.71228653
0.39421403
0.2865326
0.76506317
1.1024688
1.2377554
0.17750002
0.5928855
0.78919375
0.57693654
0.6649532
0.5614407
0.6989089
0.8177159
0.9819632
0.61773574
0.4501683
0.6223589
1.1798246
0.67953074
1.0247968
0.77386403
0.49648103
0.5309901
0.8848548
0.7083897
0.25368688
0.74713886
0.7767787
0.834351
0.8789088
0.5465235
0.6152226
0.7284833
1.0454819
0.5267199
0.8745343
0.7869885
0.84012944
0.52446073
1.1457953
0.8657296
0.4675189
0.8213044
0.75839853
1.1977834
0.24656335
1.1680171
1.0694357
1.0222588
0.67468786
1.0489074
0.40822026
0.8644408
0.16622561
0.2954641
0.5626016
1.0209732
0.8208541
0.94074637
0.7200908
0.7739203
0.7988887
0.8198898
0.56146437
0.8741726
1.074513
0.7661119
0.36760247
0.39785984
0.53714055
0.8336224
0.7139848
0.89663935
0.5399395
1.0786844
0.67295533
0.8210272
0.7359187
1.0090237
0.55733395
0.74766743
0.7737654
0.3427289
1.0304182
1.0353695
0.8831149
0.9550615
0.7421351
0.6269245
0.82931936
0.9998264
1.2026713
0.6633171
0.5510829
0.77275264
0.73475957
0.6155413
0.55530196
0.5085357
0.9419088
0.6902478
0.9237763
0.58732116
1.0586455
1.3015803
0.73837185
1.1115446
1.1934248
1.2821186
0.32416
0.5807856
0.40373555
0.6422958
0.7086107
0.8923216
0.6530089
0.56467223
0.9660464
0.8028108
0.9829888
0.41305968
0.8447613
0.7078984
0.26107934
1.2630775
0.4040287
0.70179814
0.75755453
0.2812843
0.2994905
0.783276
0.841722
0.4048937
0.6402677
0.6325144
0.43279195
1.1251723
0.83477813
0.9241839
0.7374068
0.72635376
0.48691252
0.67008376
0.7313405
0.672415
0.50539047
0.8453417
1.315164
0.94075996
0.4508487
0.9177549
0.6572729
0.8369014
0.50604033
0.49962428
0.8248245
1.0770242
0.40805995
0.7575196
0.72501826
1.1865318
1.1629004
0.7696097
0.5965355
0.5669658
0.6242875
0.61796016
0.7439119
1.0401213
0.61135733
0.8250757
0.68440175
1.3088982
0.25492662
0.48668188
0.7804892
0.5769541
0.83746904
0.6031286
0.9602435
0.9728908
0.7393328
0.9196693
0.68669635
0.4827973
1.1736056
1.0553011
0.7021179
0.4648593
0.26825702
0.3838014
0.5493209
0.42173418
0.31607068
0.98179287
0.46844292
0.4395559
0.88392615
0.5541371
1.1657228
0.63351333
0.40123874
0.5275315
1.1576785
0.5623897
0.17893213
1.1149843
0.7807758
1.0937848
0.8458582
1.2727038
1.0551962
0.8323139
0.572029
0.92932475
0.4510652
0.5982426
0.5147403
0.4862683
1.1418028
0.9695646
0.75647265
0.4498186
1.2607316
0.8191098
0.37211522
1.0448773
0.7446562
1.2914766
1.2155871
0.5348908
0.91770554
0.23852558
0.59118134
0.7235896
1.0714481
0.5074043
0.80033386
0.5428188
0.7351328
0.7692755
0.63940734
0.49108022
0.9411769
0.7804937
0.44004616
0.5238748
0.9677527
0.8931351
0.6537517
0.76369995
0.9174456
0.72147965
0.8456194
0.68057215
0.44161218
0.25777772
0.92263556
0.9458886
0.96083355
0.60029566
0.42692947
0.693754
0.69988537
0.7129464
0.3294056
0.13908578
0.89490414
0.765544
0.37530538
0.8745017
1.0260341
0.5702306
0.63243425
1.2798434
0.32872346
0.3452873
0.77894455
0.8595733
1.180755
0.6377566
0.4079647
0.5433678
0.74045736
0.70276356
0.6835653
0.54682726
0.83394706
0.487336
1.337187
0.5781101
0.92946565
0.82344276
0.39919645
0.9276972
0.22945316
1.1335824
0.6623745
0.20426624
0.8902933
1.0094154
0.8318321
0.7338617
0.5065337
0.77906007
0.85873014
0.9548951
0.63528836
0.42857942
0.3684301
0.68190885
0.66371036
0.7229345
1.0275553
0.4263038
1.0618541
1.07634
0.8723966
0.36068332
0.7585814
0.5529462
0.5630094
1.2443745
0.5932034
0.60807544
0.4821313
0.15191665
0.77638865
0.37921026
0.7802611
0.6730877
0.6463838
1.0797595
0.6457911
0.8977708
0.6055635
1.1705655
1.034944
0.8174406
1.144604
0.29771915
0.43900114
0.7459716
0.11251361
0.94929194
0.8008312
0.6781934
0.981105
1.1381685
0.65716004
0.87927634
0.5976943
0.7125562
0.6910356
0.5487726
0.40402216
0.44864264
1.0760627
0.21039721
0.67046136
0.61216617
0.41031665
0.5519496
0.66674036
0.84853476
0.68941444
0.6350687
0.65478224
1.0702081
0.9337787
0.22843921
0.35649166
0.27293956
1.1328913
0.46922445
1.0212401
0.5503949
0.6219322
0.6446473
1.1354682
0.42587435
0.3306712
1.3865716
0.37834132
0.6095158
0.71493286
0.89917594
1.1977111
0.78742653
0.78301185
0.41047513
0.71312696
0.5084502
0.11952791
0.4561575
0.7354536
1.0776135
0.96511704
0.5833414
0.31753466
1.1177474
0.48217973
0.89423364
0.5378367
0.527297
0.97211486
0.89283365
0.8861278
0.3646934
0.802811
0.15523665
0.36808324
0.69562745
0.7671315
0.38936716
0.52063745
0.6199613
0.48375392
0.40181568
0.75859
1.017077
0.6043284
0.4591226
0.2813257
0.74381644
0.6044517
1.0877144
0.54763556
0.18377057
1.238043
0.7758472
0.23697174
0.61845785
0.79802895
0.66812295
0.7007072
0.75285476
0.37170154
0.620145
0.47690344
0.7364176
0.36445
0.60941297
0.83327264
0.61204046
0.5922509
0.78163487
1.0290664
0.5000456
0.7540045
0.82311636
0.76227266
0.50604814
0.37498865
0.69333434
0.73498553
0.34624577
0.71727806
0.81388295
0.5978953
0.65256494
0.8587104
1.0009007
0.9614462
1.0104437
1.0168628
0.6980972
0.744536
0.29771206
0.72353804
1.015278
0.6002549
0.8489137
1.0776109
0.9375741
0.40059963
0.3938843
0.56450665
0.6927666
0.6242832
1.0111092
1.3534297
0.7574779
0.6397597
1.0236208
0.5345404
0.21113782
0.44215414
0.75001717
0.95673543
0.27407998
1.1223243
0.6845557
0.7833136
0.5751239
0.5449099
0.29510054
0.78066164
0.54179347
1.2204059
0.7115378
0.77972335
0.75483525
0.98131186
0.2738353
1.0040163
0.9182773
0.71524686
0.87625
0.9852103
0.8947105
0.5630974
0.66616404
0.73902786
0.79326725
0.48899335
0.4528368
0.44421077
0.53993213
0.41085976
0.4644085
0.50947124
0.18421756
1.0186313
0.7473271
0.6149761
0.68624794
0.37240222
1.256319
0.6332763
0.94716394
0.59089786
0.30455554
0.8690275
0.73284477
0.8568836
0.53023064
0.86565787
0.98708445
0.5925666
0.32314324
1.0035491
0.6154313
1.0248996
0.32959756
0.25082645
0.43966043
0.8265831
0.4923814
0.82366025
0.6499962
0.7523126
1.129286
0.88394743
0.9294934
0.53027594
0.58372283
0.43533605
1.0962874
0.4628769
0.3971516
0.67430395
0.74267054
0.7844527
0.76670164
0.8229964
1.2506521
0.8250145
0.72938234
0.82124895
1.1595476
0.6796905
1.0989807
0.9917482
0.6082234
0.59371006
1.2484089
0.46252632
0.245245
0.14556544
0.9197008
0.32850498
0.66866404
0.9274119
0.59862375
0.6266187
0.5369044
0.8170594
0.8247549
0.6332905
0.8818702
0.50732565
0.8030528
0.5682352
0.7613626
0.40646878
0.8513533
0.29676017
0.41863182
0.6470403
0.87249416
0.75563335
0.51337093
0.9003006
0.71526456
0.27645144
0.832904
0.41776308
0.5917354
0.6439215
0.78244376
0.6720807
0.7041609
1.1250895
0.86910045
0.2839187
0.33429182
0.5382705
0.51891935
0.5206996
1.3120422
0.7434703
0.7522734
0.95218
0.9159199
1.101706
0.76949877
0.6713652
0.66971374
0.61698556
0.2859378
0.56558007
0.41850913
0.1413705
1.2575212
0.6377207
0.41065848
0.46082917
1.202823
1.1464483
0.45902988
0.6866749
1.0655022
1.075574
0.7158901
0.08953284
0.7320203
0.48937035
0.9996591
0.31986582
0.5786004
0.40879032
0.6758551
0.65188813
1.2636813
0.7909353
0.5930231
0.6676361
1.3692629
0.552231
0.39192817
1.1100496
0.96595746
0.7674227
1.1351762
0.94972396
0.8705079
0.3720332
0.6965602
0.649022
0.702508
0.8082408
0.98936313
0.25816715
0.81072253
1.4117899
0.58504945
0.11625889
0.44683397
1.1485744
0.79353344
0.44803536
0.65197974
0.5717113
0.542346
0.94211006
0.8082346
0.6140255
0.60238606
0.56569767
0.58790326
0.24611786
0.90076333
0.7846061
0.7023406
0.5128562
0.9854994
0.5309752
0.7286794
0.34817308
1.1302084
0.862628
0.28257772
0.14220235
0.79831386
0.5639048
1.0614785
0.9818322
0.92324775
0.7530779
0.9950709
0.6635159
0.8536248
0.33100387
0.8480432
1.0978955
0.66115546
0.5465008
0.24267574
0.7548385
0.4274627
0.9917701
0.58287334
0.51109517
0.39653784
0.68813264
0.78082705
0.75160605
0.57942194
0.36959094
0.9123858
0.76376325
0.55228597
0.7912495
0.7503304
0.88026226
0.6238141
1.1580694
1.1046587
0.4475697
0.56546754
0.550822
0.36888686
0.31151035
0.7987089
0.48436934
0.9507106
0.8725163
0.9777084
0.73839825
0.4033455
0.51665616
0.36598748
1.2972779
0.6831695
0.7152874
0.8352213
0.92388165
1.0106791
0.6321901
0.9102987
0.46498504
1.1440411
0.9858594
0.6700633
0.7663508
0.37018546
0.73885137
0.87271994
1.2101775
1.2782674
1.232506
0.31687924
0.5832001
1.0815363
0.6451234
0.5019757
0.6658612
1.0233186
0.6182037
0.90126485
0.32756355
0.5600709
0.7102192
0.94572055
0.7742914
1.177725
1.3565147
0.8543666
0.685493
0.67830795
0.69188637
1.1253906
0.70794255
0.4186602
1.0068682
0.79676586
0.74190444
0.63655066
0.7205458
0.7159125
0.6084298
0.6285891
0.45303458
0.6652513
0.88354874
1.0265133
0.8303962
0.47557247
0.49736845
1.0264508
0.9782716
0.5784252
0.58093435
0.98537934
0.9879141
1.029516
0.49891087
0.79357094
0.5854877
0.4503992
0.37220275
0.7919905
0.34868246
0.8877282
0.57439774
0.36680862
0.84967434
0.19861439
0.37256715
0.18296885
1.0710455
1.242832
0.56530845
0.48611093
1.0606276
0.40826583
0.71299
0.30630797
0.8367855
0.4107294
1.2873226
0.33269584
0.6794884
0.30209506
0.9390957
0.5334656
0.79787534
0.55029625
1.0982846
1.0318971
1.2416304
0.8858715
0.8679192
0.6305163
0.5899002
0.6249314
0.1292041
0.6283536
0.87044007
0.18731928
0.76878095
0.4702875
0.25499317
0.8444839
0.51541626
0.8275196
0.5748583
1.1330076
0.70460224
0.6305475
0.9579484
0.70291716
1.0887926
1.0209202
0.5129118
0.25443757
0.8847368
0.796943
0.6392064
0.6075778
0.73284906
0.83287674
0.6429307
0.97337836
0.7772315
0.19624321
0.779508
0.8807139
0.9430425
0.6574456
0.76071095
0.84463894
1.3190197
0.8562318
0.78286046
0.47666326
0.5718839
0.9042549
1.0274773
1.2359896
0.7753272
0.95151883
0.8967678
0.35458094
0.9199507
1.1103437
0.32452253
0.6144827
0.8328477
0.6362119
0.37036887
0.73521924
0.4356844
0.83570296
0.65874827
0.7017279
0.75830024
0.47571427
0.8346469
1.0547093
0.8388727
0.8745658
0.7617184
0.707773
0.6251573
0.3960498
0.8567941
0.7449585
0.7063436
0.2210801
0.8456758
0.81073934
0.6245723
0.5319966
0.6803739
0.78084433
0.30567455
0.46127722
0.16905428
1.1973107
0.45662877
0.9004249
0.6082252
1.1285068
0.69388175
1.2115252
0.83241117
0.8211366
0.29577607
0.81086344
0.9826395
0.66470873
0.6087558
0.8467771
0.82588655
0.2720763
0.68909496
0.91538703
0.6658735
0.88809085
0.9498019
0.817583
0.60437113
0.771839
0.93795615
0.9341156
0.7672007
1.1163962
1.0521055
0.59132063
0.87575036
0.66939044
1.0426662
1.0305908
0.36331514
0.6220438
0.3140088
0.16881284
0.7657844
0.29748902
0.49489978
0.92222506
0.3273952
0.33045518
0.42768976
0.78146666
0.9833931
0.7703601
0.3974025
1.0532998
0.19052324
0.3696144
0.9259944
0.8756856
1.2106957
1.044782
0.8610999
0.66713023
0.5809389
0.87906224
0.622403
0.53951037
0.83366215
0.4911969
0.5622696
0.90989524
0.6853003
0.6481561
0.94898236
0.96412885
0.56273973
0.7680349
0.50995755
0.43551025
0.7515416
0.59125185
1.0932105
0.18281955
0.6702338
0.85937345
0.7116313
0.36874196
0.7823998
1.1256416
0.49519846
0.56559813
0.70551777
1.2002995
0.29314247
1.060114
0.6525202
0.30076396
0.43114507
1.0126877
1.1478955
0.591163
0.5974234
0.6777523
0.6807176
0.7509432
0.6410981
1.0141749
0.91657037
0.7419982
0.7848624
0.25905937
1.179359
1.163392
0.9562701
0.63616043
0.35914856
1.1280377
0.76672965
0.61360306
0.45844212
0.6229356
0.743983
0.5068841
0.66365135
0.873771
0.8330635
0.6975566
0.2794765
0.74781495
0.6391035
0.75886846
0.48971966
1.0297123
0.9553532
0.8395659
0.85270274
0.8928633
0.6756997
0.38709363
0.77393264
0.7224644
0.92005855
0.6467023
0.54438096
0.74341416
1.063778
0.26155084
0.8285182
0.9897567
1.0033016
1.209159
1.0546203
0.3390012
0.9489024
0.42579067
0.76188856
0.56149435
0.25563172
0.3023236
0.23158091
0.5484799
0.58953816
0.5235863
0.7490362
0.49095324
0.74204946
1.0149095
0.91426194
0.9794405
0.530156
0.64906913
0.1188555
1.1792866
0.3926159
1.0259436
1.0369562
0.6084831
0.7252562
0.3305032
0.65230167
0.6983646
0.6418352
0.38695773
0.66569674
0.451444
0.5845942
0.6333351
0.82326424
1.0277052
0.47802234
0.50284326
0.2387948
0.40344152
0.9973871
0.5639418
0.97909015
0.5311005
0.6047187
0.554066
0.88488054
1.1727026
0.960966
0.50863844
0.67174137
0.52148306
0.5392304
0.41851598
0.67172027
0.6758172
0.6593668
0.6707365
0.6547028
0.5953887
0.66004217
0.60164213
0.9505162
0.39315972
0.8132103
0.67272156
0.7133352
0.7817148
0.7620032
0.84507453
0.9005745
1.0330367
0.9531164
0.4306551
0.7864824
0.97284454
0.6924697
1.074395
1.0035818
0.98719376
0.43702164
0.7774014
0.79776424
0.772824
1.0594591
0.52163523
1.0328538
0.68040663
1.0380427
0.76296526
0.8824599
0.49510464
0.27181333
0.25862706
0.7428343
0.63940126
0.762876
0.70417863
0.6876517
0.69824904
0.823803
0.6457228
0.3506199
0.48106974
1.0909845
0.4914562
0.69799215
0.908988
0.8624983
0.6649045
0.49396062
0.84486324
0.88719505
0.7883834
1.1428958
0.6675175
0.99073774
0.8660537
0.67280805
0.5316885
1.2351693
1.1661242
0.5954034
0.5652325
0.5620148
1.1440166
0.99151397
1.2018456
0.8787147
0.9877322
0.92028594
0.9807783
0.5177831
0.7865635
0.6783806
1.1281729
0.5040795
0.17920385
0.57247156
0.37931448
0.6823175
0.5732807
0.35236028
1.1055644
0.94867915
0.8309139
0.5419563
0.93295556
0.5922842
0.4493518
0.49340326
0.9276281
0.5021911
0.48789588
0.2848942
0.7426097
0.60402066
0.92952543
1.029165
0.9168495
0.42809308
1.0898061
0.3478329
0.36382395
0.84831434
0.44015127
0.63079834
1.0134504
0.59923714
0.6526503
0.63053477
0.8169674
1.270584
0.50247633
0.7298969
0.40007198
1.2343321
0.7630787
0.92446154
0.67590696
0.44741073
0.843872
0.95732343
0.6130013
0.861395
0.98934484
0.6821026
0.45124984
0.37653852
0.8564206
0.9013127
0.2258801
0.92208076
0.79524326
0.93235904
0.9054532
1.06635
0.56717587
1.0460306
1.229231
1.1703944
0.826549
0.39448074
0.95052105
0.97200227
0.3365483
0.85925066
0.36534992
0.66170794
0.46894786
1.1817707
0.5278351
0.45848444
0.2800581
1.0387195
1.2546371
0.56049705
1.041423
0.4545484
0.71266454
0.7118312
1.1000334
0.6792389
0.5152491
0.50874454
1.1652168
0.88491076
0.50639814
1.0004863
0.76137507
0.71284944
1.2748388
0.56984884
0.61759377
0.81851953
0.40758377
0.47738394
0.85542274
0.32981226
0.38494125
1.0026709
0.77000326
0.37909922
0.59768605
0.51145506
0.8413544
0.6563005
0.5093227
0.52977246
0.6311124
0.9556257
0.51404923
0.3894243
0.8037642
0.30006957
0.68687254
0.8284909
0.8342417
0.39350975
0.951634
0.42592168
0.76016605
0.30936185
0.2998864
0.83605146
0.9401164
0.7321741
0.38379103
0.62638927
0.77144164
1.1155595
0.5358675
0.36402997
0.93010736
1.0051941
0.88387066
1.1059521
0.6142571
1.1122235
0.3056797
1.0295132
0.9281983
0.67937094
0.54198146
1.0153178
1.2574719
0.49132955
0.80995464
0.32106888
0.6268624
0.96686774
0.19796535
0.9182338
0.9566402
0.8229864
0.7121673
0.348628
1.0056645
0.5253702
0.57259357
0.3421162
0.9258309
0.6181807
0.9024246
1.1170563
1.069712
0.722229
0.7591094
0.8501674
0.32858184
0.7037543
0.48940435
0.8382003
0.96028644
0.6485266
0.35545567
0.8191073
0.52920765
0.34553567
1.2633182
0.7967008
0.8728937
0.5719783
1.0073946
0.46092734
0.9295678
0.6465978
0.5000906
0.7566209
0.6230408
0.17025547
1.0975521
0.83611566
0.81265354
0.71935225
1.1076553
0.33981052
0.8775443
0.80026627
0.46536458
0.5948889
0.40358832
0.80013686
0.9279831
0.9866133
0.7502584
0.5743786
1.0433234
0.6222194
0.5509905
0.45281067
0.95446116
0.9956895
1.0390153
0.75819695
0.9038568
0.4525995
0.6965972
1.0012681
0.42341083
0.7073319
0.6343867
0.6963061
0.77689177
0.52417886
0.5371045
0.7421442
0.5436287
0.41942385
0.37269548
0.70052075
0.17537636
0.5578315
0.3731444
0.5013848
1.044583
0.42374256
0.98722726
0.53112835
0.65979767
0.2988576
0.6625337
1.0090896
0.55078346
0.82902676
0.30291066
1.0457028
0.98202586
0.76340777
1.0491284
0.81818277
0.9956285
0.71737283
0.63765985
0.5897571
0.933933
0.99342793
0.2206475
0.9552359
0.76178855
0.60323894
0.66622573
0.8641434
0.8130307
0.70749956
0.82468027
0.686682
1.059467
0.81229895
0.5750421
0.6877454
0.5374987
0.9063796
0.8115594
1.2100555
0.650448
0.73783237
0.78923357
0.24526012
0.78652984
0.8704586
0.35579774
0.9724563
0.7099183
0.9228636
0.39870688
1.0122799
0.5893227
0.49099115
0.81982493
0.5046651
0.9833623
0.5415502
0.91271085
1.0980704
0.6777189
0.86153895
0.5363228
0.2517014
0.97951007
1.0565131
1.1452186
0.6516836
0.8121806
0.4799538
1.09844
0.91857016
0.3143978
1.137528
0.6290436
1.0400819
0.6126559
0.7698169
0.62631387
0.6497706
0.808231
0.44784632
0.56124985
0.99044347
0.85699356
0.97730255
0.51722556
1.1216166
1.0427659
0.54714763
0.8143275
0.8905837
0.38984594
0.20685701
0.76379806
0.8181024
0.8678521
0.44790286
0.6112923
0.9365436
0.8643809
0.7731809
0.2975318
0.8618561
0.6521437
1.2607516
0.5491044
0.32558402
0.5404822
0.73897237
0.7349226
0.9848725
0.81239116
1.227511
0.3528298
0.43792295
0.6969645
0.6554177
0.7986831
1.2037622
0.69692427
0.3438912
0.91682464
0.6596342
1.1253719
0.70403093
0.23976687
1.1576779
0.78095406
0.7750027
0.9765188
0.86360925
0.9622447
0.9385466
1.1534166
0.98488635
0.97100925
0.61521876
0.9391761
0.66346604
0.79303354
0.6264626
0.52751905
0.91899383
1.0462531
0.95516163
0.7728027
0.15327431
0.9869849
0.55975986
1.0495504
0.880765
0.45408854
1.084741
0.92031413
0.93878335
1.0966938
0.88168395
0.8344097
0.57912534
0.51805985
0.92715013
1.2050781
0.9539241
1.0053025
0.17646626
0.6791774
0.5322259
0.6318588
0.49864998
0.6100383
1.3178256
1.048341
0.64896363
0.7503265
0.48274052
0.56119776
0.072656855
1.1198653
0.64529705
0.78699124
0.8894584
0.355526
1.0020164
0.7631757
0.8158065
0.7595878
1.0943809
0.6270777
1.068027
0.52059877
0.51080084
0.7448026
0.72012675
0.5100081
0.53036594
0.7742381
0.4290442
0.8414999
0.41978267
1.0327007
0.67220116
0.4910439
0.7419314
0.7276699
0.773243
1.1546258
0.2326878
1.0744219
0.39215043
0.7941313
0.70067316
0.46278158
0.5727755
1.0503412
0.59800416
1.0233073
0.5793454
1.0162852
0.76134145
0.730607
0.7408668
1.0493463
0.56534904
0.71615595
0.68914133
0.72184813
0.9410082
0.67481226
0.42920142
0.85378486
0.43821162
0.50953203
0.4818825
0.9634994
0.63729656
0.6044782
0.7255612
0.9779764
1.2041066
0.9855408
0.5416092
0.98462224
1.1020799
0.3709113
0.80664766
0.8763139
0.80013484
1.1019871
0.6175756
0.49890095
0.682243
1.0209154
0.85937655
0.9109446
0.8465055
1.0748603
1.084835
0.7002501
0.79751045
0.6322619
0.35954487
0.51627904
0.34035268
0.51051825
0.9101699
0.35506693
0.42965463
0.76834106
0.91234314
0.7297555
0.8939887
0.48997816
0.9180609
0.8308511
0.7738876
0.54039943
0.97746575
0.35647622
0.42026842
0.32979298
0.51015323
1.1844482
0.52595866
0.40368336
0.5607287
0.34352866
0.554547
0.43064073
0.6819875
0.8292024
0.28946543
0.7959871
0.6301966
0.34116256
0.7742636
0.39030343
1.3999811
0.80118024
0.46518287
0.40314612
0.92620397
0.5155305
0.61600626
0.59440553
0.68350387
0.25895756
1.0471418
0.73846185
0.48559827
1.100793
0.8913295
0.7146998
0.35602558
0.97714686
0.784612
0.29474366
0.20796132
0.49880576
0.74148977
0.7784473
0.718676
0.7070659
0.64990664
1.0016956
0.58148015
1.2932775
0.58333415
0.5739592
0.6490162
0.63555187
1.2117991
1.2773077
0.5256567
0.7478859
0.47007316
0.67328393
1.0041449
0.4434344
0.5218361
0.5040602
0.6822158
0.79437566
0.55587053
0.46212232
0.40268847
0.5797844
0.5489382
1.0142201
0.62760085
0.49189857
0.59456885
0.41654068
0.99779415
0.2605373
0.41027853
0.7865352
0.8961346
0.5820069
0.6212526
0.33407903
0.6361595
0.64254445
0.5591675
1.110004
0.59281194
0.5327325
0.4871551
0.44143695
0.3757378
0.6750256
1.0346758
1.2568649
0.7455515
1.0527127
0.81789994
0.7724041
0.83566505
0.41351718
0.6784786
0.7060018
0.7370309
0.21996507
0.8383936
0.942679
0.6687538
0.63145995
1.0028716
0.68089986
0.6944338
0.86639726
0.7899689
0.90255105
0.79003
0.6823616
0.20381843
0.3331094
0.5161411
0.45334142
0.64490473
0.9987637
0.41659144
0.3688651
0.8573016
0.19093862
1.1565909
0.7432048
0.6795621
0.46212354
0.9334911
0.9565784
0.75262976
0.52571934
0.7065217
0.63031733
0.49095514
0.38367683
0.2783119
0.64449275
0.9363422
0.71723986
0.75152844
0.33265108
0.2206842
0.5482679
1.103547
1.1288209
0.62185
0.9582111
0.85938156
0.25085127
0.83439547
0.49456596
0.38890123
0.33731535
0.3777793
0.9554414
0.43349677
0.6199792
0.38383564
0.49945074
0.5422753
0.7157419
0.4899462
0.96238595
0.62531674
0.5437742
0.6030115
0.8401362
0.578477
0.8867015
1.0774965
0.5834903
0.7862964
0.7828004
0.5171008
0.39735946
0.4942708
0.4925839
0.51366115
1.2367759
0.92376083
0.8765356
0.81504136
0.7780339
0.48538083
0.80445445
0.9309994
0.5534025
1.3236927
0.72405916
1.0242443
0.5577604
0.85010946
0.8938352
0.7326655
0.43269655
0.6521917
0.41239884
0.56770694
0.6632203
0.5610788
0.94316465
0.81457883
0.2104888
0.9116086
0.29954416
0.46113586
1.0675247
0.22145303
0.913207
0.5692181
0.46660694
0.57374895
0.25541496
0.5933547
0.756071
0.31807774
0.8651248
0.68021595
0.5480765
0.62268424
0.6934614
0.9302261
0.89205664
0.7086412
0.6116269
0.884104
0.57398826
0.94181687
0.86823624
0.36752316
0.8489984
1.0057243
0.41838288
0.5637161
0.35257787
0.62141967
1.0549514
0.9087196
0.79262656
0.54898834
0.29169247
1.2254924
0.30578712
0.8740247
0.39126536
1.1809585
0.47613794
0.4563005
0.9544493
0.5628495
0.9910002
0.90164334
0.9584391
0.7590845
0.7451587
0.7477674
0.78754455
0.59980345
0.46685246
0.54343474
0.41175336
0.5897602
0.6183294
0.6650317
0.7165723
0.87743735
0.2719802
1.1443065
1.1803796
0.6875668
0.5332788
0.94405013
0.7847587
1.0767903
0.56925786
0.62941134
0.45302257
0.9628945
1.0139134
0.24184643
0.59712994
0.62014985
0.6082809
1.0700743
0.74493665
0.3051772
0.7364386
0.19041565
0.8316627
0.31717038
1.0060188
0.5587919
0.9032097
1.0198709
1.0232425
0.43680122
1.0633075
0.77910733
0.8539482
0.38009542
0.8585138
0.7034623
0.9092778
0.88549495
0.76638526
0.5844285
0.7178314
0.2553988
0.47673908
0.37163502
0.7993402
0.87564373
1.3105775
0.7280655
0.74631613
0.5252925
0.20965731
0.7806167
0.8752005
0.84693664
0.25878125
1.3807817
0.52278346
0.8996488
0.53725606
0.9873679
0.59051555
0.12844966
0.9184329
0.6686367
0.5295714
0.6646183
0.76790434
0.49784386
1.0988241
0.7101362
0.66945636
0.7402789
0.5821644
0.8294082
0.7683382
0.27778986
0.4153642
0.92562485
0.9889292
1.0306381
0.85555637
0.703336
0.33151418
0.94331604
0.58999985
0.73227495
0.8491098
0.8568233
0.6255134
0.7960087
0.7354363
1.0241724
0.54729855
0.86688066
0.7539301
0.4464161
0.939669
0.78817666
0.3411769
0.84379256
0.55018395
1.3876107
0.50971997
1.2804631
0.4362557
0.4317638
0.65466064
0.5920646
0.3368111
0.68194586
0.5324512
0.956938
1.0647813
0.5470057
0.30352867
0.492803
0.41164398
0.24556497
0.73741317
0.93226117
0.4149813
0.4069029
0.9081228
0.59682775
0.52357596
0.40420568
0.35148618
0.5730146
0.75048983
0.96063495
0.7462831
0.7933701
1.0549974
0.18245952
0.7621531
0.46135008
1.3856386
1.0019298
1.323456
0.17299677
0.9555212
1.122084
0.9182301
1.1468633
0.93988186
0.70876086
0.95335
1.1132536
0.70197
0.54897976
0.46902904
0.5851807
0.6574926
0.90308064
1.0195994
0.7975971
0.79686695
1.158437
0.9383223
0.42507288
0.84627026
1.0390602
0.6500798
0.36303446
0.7383829
0.96109384
0.20932387
0.2400066
0.38481575
0.5817269
0.7477332
1.1741291
0.94193304
0.53553283
1.2449307
0.90375435
0.40253082
0.9717955
0.55808806
0.4708006
0.7160519
0.5311476
0.87640136
0.64459306
1.0572804
0.8555104
1.1881838
1.0267279
0.25673592
0.6796555
1.2791926
0.7256411
0.20394123
0.7304963
0.49833736
0.8727374
0.73849
0.79910153
0.84616244
0.70803225
1.1922517
0.4135328
1.1976657
1.080576
0.52754694
0.26417705
0.60003024
0.86192715
1.0432342
0.84771353
0.28660443
0.7265769
0.6586876
0.614166
0.6935599
1.0209244
0.9770722
1.1787893
1.1757714
0.98185956
0.2690778
1.1962655
0.9746228
0.742183
0.43252683
0.9188728
0.794983
0.71842414
0.8122204
0.5450667
0.47313133
0.5916154
0.93751764
0.88723236
0.621909
0.39387184
0.3921664
0.8552191
0.82363
0.8122074
0.63336176
0.7903763
1.0158246
0.31208745
0.78948194
0.63297486
0.8645371
0.57454395
1.1756957
0.85457355
0.33314553
0.56543326
0.6311676
0.79425085
0.8934153
0.4865889
0.52473944
0.70971906
0.20938624
0.61596996
0.78030294
0.56240946
0.25243333
0.6101754
1.100055
0.53565544
0.17949574
0.38597447
0.77979463
0.98599
0.7439753
0.71146625
0.679783
0.6584716
0.57395375
0.84457594
0.5205158
0.88479096
0.9346783
0.8817824
1.1939847
0.48126826
0.7530036
0.98837817
0.65877604
0.8497263
0.81462395
0.7995781
0.39600778
0.668901
0.632376
0.46486798
0.9751779
0.6590818
0.12184821
0.5753442
0.5518074
0.50281334
0.7306852
0.800285
0.78879464
0.68155736
0.83102334
0.9373502
0.68747824
0.7490206
0.6635233
1.2725664
0.7617088
0.62725383
0.68947697
0.9999126
0.69807804
0.59581506
0.34112015
0.90200746
0.8141529
1.288341
1.238331
0.40071806
0.6353415
0.824372
0.49673906
1.0660064
0.47182304
0.40377057
0.70675105
0.87996054
0.6728409
0.75569826
0.5730766
0.7813242
1.2744012
0.40780848
0.5932322
0.698046
0.62957925
0.7229393
0.26948014
0.6543384
0.6870687
0.54459506
1.2414818
0.5744698
0.23783004
0.53373694
0.25587147
0.8956118
0.6823249
0.6220577
0.4218443
0.60388845
0.9596519
0.77533126
1.0986663
0.9019966
1.0669221
0.15775147
0.7308141
0.5298693
0.1754243
0.7419566
0.6337127
0.7788757
1.2012681
0.69396394
0.86712927
0.65486294
1.2683005
0.7283364
1.1371558
1.2691371
0.9997329
0.74292654
1.0506046
1.1692061
0.8450728
0.20367727
0.8286828
0.5933575
0.14212039
0.67154914
0.82188207
0.8564485
0.76736647
0.43854412
0.377239
1.2602504
0.8092993
0.85622084
0.5731847
0.54073024
0.43553272
0.72524446
0.5028623
0.7481078
0.5954044
0.70615774
0.2782354
0.9158088
0.56762505
0.61450523
0.41420382
1.2255408
0.8895179
0.8287648
0.3542445
0.39066672
0.61070645
0.59968764
0.78777087
0.18820906
0.8612092
0.6436993
0.48227936
0.55426615
0.4363645
1.0089197
1.2116698
0.19429575
0.7764896
0.48442298
1.0887837
0.4271241
0.6198771
0.49943078
0.77619475
0.7075032
0.5855977
0.58843267
0.77102464
0.44890678
0.40193388
0.6806749
0.55188495
0.6410896
1.1749845
0.39390537
0.86944175
0.3032029
0.74857044
0.77442175
1.0954525
0.9276021
0.79937494
0.6191781
0.49828973
0.2543724
0.76642275
0.6922028
1.130174
1.202071
0.48314574
0.8008806
0.7507668
1.0877697
1.360941
1.0902866
0.5401676
0.38590625
0.8432406
0.31736395
0.89531183
0.39960247
0.6493306
0.566341
1.0799443
0.6369481
0.44758922
0.95531994
0.685763
0.93092495
1.13005
0.4659875
0.53181964
0.826185
0.71586573
0.6875811
0.52287537
0.986734
0.07593191
0.49713093
0.68743896
0.74664575
0.6347704
0.62628114
0.31261873
0.5534087
0.8495752
0.6428497
0.54603976
0.99801195
0.8088926
0.40411982
0.9768884
0.38556224
0.36749214
0.93104106
0.9973635
0.6263963
0.99018914
1.2764617
0.71660715
0.98695415
0.8662748
0.41759825
0.34775665
0.7002289
0.3384933
0.9099537
1.0319914
0.59138167
0.4916198
0.40573236
0.80566907
0.9448924
0.39784616
0.84984916
0.60978794
0.5232103
0.75242597
0.4787184
1.148343
0.47865123
0.65662044
1.3402954
0.41360196
0.50840443
0.5780688
0.4284198
0.9649105
0.37285143
0.94980705
0.5002346
0.5797797
0.82751995
0.88169295
1.0477357
0.68148345
0.9528176
0.31568524
0.71609956
0.64192116
1.1755403
0.6355667
0.6878493
0.8036926
0.52951425
0.61725575
0.42123356
0.36790812
0.82416993
0.10144341
0.8519833
0.65833056
0.73072356
0.9481916
0.55421793
0.45948535
0.73391217
0.84767896
0.26637995
0.4827685
0.6772853
0.7349639
0.25089458
0.92525595
0.91798085
1.0785131
0.9143099
0.8145014
0.97686917
0.85033613
0.90687495
0.91480744
0.5178679
0.6688723
1.1979676
1.0016177
0.85032564
0.553264
0.76650214
0.6293121
0.3910462
0.56736284
0.96291506
0.83505124
1.0377469
0.6872062
0.95591176
0.8228662
0.844646
1.0316974
0.32076222
0.58943576
0.448315
0.75656956
0.9320976
0.9871386
1.0480099
0.7154125
0.82110053
0.70492476
0.61029583
0.57724535
0.85138965
0.68806946
0.7562422
0.6151128
0.5414876
1.1955001
0.6217765
0.9676011
0.78775454
0.82759553
1.007268
0.676034
0.3133976
0.37810436
0.9068213
0.7119084
0.6474994
0.26781407
0.51872015
1.1875052
1.0961281
0.45987222
0.7620576
1.0068066
1.1765237
0.47696188
1.023698
0.76703024
0.7099751
0.82166153
0.6473802
0.8371664
0.76784164
1.0946678
0.5115916
0.88450944
0.38660848
0.21101426
0.78885084
1.0990194
0.8878233
1.2272887
0.9561857
0.83735174
0.99553055
0.8931377
0.72054327
0.83264357
0.5177015
0.48501223
0.55546445
0.63714063
0.42979097
0.83370006
0.8606109
0.76659954
0.2938595
0.4088171
0.7329056
1.0963826
0.36965132
0.24786103
0.62521094
0.44213635
0.5102425
0.32290024
0.38088453
1.0675354
0.65598166
0.73244363
0.7138879
0.34879354
0.41770685
0.80475223
0.36102858
1.2238194
0.7854955
1.2001702
0.877982
0.4115641
0.89151204
0.3524783
0.6410364
0.924389
1.0481709
0.78775936
0.89123553
0.594957
0.79395497
0.83173656
0.74127847
0.55573595
0.4695104
0.83672214
0.8253524
0.74475694
0.46763763
0.31610587
1.1679363
0.6224071
0.52122265
0.8094489
0.5483121
0.5603362
0.80892485
0.16891035
0.87426776
0.9209797
0.75489473
0.55921775
0.3507002
0.82076097
0.69125766
0.71573156
0.8255042
0.8785572
0.5499178
0.83521485
0.59740955
0.8502677
1.0018395
0.929021
0.5843773
0.84816414
0.6567131
0.56321216
0.8279848
0.3380855
0.6272275
0.81035787
0.9880115
1.0697371
0.7936138
0.8606419
1.0692024
0.58057535
1.0227151
0.67384857
1.1060168
0.71492904
0.83561623
1.2022216
0.2340375
0.8193166
0.52060246
1.2007319
0.4026765
0.81306446
0.8449654
0.27309674
0.29732883
1.1301818
0.51631236
0.34301165
0.4837438
0.68533915
0.8778612
0.058099885
1.1596763
1.0162514
0.807334
0.57335305
0.49940842
0.55000424
0.9913733
0.80309534
0.3514156
0.8825697
0.37684947
0.9384649
1.3266892
0.61921024
0.6175621
0.6189356
0.8512295
0.8649691
1.0432523
0.6477278
1.3958503
0.90423024
0.30298266
1.0108726
0.4989214
0.7086172
0.5993454
0.6591958
1.0908598
0.44570044
0.6311566
0.37535352
0.84357435
0.90463495
0.905843
1.0372685
0.24156483
0.7777055
1.0449495
0.90231067
0.91553736
1.0605218
0.81133366
0.5331082
0.16322441
0.6640405
1.2060943
1.1609474
0.6474927
0.88890016
0.1604754
0.45841885
0.3185422
0.7155482
0.16324873
1.2101238
0.9356743
0.74076855
1.2089376
0.6276377
0.69255924
1.1672586
0.93896794
0.3754952
0.56194305
0.63883406
0.27961978
0.9909139
1.1941426
0.72979057
0.7578198
0.90285003
0.89734596
0.8227208
0.6893763
0.7376873
0.98964924
0.7003046
1.1281745
0.7977042
1.0472863
0.69132733
0.22716738
0.60478145
0.20963213
0.66915953
0.9011248
0.5318486
1.3716935
0.48948696
0.4143779
0.59758484
0.7294239
0.6040326
1.0613596
0.82758826
0.3991106
0.21685944
0.6446762
0.8332597
0.6544322
0.73708695
0.9915906
0.8954576
0.33981603
0.34584
0.6471187
0.4172036
0.7634882
0.81319517
0.96033096
0.70869905
0.11423503
0.6699047
0.9459215
0.49025652
0.25535244
0.3119083
0.91285026
0.6751177
0.32395223
0.21129327
0.81919926
0.77496547
0.717258
0.46295783
0.45249966
0.67916
0.4194661
0.8819568
0.44626454
0.2978856
0.7135837
0.71334493
1.0263501
0.40656596
0.17299981
0.48194274
0.14453834
0.38110363
0.8289648
0.49512294
0.4079975
1.0052344
0.89499724
0.9501553
0.4217876
0.8239761
0.41354817
0.4543153
0.73410153
0.43575856
0.7344291
0.5986827
0.3392824
0.5944404
0.91064453
1.1098568
0.7658534
0.75352126
0.66357493
0.5609796
0.28442803
0.52308273
1.0280875
0.12261533
1.1871794
1.191146
0.71376455
0.65318364
0.86822194
0.6982848
1.2088958
0.9570407
0.58123523
0.36780292
0.9703266
1.2243525
0.77685565
0.71159357
1.103386
0.68079793
0.48372895
0.6201592
1.140676
0.42493752
0.43913913
0.8878422
0.5797868
0.74082154
0.19120085
0.53300685
0.43708062
0.7590556
0.35929474
0.8005791
0.6702843
0.9736238
0.56438524
0.6936147
0.8050181
0.19106412
0.24284916
0.49814284
0.9969765
0.6206475
0.9436609
0.6097849
0.85055923
0.56222194
0.7939004
0.7385296
0.4996798
0.69843876
0.6986682
0.63356334
0.6091808
0.42011377
0.6151238
0.7330605
1.083081
0.8923304
0.6557748
1.0604584
0.45911387
1.0829513
0.85752124
0.8502037
0.82734144
0.4603174
0.14233536
0.49316707
0.8587688
0.7714071
0.6706679
0.9402739
1.2029088
0.7728126
0.51708263
0.87408155
0.5860244
0.47939792
0.7777921
0.7608105
0.16444068
0.46291554
0.3231626
0.7930084
0.6591465
0.7394843
1.0898701
0.9831384
0.654872
0.58260834
1.0025415
1.1421564
1.0340395
0.58154714
0.27793065
0.82568157
1.0617826
0.23634224
1.1125085
0.62081534
0.6511875
0.92145365
1.0272082
0.8453069
0.59601915
0.87528074
0.65369964
0.6557524
0.43346125
0.7590933
0.6164661
1.1771502
0.8166784
0.7927708
0.44437292
0.35117412
0.9665735
0.51749283
0.8706496
0.28371635
1.1408788
0.9824025
1.1585792
0.57389754
0.45578435
0.5468616
0.65290946
0.7837606
0.6047989
1.2682108
1.0959901
0.6520758
0.41266334
0.38635644
1.1164306
0.5145479
0.35876146
0.67143536
0.4867204
1.1585631
0.6625756
0.5570594
1.1618339
0.66162866
1.0787808
0.43712837
0.47878554
0.7573478
0.417067
1.2506206
0.44530058
0.76399267
0.8319324
1.1555711
0.7574138
0.7627015
0.8685407
0.33781067
0.49402887
0.616931
0.8794973
0.84750867
0.9434587
0.92881095
0.53586334
0.42661917
0.5852159
0.7874038
0.24124426
0.7945963
0.8544192
0.66234565
1.1518869
0.72486067
0.6660426
0.6375433
0.5731724
0.53811824
0.8078552
0.51473296
0.5924153
0.57223386
0.9312017
0.6581992
1.015312
0.74175984
0.7820691
0.8805053
1.1376915
0.282646
0.33534282
0.44378787
0.915302
0.6758136
1.2307268
0.8111823
0.87299556
0.794627
0.37013277
0.6725117
0.27002147
0.9614084
0.54739136
0.20159209
0.7383076
0.9227561
0.72189486
0.79605246
0.1595536
0.7448136
0.74701005
0.77244836
0.517047
0.15809767
0.8346241
0.98554415
0.618746
0.221589
0.54996073
0.55480784
0.48794562
1.0732776
0.82936215
0.58211416
0.9656198
0.54065377
0.6240073
0.65305495
0.74598616
0.8012145
0.86517406
0.93646395
0.8237227
0.83861405
1.2491891
0.91720426
0.18338807
0.9828817
0.7212139
0.5283071
0.5672778
0.5742238
0.696752
0.8879585
0.4968526
