0,1,2,3,4,5,6,7,8,9,10,11,12
0.0,0.18,0.06781524926686218,0.0,0.31481481481481477,0.5775052692086607,0.6416065911431514,0.26920313906646415,0.0,0.20801526717557245,0.2872340425531916,0.9999999999999999,0.08967991169977926
0.0007050700754007986,0.0,,,0.15020576131687247,0.6871048093504503,0.5283213182286303,0.44854458983895457,0.08695652173913043,0.06679389312977096,0.6489361702127658,,0.09933774834437087
0.000264471526768385,0.0,0.06304985337243403,0.0,0.15020576131687247,0.5497221689978923,0.5746652935118435,0.44854458983895457,0.08695652173913043,0.06679389312977096,0.6489361702127658,0.9929900650562308,0.09602649006622516
0.0015536718718739421,0.125,0.27162756598240473,0.0,0.28600823045267487,0.5002874113814907,0.9598352214212151,0.43838718184215547,0.17391304347826086,,0.2765957446808509,0.9999999999999999,0.4806843267108167
0.0023032513924937294,0.125,,0.0,0.28600823045267487,0.3966277064571758,1.0,0.4503541907264775,,0.2366412213740458,0.2765957446808509,0.9741035856573705,0.7781456953642383
0.0018401733260739476,0.125,0.27162756598240473,0.0,0.28600823045267487,,0.8547888774459321,0.49673089688912336,0.17391304347826086,0.2366412213740458,0.2765957446808509,0.9743053104039537,
0.0009830293128416045,0.125,0.27162756598240473,0.0,0.28600823045267487,0.4460624640735774,0.3717816683831102,0.3929561967463558,0.17391304347826086,0.2366412213740458,0.2765957446808509,0.983862020273337,0.38576158940397354
0.006980677056100335,0.0,0.28152492668621704,,0.31481481481481477,0.4355240467522513,0.5520082389289392,,0.13043478260869565,0.22900763358778625,0.8936170212765959,0.9967724040546674,0.1859823399558499
,0.0,0.28152492668621704,0.0,0.31481481481481477,0.46541483042728504,0.811534500514933,0.2844710782129509,,0.22900763358778625,0.8936170212765959,,0.35706401766004414
0.008951231585341017,0.0,0.28152492668621704,0.0,0.31481481481481477,0.3630963786165934,0.34706488156539655,0.24251379934345135,0.13043478260869565,0.22900763358778625,0.8936170212765959,0.7278985324524686,0.2748344370860927
,0.0,0.28152492668621704,0.0,0.31481481481481477,0.46062464073577314,0.8887744593202884,0.2621375114805081,0.13043478260869565,,0.8936170212765959,0.9889807857178878,0.33388520971302427
0.01378163036749066,,0.28152492668621704,0.0,0.31481481481481477,0.4945391837516767,0.9145211122554068,0.25891842246451274,0.13043478260869565,0.22900763358778625,0.8936170212765959,0.9999999999999999,0.46881898454746135
0.011038679607076014,0.0,0.28152492668621704,0.0,0.31481481481481477,0.43150028741138147,1.0,0.26967599959988725,,0.22900763358778625,,0.994049119975793,0.5008278145695364
0.009376431664289083,0.0,0.28152492668621704,0.0,0.31481481481481477,0.3904962636520407,0.8527291452111225,,0.13043478260869565,0.22900763358778625,0.8936170212765959,0.764284633617429,0.4078366445916115
0.007481071122047147,0.0,0.28152492668621704,0.0,0.31481481481481477,,0.9001029866117405,0.32303649210231977,0.13043478260869565,0.22900763358778625,0.8936170212765959,0.9495183821675324,0.3609271523178808
0.008617185951020727,0.0,0.28152492668621704,0.0,0.31481481481481477,0.562176662195823,0.9423274974253347,0.3023670307086542,0.13043478260869565,0.22900763358778625,0.8936170212765959,0.9774068283826719,0.30546357615894043
,0.0,0.28152492668621704,0.0,0.31481481481481477,0.5964744203870475,0.8692070030895983,0.282752412043394,0.13043478260869565,0.22900763358778625,0.8936170212765959,0.9579656059307076,0.2828366445916115
0.012638996478358745,0.0,0.28152492668621704,0.0,,0.4123395286453343,0.9392378990731204,0.2822068037355982,,0.22900763358778625,0.8936170212765959,0.9073831257249484,0.5758830022075054
0.0006502200519996206,0.0,0.20161290322580644,0.0,0.23456790123456794,0.454493197930638,0.6725025746652935,0.20284807536669425,0.17391304347826086,0.17557251908396948,0.7021276595744679,0.9999999999999999,0.2193708609271523
0.0010241668303924878,0.0,0.20161290322580644,0.0,,,,,0.17391304347826086,0.17557251908396948,0.7021276595744679,0.9512330425134904,0.2671081677704194
0.0008297190015317544,0.0,0.20161290322580644,,0.23456790123456794,0.43858976815481887,,0.25503551000736574,0.17391304347826086,0.17557251908396948,0.7021276595744679,0.9999999999999999,0.19426048565121412
0.00023951926202440645,0.75,0.09127565982404694,0.0,0.08847736625514402,0.5813374209618701,0.1946446961894954,0.38842764779165034,0.08695652173913043,0.12404580152671751,0.6063829787234043,0.9967976196479903,0.07146799116997793
0.00030650822503076327,0.75,0.09127565982404694,0.0,0.08847736625514402,0.6635370760682123,0.13285272914521115,0.38842764779165034,0.08695652173913043,0.12404580152671751,0.6063829787234043,0.9967724040546674,0.006898454746136866
0.0013613595972030085,0.0,0.23643695014662755,0.0,0.12962962962962965,0.6148687488024526,,0.41750857059716834,0.08695652173913043,0.08778625954198471,0.5638297872340423,0.9710272832719755,0.0858167770419426
0.0017201327010894023,0.0,0.23643695014662755,0.0,0.12962962962962965,0.5077601073002492,0.03707518022657055,0.41750857059716834,0.08695652173913043,0.08778625954198471,0.5638297872340423,0.9938473952292097,0.157560706401766
0.0013079707424580092,0.0,0.23643695014662755,0.0,0.12962962962962965,0.48055182985246214,0.3820803295571576,0.41750857059716834,0.08695652173913043,0.08778625954198471,0.5638297872340423,,0.21578366445916114
0.0018556841933472315,0.0,0.23643695014662755,0.0,0.12962962962962965,0.40639969342785986,0.31822863027806386,0.3610835780992825,0.08695652173913043,0.08778625954198471,,0.9999999999999999,0.2339955849889625
0.0025059042453468524,0.0,0.23643695014662755,0.0,0.12962962962962965,0.4730791339337038,0.850669412976313,,0.08695652173913043,0.08778625954198471,0.5638297872340423,0.9895103131776691,0.47102649006622516
0.002782402314131479,,0.23643695014662755,0.0,0.12962962962962965,,0.9515962924819773,0.43106693704589477,0.08695652173913043,0.08778625954198471,0.5638297872340423,0.9999999999999999,0.8024282560706402
0.002399126535856854,0.0,0.23643695014662755,0.0,0.12962962962962965,0.3910710864150221,,0.45086342514708694,0.08695652173913043,0.08778625954198471,,0.9999999999999999,0.3992825607064017
0.00041643306701099296,0.21,0.18988269794721407,,0.11111111111111105,0.4893657788848439,0.6189495365602471,0.5169729651083488,0.13043478260869565,0.10687022900763354,0.44680851063829796,0.9926118311563872,0.21247240618101543
0.0005314158004933805,0.21,0.18988269794721407,0.0,0.11111111111111105,,0.18743563336766222,0.5169729651083488,0.13043478260869565,0.10687022900763354,0.44680851063829796,0.9999999999999999,0.09795805739514349
0.000488817114286318,0.21,0.18988269794721407,0.0,0.11111111111111105,0.4669476911285687,0.19052523171987643,0.5169729651083488,0.13043478260869565,0.10687022900763354,0.44680851063829796,0.9999999999999999,0.184878587196468
8.182544474601967e-05,0.75,0.12976539589442815,0.0,0.05144032921810693,,0.4603501544799177,0.5628949976811648,0.08695652173913043,0.5381679389312977,,0.9999999999999999,0.3606512141280353
7.63179628881145e-05,0.9,0.02785923753665689,0.0,0.03703703703703709,0.7066487832918183,0.1956745623069001,0.6881030108485119,0.17391304347826086,0.07442748091603052,0.5638297872340423,0.9975540874476777,0.08498896247240617
0.00015994176905712357,0.85,,,0.05144032921810693,0.5407166123778501,0.3377960865087539,0.7327519573698043,0.043478260869565216,0.24045801526717553,0.5,0.9999999999999999,0.11147902869757173
0.001664945484921414,0.25,0.17118768328445746,0.0,0.13991769547325106,0.49511400651465787,0.27085478887744596,0.6079167765461176,0.30434782608695654,0.1851145038167939,0.7553191489361701,0.9843159009531495,0.14155629139072848
0.0013507942238429455,,0.17118768328445746,0.0,0.13991769547325106,0.6133358881011687,0.41709577754891863,0.6230210332002656,0.30434782608695654,0.1851145038167939,0.7553191489361701,0.9966715416813757,0.2144039735099338
0.00014825241980769222,0.17500000000000002,0.03372434017595308,0.0,,0.6788656830810501,0.5829042224510813,0.735961952914003,0.08695652173913043,0.05534351145038163,0.6382978723404256,0.9907710928438146,0.17439293598233996
0.00033179768254155224,0.8,0.10667155425219943,0.0,0.026748971193415683,0.5228971067254263,0.1534500514933059,0.49849503041766324,0.13043478260869565,0.28625954198473275,0.37234042553191493,0.9999999999999999,0.08112582781456953
0.0004211537657463403,0.8,0.10667155425219943,0.0,0.026748971193415683,0.4265184901322091,0.29042224510813597,0.49849503041766324,0.13043478260869565,0.28625954198473275,0.37234042553191493,0.9999999999999999,0.2348233995584989
0.0005796343661472849,0.125,0.2056451612903226,0.0,0.0493827160493826,0.44395478060931215,0.19052523171987643,0.48817393992852537,0.13043478260869565,0.30152671755725186,0.6702127659574466,0.9982601240607191,0.1757726269315673
,0.125,0.2056451612903226,0.0,0.0493827160493826,0.44529603372293536,0.309989701338826,0.48817393992852537,0.13043478260869565,0.30152671755725186,0.6702127659574466,0.9999999999999999,0.19481236203090505
0.000998090589759141,0.0,0.45344574780058655,0.0,0.10699588477366251,0.5221306763747843,0.43357363542739447,0.30672280369922433,0.17391304347826086,0.4026717557251908,0.6489361702127658,0.9655302839275809,
0.0010701374442676555,0.0,0.45344574780058655,,0.10699588477366251,0.5207894232611611,0.737384140061792,,0.17391304347826086,0.4026717557251908,0.6489361702127658,0.9413989611175552,0.282560706401766
0.0009076105306649845,0.0,0.45344574780058655,0.0,0.10699588477366251,0.4941559685763556,0.44181256436663235,0.2692486064254471,0.17391304347826086,0.4026717557251908,,,0.2356512141280353
0.0008716433022051957,0.0,0.45344574780058655,0.0,0.10699588477366251,0.4431883502586701,0.34706488156539655,0.30672280369922433,0.17391304347826086,0.4026717557251908,0.6489361702127658,0.9978818901608755,0.2033664459161148
0.0003912560070891407,0.25,0.16129032258064516,,0.08436213991769548,0.6066296225330524,0.31513903192584963,0.38839127390446393,0.13043478260869565,0.1793893129770992,0.6808510638297873,0.9999999999999999,
0.00043048276562809796,0.25,0.16129032258064516,0.0,0.08436213991769548,0.5859360030657214,0.6951596292481977,0.38839127390446393,0.13043478260869565,0.1793893129770992,0.6808510638297873,0.9967976196479903,0.15149006622516556
0.0003402275017118153,0.25,0.16129032258064516,0.0,,,0.3017507723995881,0.38839127390446393,0.13043478260869565,0.1793893129770992,0.6808510638297873,,0.1376931567328918
0.00032808856210663655,,0.16129032258064516,,0.08436213991769548,,0.45108135942327504,0.38839127390446393,0.13043478260869565,0.1793893129770992,,0.9842150385798578,0.1594922737306843
0.0004975841262233916,0.0,,0.0,0.13168724279835387,0.541866257903813,0.4644696189495366,0.3318935336322054,0.08695652173913043,0.1145038167938931,0.6276595744680851,0.9999999999999999,0.21771523178807944
0.0005735648963446956,0.0,0.14772727272727273,,0.13168724279835387,0.5880436865299866,0.5478887744593203,0.3008211405032328,0.08695652173913043,0.1145038167938931,,0.988400827071461,0.13245033112582782
0.000512083415196244,0.0,0.14772727272727273,,0.13168724279835387,0.4702050201187967,0.4346035015447992,0.29986632596459,0.08695652173913043,0.1145038167938931,0.6276595744680851,0.9977053810076152,0.30711920529801323
,0.0,,0.0,0.13168724279835387,,0.5550978372811534,0.2380670916349153,0.08695652173913043,0.1145038167938931,0.6276595744680851,,0.18515452538631344
0.0005248967403350438,0.0,0.10813782991202346,0.0,0.21399176954732513,,0.619979402677652,0.2077767370804499,,0.1583969465648855,0.5531914893617023,0.9978818901608755,0.10954746136865343
0.0004554350303720765,0.0,0.10813782991202346,0.0,0.21399176954732513,0.5472312703583061,0.6508753861997939,,0.043478260869565216,0.1583969465648855,0.5531914893617023,,0.19536423841059603
0.0003709120434915727,0.0,0.10813782991202346,0.0,0.21399176954732513,0.5449319793063806,0.7312049433573636,,0.043478260869565216,0.1583969465648855,0.5531914893617023,0.9915527762368249,0.17853200883002204
0.00040137179009345635,0.28,0.5344574780058651,0.0,0.1625514403292181,,0.5221421215242018,0.23063772517709535,0.13043478260869565,0.1583969465648855,0.5957446808510638,0.9952342528619699,0.17742825607064017
0.0004115999706867088,0.28,0.5344574780058651,0.0,0.1625514403292181,0.5150411956313469,0.7662203913491246,0.2260091480326274,0.13043478260869565,0.1583969465648855,,0.9999999999999999,0.24448123620309048
0.0012219865869213266,0.0,,0.0,0.12345679012345678,0.49856294309254656,0.6869207003089598,0.2151151688203039,0.043478260869565216,0.1698473282442748,0.574468085106383,0.9872156941852841,0.2651766004415011
0.0008491637844178277,0.0,0.08907624633431087,0.0,0.12345679012345678,0.8160567158459476,0.35015447991761073,0.2151151688203039,0.043478260869565216,0.1698473282442748,0.574468085106383,0.991502345050179,0.050772626931567325
0.0007000121838986407,0.0,0.08907624633431087,0.0,0.12345679012345678,0.7386472504311171,0.6138002059732235,0.2151151688203039,,0.1698473282442748,0.574468085106383,,0.1230684326710817
0.0015998672809269833,0.0,0.29692082111436957,0.0,0.2777777777777778,0.6066296225330524,0.7929969104016479,0.14987860215151544,0.17391304347826086,0.37595419847328243,0.8829787234042552,0.994603863028897,0.21219646799116998
0.0012138939605178742,0.0,0.29692082111436957,0.0,0.2777777777777778,0.6169764322667176,0.7044284243048403,0.15699879056825106,0.17391304347826086,0.37595419847328243,,0.9966715416813757,0.16390728476821192
0.0025001719683110735,0.0,0.29692082111436957,0.0,0.2777777777777778,0.5449319793063806,0.8496395468589084,0.1441406214478626,0.17391304347826086,0.37595419847328243,0.8829787234042552,0.1777195017398759,0.24558498896247244
0.0023074101032843925,0.0,,0.0,0.2777777777777778,0.4935811458133742,0.8702368692070032,0.1441406214478626,0.17391304347826086,0.37595419847328243,0.8829787234042552,0.9938726108225328,0.32312362030905073
0.0014980350653502061,0.0,,0.0,0.2777777777777778,0.4993293734431884,0.8970133882595263,0.11743309478125653,0.17391304347826086,0.37595419847328243,0.8829787234042552,0.9893842352110546,
0.001853211446390621,0.0,0.29692082111436957,0.0,0.2777777777777778,0.43590726192757245,0.9165808444902164,0.09833680400840238,0.17391304347826086,,,0.9968984820212821,0.46716335540838855
0.00140328389787645,0.0,,0.0,0.2777777777777778,0.4916650699367694,0.8475798146240989,0.09027998799661723,0.17391304347826086,0.37595419847328243,0.8829787234042552,0.9767764385495991,0.3410596026490066
0.0013678786573613452,0.0,,0.0,0.2777777777777778,0.5581529028549531,0.9701338825952626,0.11851521792505161,0.17391304347826086,0.37595419847328243,0.8829787234042552,0.9958142115083968,0.29083885209713023
0.0011420719011872333,0.0,0.29692082111436957,0.0,,0.5046943858976817,,0.14987860215151544,0.17391304347826086,0.37595419847328243,0.8829787234042552,0.9914014826768874,0.3109823399558499
0.0024255399692570115,0.0,0.3500733137829912,,0.33333333333333337,0.4849588043686529,0.9526261585993822,0.12898180396293502,0.21739130434782608,0.46755725190839686,0.5531914893617023,0.9999999999999999,0.423841059602649
0.0015284948119520898,0.0,0.3500733137829912,0.0,0.33333333333333337,0.5159992335696492,0.8372811534500515,0.10247433367585411,0.21739130434782608,0.46755725190839686,0.5531914893617023,0.9794240758485048,0.24061810154525382
0.001854785012635737,0.0,0.3500733137829912,0.0,0.33333333333333337,0.45353515999233573,0.878475798146241,0.12126144640762397,0.21739130434782608,0.46755725190839686,0.5531914893617023,0.8689041303141863,
0.0016259435215603304,0.0,0.3500733137829912,0.0,0.33333333333333337,0.4713546656447595,0.8208032955715756,,0.21739130434782608,0.46755725190839686,0.5531914893617023,0.9939734731958243,0.23647902869757176
0.0013966524401291763,0.0,0.3500733137829912,0.0,0.33333333333333337,0.4428051350833492,0.7229660144181256,0.12257090634633398,0.21739130434782608,0.46755725190839686,0.5531914893617023,0.8530687377073982,0.37637969094922735
0.0015560322212416157,0.0,0.3500733137829912,0.0,0.33333333333333337,0.41578846522322277,0.6416065911431514,0.14818721639734833,0.21739130434782608,0.46755725190839686,0.5531914893617023,0.9863835796056282,0.3278145695364238
0.0007043956898671775,0.0,0.9233870967741936,0.0,0.4032921810699587,0.44242191990802826,0.6879505664263645,0.10258345533741327,0.043478260869565216,0.001908396946564861,0.6914893617021276,0.980457915174744,0.34878587196467986
0.0009741499033155941,0.0,0.9233870967741936,,,0.4598582103851313,0.9268795056642637,0.08705180550882523,0.043478260869565216,0.001908396946564861,,0.9525694689596046,
0.0016191996662241201,0.0,0.9233870967741936,0.0,0.4032921810699587,0.4397394136807816,0.9691040164778579,,,0.001908396946564861,0.6914893617021276,,0.6534216335540839
0.00182870877200239,0.0,0.9233870967741936,0.0,0.4032921810699587,0.464648400076643,0.8805355303810505,0.07850394202002382,0.043478260869565216,0.001908396946564861,0.6914893617021276,0.9700438751323819,0.3609271523178808
0.004282685331260422,,0.9233870967741936,0.0,0.4032921810699587,0.39317876987928735,0.9546858908341915,0.0570706289954442,0.043478260869565216,0.001908396946564861,0.6914893617021276,0.9051641535125322,0.7044701986754967
0.0028417482410901308,,0.7855571847507332,0.0,0.4917695473251028,0.4085073768921249,0.9588053553038105,0.05989869872418592,0.13043478260869565,0.4770992366412213,0.9148936170212765,,0.42660044150110377
0.0035867194605635074,0.0,0.7855571847507332,0.0,0.4917695473251028,,0.9876416065911431,0.06209931889896243,0.13043478260869565,0.4770992366412213,0.9148936170212765,0.9999999999999999,0.3769315673289183
0.0037511571331781046,0.0,0.7855571847507332,0.0,0.4917695473251028,0.5550871814523856,0.9886714727085479,0.08992534259654995,0.13043478260869565,0.4770992366412213,0.9148936170212765,0.9953098996419386,
0.0065609844590101725,0.0,0.7855571847507332,,0.4917695473251028,0.538608928913585,,0.10892160517964154,0.13043478260869565,0.4770992366412213,0.9148936170212765,0.9719098290382773,0.2591059602649006
0.0036360620021067803,0.0,0.7855571847507332,0.0,0.4917695473251028,0.4332247557003258,0.9526261585993822,0.12187980248979259,0.13043478260869565,0.4770992366412213,0.9148936170212765,0.9792979978818902,0.3669977924944812
0.010900880163039446,,0.7855571847507332,0.0,0.4917695473251028,,0.9835221421215243,0.11061299093380865,0.13043478260869565,0.4770992366412213,0.9148936170212765,0.6617580311664734,0.4299116997792494
0.002736656495434185,0.0,0.7855571847507332,0.0,0.4917695473251028,0.4399310212684423,0.9814624098867148,0.04901381298365905,0.13043478260869565,0.4770992366412213,0.9148936170212765,0.9877452216450654,0.5405629139072847
0.003198610585964598,0.0,0.7855571847507332,0.0,0.4917695473251028,0.5006706265568118,0.9340885684860968,0.04385781447498842,,0.4770992366412213,0.9148936170212765,0.9777598466891926,0.6189293598233996
0.037256765997661236,0.0,0.7008797653958945,1.0,,0.3529411764705882,1.0,0.017459465849466685,0.17391304347826086,0.41221374045801523,0.22340425531914887,0.9999999999999999,0.6923289183222958
0.031172572110921132,0.0,0.7008797653958945,0.0,,0.25713738264035246,,0.019669179496039815,0.17391304347826086,0.41221374045801523,0.22340425531914887,0.9999999999999999,0.760485651214128
0.026672172649890052,0.0,0.7008797653958945,0.0,0.9999999999999999,0.492239892699751,1.0,0.026325600851148975,0.17391304347826086,0.41221374045801523,0.22340425531914887,0.435195925160119,0.7193708609271523
0.024151207127625664,,0.7008797653958945,0.0,0.9999999999999999,,1.0,0.035191735852831266,0.17391304347826086,0.41221374045801523,0.22340425531914887,0.4260174491905795,0.41169977924944806
0.026551682434549757,0.0,0.7008797653958945,0.0,0.9999999999999999,0.26154435715654345,0.9557157569515963,0.030117578590330027,0.17391304347826086,0.41221374045801523,0.22340425531914887,0.9869131070654092,0.7671081677704195
0.026128730307380426,0.0,0.7008797653958945,0.0,0.9999999999999999,0.31136232994826596,0.9361483007209063,0.03637388718638891,0.17391304347826086,0.41221374045801523,0.22340425531914887,0.8993645670482627,
0.01674724075158919,0.0,0.7008797653958945,0.0,0.9999999999999999,0.35313278405824866,1.0,0.04201183970027918,0.17391304347826086,0.41221374045801523,,0.8605577689243029,0.31870860927152317
0.01259145229823846,0.0,0.7008797653958945,1.0,0.9999999999999999,0.27802260969534387,0.8764160659114315,0.04370322545444626,0.17391304347826086,0.41221374045801523,0.22340425531914887,,
0.015820297835627068,0.0,0.7008797653958945,,0.9999999999999999,0.4920482851120903,0.9588053553038105,0.0563613381953096,,0.41221374045801523,0.22340425531914887,0.8086640778657521,0.3694812362030905
0.03966162481055387,0.0,0.7008797653958945,1.0,0.9999999999999999,0.4964552596282813,0.8208032955715756,0.0560066927952423,,0.41221374045801523,0.22340425531914887,0.22111553784860558,0.3667218543046357
0.027429058013790735,0.0,0.7008797653958945,,0.9999999999999999,0.3278405824870666,,0.05517918686175195,0.17391304347826086,0.41221374045801523,,0.22267890463462603,0.3976269315673289
0.015945845942469516,0.0,0.7008797653958945,0.0,0.9999999999999999,0.5650507760107301,,0.05786176104174813,,0.41221374045801523,0.22340425531914887,0.9178223813606334,0.15618101545253862
0.016376778298453364,0.0,0.7008797653958945,0.0,0.4526748971193414,0.7526346043303315,0.9052523171987641,0.07650337822477245,0.17391304347826086,0.41221374045801523,0.22340425531914887,0.9433405618034193,0.0
0.02054009739026286,0.0,0.7008797653958945,1.0,0.4526748971193414,0.8126077792680589,0.9814624098867148,0.08285062153879731,0.17391304347826086,0.41221374045801523,0.22340425531914887,0.981617832467598,0.005242825607064017
0.017002383278475815,0.0,0.7008797653958945,1.0,0.4526748971193414,0.9223989269975091,0.9371781668383111,0.09388100282806973,0.17391304347826086,0.41221374045801523,0.22340425531914887,0.9786928236421403,0.043874172185430466
0.025132550476633216,0.0,0.7008797653958945,0.0,0.4526748971193414,0.4393561985054609,,0.11752402949922254,0.17391304347826086,0.41221374045801523,0.22340425531914887,0.995486408795199,0.2734547461368653
,0.0,,0.0,0.4526748971193414,0.48668327265759725,0.9279093717816684,0.10492047758913876,0.17391304347826086,,0.22340425531914887,,
0.022523015654286598,0.0,0.7008797653958945,0.0,0.4526748971193414,0.8369419429009389,0.96086508753862,,0.17391304347826086,,0.22340425531914887,0.930404962428766,0.0543598233995585
0.020163677864913385,0.0,0.7008797653958945,0.0,0.4526748971193414,0.4437631730216517,0.7857878475798147,0.11787867489928981,0.17391304347826086,0.41221374045801523,0.22340425531914887,0.5731252206364417,0.28725165562913907
0.025936642827887366,0.0,0.7008797653958945,0.0,0.4526748971193414,0.44433799578463307,0.972193614830072,,0.17391304347826086,0.41221374045801523,,0.8770235513641635,0.2842163355408388
0.0014928647762591117,0.0,0.1315982404692082,0.0,0.257201646090535,,0.8815653964984552,0.13335576389709825,0.17391304347826086,0.20801526717557245,,0.9999999999999999,0.3576158940397351
0.0009605497950542364,0.0,0.1315982404692082,0.0,0.257201646090535,0.5470396627706459,0.8362512873326466,0.1379206867389901,0.17391304347826086,0.20801526717557245,0.4255319148936172,0.9964698169347925,0.20171081677704192
0.0008783871575414062,0.0,0.1315982404692082,,0.257201646090535,0.4403142364437632,0.6776519052523172,0.14297665705789814,0.17391304347826086,0.20801526717557245,0.4255319148936172,0.9907458772504918,0.21826710816777045
0.0005786227878468533,0.0,0.07331378299120235,0.0,0.2119341563786007,0.6551063422111517,0.5715756951596292,0.1545344597113732,,0.011450381679389277,0.5531914893617023,0.9999999999999999,0.09133554083885209
0.0006694400397078201,0.0,0.07331378299120235,0.0,0.2119341563786007,0.8055182985246215,0.8280123583934088,,0.08695652173913043,0.011450381679389277,0.5531914893617023,0.99662111049473,0.1608719646799117
,,0.07331378299120235,0.0,0.2119341563786007,0.49492239892699763,0.6107106076210093,0.13351944638943702,0.08695652173913043,0.011450381679389277,0.5531914893617023,0.9999999999999999,0.21302428256070638
0.0009521199758839734,0.0,,0.0,0.2119341563786007,0.6886376700517342,,0.1428584419245424,0.08695652173913043,0.011450381679389277,0.5531914893617023,0.9929900650562308,0.08526490066225167
0.0010538397938718138,0.0,0.07331378299120235,0.0,0.2119341563786007,,0.9546858908341915,0.1561712846347607,0.08695652173913043,0.011450381679389277,0.5531914893617023,0.9999999999999999,0.10899558498896247
0.0008627638926791854,0.0,0.07331378299120235,0.0,0.2119341563786007,0.391454301590343,0.8949536560247168,0.16898398639616619,0.08695652173913043,0.011450381679389277,0.5531914893617023,0.9851227999394826,0.3380242825607064
0.0008140957366695336,,0.1092375366568915,0.0,0.10699588477366251,0.6171680398543783,0.3934088568486097,0.2417954150715202,0.17391304347826086,0.4026717557251908,,0.992359675223158,0.1365894039735099
0.00134281399502843,0.45,0.1092375366568915,0.0,0.10699588477366251,0.5738647250431118,0.2698249227600412,0.3125517191208432,0.17391304347826086,0.4026717557251908,0.2765957446808509,,0.0780905077262693
0.0007057444609344197,0.45,0.1092375366568915,0.0,0.10699588477366251,0.6089289135849779,,0.4865189280615447,,0.4026717557251908,0.2765957446808509,0.9818699884008271,0.08167770419426049
,0.45,0.1092375366568915,0.0,0.10699588477366251,0.6930446445679249,0.24098867147270858,0.4865189280615447,0.17391304347826086,0.4026717557251908,0.2765957446808509,0.9838368046800141,0.031456953642384114
9.070485427203005e-05,0.6,0.09054252199413491,0.0,0.03292181069958855,0.5830618892508143,0.16374871266735327,0.46285771444679863,0.0,0.14885496183206098,0.31914893617021267,0.94906450148772,0.07312362030905077
8.41857941136933e-05,0.8,0.0,0.0,0.07613168724279828,0.8265951331672735,0.2996910401647786,0.41091580354463525,0.13043478260869565,,0.1914893617021276,0.9932674365827828,
0.00037979145301758306,0.8,0.03885630498533725,0.0,0.039094650205761305,0.7139298716229162,0.3213182286302781,0.5619219961989289,0.043478260869565216,0.27099236641221375,0.0,0.9999999999999999,0.06484547461368653
0.0004534118737712134,0.8,0.03885630498533725,0.0,0.039094650205761305,0.6794405058440315,0.34706488156539655,0.5619219961989289,0.043478260869565216,0.27099236641221375,0.0,0.8926067880377225,0.1898454746136865
0.0001288076369216189,0.9500000000000001,0.03702346041055718,0.0,0.03703703703703709,0.6848055182985245,0.11328527291452112,0.5932399130664098,0.08695652173913043,0.41030534351145037,0.46808510638297873,,0.0750551876379691
0.0003161744176793315,0.8250000000000001,0.057551319648093846,0.0,0.061728395061728336,0.4983713355048859,0.36560247167868176,0.46744082423228356,0.043478260869565216,0.30725190839694655,0.22340425531914887,0.9921075192899289,0.15728476821192053
0.00017365427490741815,0.8250000000000001,0.057551319648093846,0.0,,,0.13182286302780638,0.46744082423228356,0.043478260869565216,0.30725190839694655,0.22340425531914887,0.9961672298149176,0.0380794701986755
0.0003234802609602261,0.9500000000000001,0.08137829912023462,0.0,0.0639917695473251,0.822379766238743,0.31204943357363546,0.3626840291354837,0.13043478260869565,0.07061068702290074,0.22340425531914887,0.9896111755509607,0.05739514348785872
0.00015477147996602894,0.9500000000000001,0.08137829912023462,0.0,0.0639917695473251,0.8570607396052886,,0.3626840291354837,,0.07061068702290074,0.22340425531914887,0.9839880982399516,0.031732891832229576
0.0014622926320682912,0.0,0.37133431085043994,0.0,0.21399176954732513,0.44644567924889833,,0.2560539788485846,0.13043478260869565,0.17175572519083965,0.6382978723404256,,0.25220750551876375
0.0025106249440821995,0.0,0.37133431085043994,0.0,,0.5297949798812033,0.5108135942327497,0.2932917458556502,0.13043478260869565,0.17175572519083965,,0.9948812345554491,0.25496688741721857
0.0014561107646767647,,0.37133431085043994,1.0,,,,0.28277059898698725,0.13043478260869565,0.17175572519083965,0.6382978723404256,0.9607141056029048,0.3567880794701987
0.004826240071358981,0.0,0.37133431085043994,1.0,,0.3416363287986205,1.0,0.24965217470378015,0.13043478260869565,0.17175572519083965,0.6382978723404256,0.9999999999999999,0.5894039735099337
0.001889853060384031,0.0,0.37133431085043994,1.0,0.21399176954732513,0.45966660279747085,0.9186405767250256,0.24984313761150873,0.13043478260869565,0.17175572519083965,0.6382978723404256,0.9907963084371375,0.4288079470198675
0.004152641320860498,0.0,0.37133431085043994,1.0,0.21399176954732513,0.35313278405824866,0.8825952626158599,0.23055588393092602,0.13043478260869565,0.17175572519083965,0.6382978723404256,0.9958142115083968,0.613962472406181
0.0023701279579111494,0.0,0.37133431085043994,1.0,0.21399176954732513,0.4303506418854187,0.5242018537590113,0.22942829342814797,,0.17175572519083965,0.6382978723404256,0.9849715063795451,0.3945916114790287
0.0015083756435323955,0.0,0.37133431085043994,0.0,0.21399176954732513,0.5391837516765664,,0.2560539788485846,0.13043478260869565,0.17175572519083965,0.6382978723404256,0.9720359070048918,0.21109271523178808
0.0031834369114581247,0.0,,0.0,0.21399176954732513,0.35466564475953255,0.07106076210092689,0.22350844328856312,0.13043478260869565,0.17175572519083965,0.6382978723404256,,0.7676600441501105
0.002154661779919227,0.0,,0.0,0.21399176954732513,0.5022034872580955,0.40679711637487126,0.2560539788485846,0.13043478260869565,0.17175572519083965,0.6382978723404256,0.9917545009834081,0.2135761589403974
,0.0,0.49230205278592387,1.0,0.33950617283950624,0.44587085648591673,0.5468589083419155,0.18027807836753995,0.17391304347826086,0.1698473282442748,0.404255319148936,0.9896616067376066,0.3250551876379691
0.0007172090150059773,0.0,0.49230205278592387,,0.33950617283950624,0.5903429775819123,0.8465499485066941,0.20837690621902538,0.17391304347826086,0.1698473282442748,0.404255319148936,0.9896111755509607,0.21964679911699775
0.0011730936357338012,0.0,0.49230205278592387,1.0,0.33950617283950624,0.4579421345085265,0.9361483007209063,0.16001782320472135,0.17391304347826086,0.1698473282442748,0.404255319148936,0.9999999999999999,0.44674392935982343
0.003953809986031228,,0.21041055718475074,1.0,0.2510288065843621,0.6495497221689978,0.8815653964984552,0.15750802498886046,,0.22900763358778625,0.5106382978723403,0.9868878914720863,0.22019867549668876
0.004511526822335829,0.0,0.21041055718475074,1.0,0.2510288065843621,0.4987545506802068,0.9104016477857878,0.1744491629459211,0.30434782608695654,0.22900763358778625,0.5106382978723403,,
0.006937628779537524,0.0,,1.0,0.2510288065843621,0.6357539758574439,0.7703398558187435,0.1948276332420955,,0.22900763358778625,0.5106382978723403,0.983584648746785,
0.006838044515739485,0.0,0.21041055718475074,0.0,,0.5857443954780609,0.8022657054582903,0.1948276332420955,0.30434782608695654,,0.5106382978723403,0.9999999999999999,0.1619757174392936
0.003473197895737299,0.0,0.21041055718475074,0.0,0.24485596707818924,0.9015136999425178,0.776519052523172,0.16048159026634778,0.30434782608695654,0.22900763358778625,,0.9701195219123506,
0.005851530877640837,0.0,0.21041055718475074,0.0,0.24485596707818924,0.989461582678674,0.8249227600411946,0.16048159026634778,0.30434782608695654,0.22900763358778625,0.5106382978723403,0.9624287659488628,
0.004564016496369333,0.0,0.21041055718475074,0.0,0.24485596707818924,0.6901705307530178,0.7929969104016479,0.18969891514881465,0.30434782608695654,0.22900763358778625,0.5106382978723403,0.9374148973725351,0.12775938189845476
0.003280548428299555,0.0,0.21041055718475074,0.0,0.24485596707818924,0.7903812990994444,0.14521112255406798,0.20419390919259067,0.30434782608695654,0.22900763358778625,0.5106382978723403,0.9511069645468758,0.060430463576158944
0.004894465407843643,0.0,0.21041055718475074,0.0,0.24485596707818924,0.5730982946924698,0.19052523171987643,0.20419390919259067,0.30434782608695654,0.22900763358778625,0.5106382978723403,0.9582429774572595,0.05601545253863134
0.005964715249700236,0.0,0.21041055718475074,,0.24485596707818924,0.4636903621383407,,0.23114695959770482,0.30434782608695654,0.22900763358778625,0.5106382978723403,0.9532250743860003,0.2737306843267108
0.0051325235012118706,0.0,0.21041055718475074,0.0,0.24485596707818924,0.7378808200804753,0.7621009268795057,0.23114695959770482,0.30434782608695654,0.22900763358778625,0.5106382978723403,0.947652428261637,0.09713024282560706
0.006395085617739396,0.0,0.21041055718475074,0.0,0.2510288065843621,0.915117838666411,0.7250257466529351,0.24632396402622558,0.30434782608695654,0.22900763358778625,0.5106382978723403,0.972288062938121,0.02041942604856513
0.003654607604281359,0.0,,0.0,0.2510288065843621,0.8978731557769687,0.6951596292481977,0.22936463912557176,0.30434782608695654,0.22900763358778625,0.5106382978723403,0.954738009985375,
0.0057801584086659445,0.0,0.21041055718475074,1.0,0.2510288065843621,0.5882352941176471,0.7579814624098867,0.27447735270849055,0.30434782608695654,0.22900763358778625,0.5106382978723403,0.9786928236421403,0.21550772626931564
0.0008555704469872276,0.3,,0.0,0.08847736625514402,0.5594941559685763,0.16065911431513905,0.4601569533232092,0.21739130434782608,0.215648854961832,0.4255319148936172,0.955897927278229,0.12775938189845476
0.0009688672166355626,0.3,0.16385630498533724,0.0,0.08847736625514402,0.5834451044261352,0.40473738414006183,0.4601569533232092,0.21739130434782608,0.215648854961832,0.4255319148936172,0.9669171415603408,0.15562913907284767
0.0012023170088573797,0.3,0.16385630498533724,0.0,0.08847736625514402,0.6392029124353326,0.529351184346035,0.47345160908983447,0.21739130434782608,,0.4255319148936172,0.9857531897725553,0.266280353200883
0.0011217279375896653,,0.16385630498533724,0.0,0.08847736625514402,0.4855336271316343,0.6405767250257466,0.47345160908983447,0.21739130434782608,0.215648854961832,0.4255319148936172,0.9942508447223763,0.2944260485651214
0.0010855359139520027,0.3,0.16385630498533724,0.0,0.08847736625514402,0.5359264226863384,0.5149330587023686,0.5370513508352355,0.21739130434782608,,0.4255319148936172,0.9391043421251702,0.26186534216335544
0.0013628207658591873,0.3,0.16385630498533724,0.0,0.08847736625514402,0.5426326882544549,0.05046343975283214,,0.21739130434782608,0.215648854961832,0.4255319148936172,0.9440465984164607,0.09547461368653423
0.00224525423660232,0.22,0.19794721407624635,0.0,0.09465020576131689,,,,0.26086956521739135,0.2729007633587786,0.6914893617021276,0.9384487366987746,0.29718543046357615
0.0020794677929204804,0.22,0.19794721407624635,0.0,0.09465020576131689,0.39164590917800346,0.6930998970133883,,0.26086956521739135,0.2729007633587786,0.6914893617021276,0.9804074839880983,
0.002138364129523385,0.22,0.19794721407624635,0.0,0.09465020576131689,0.5106342211151561,0.7857878475798147,0.6298047631605271,0.26086956521739135,0.2729007633587786,,0.947652428261637,0.23233995584988965
,0.22,0.19794721407624635,0.0,0.09465020576131689,0.5502969917608737,0.47579814624098876,,0.26086956521739135,0.2729007633587786,0.6914893617021276,0.9440465984164607,0.21495584988962468
,0.22,0.19794721407624635,0.0,0.09465020576131689,0.6049051542441081,0.15036045314109167,0.6089807127463195,0.26086956521739135,0.2729007633587786,0.6914893617021276,0.9920318725099602,0.13327814569536423
0.0015059028965757851,0.22,0.19794721407624635,0.0,0.09465020576131689,0.5606438014945393,0.10401647785787849,0.5698969709645446,0.26086956521739135,0.2729007633587786,0.6914893617021276,0.9984366332139795,0.11506622516556292
0.002335284705340729,,0.19794721407624635,0.0,0.09465020576131689,0.551255029699176,0.06179196704428426,0.5698969709645446,0.26086956521739135,0.2729007633587786,0.6914893617021276,0.9499974784406677,0.05132450331125828
0.000327751369339826,0.8,0.11656891495601175,0.0,0.014403292181069949,0.44357156543399123,0.16683831101956748,0.7357255226472916,0.0,0.24427480916030536,0.404255319148936,0.9956629179484594,0.20750551876379691
0.00010183221557677722,0.9,0.12060117302052788,0.0,,0.745928338762215,0.32234809474768283,0.47345160908983447,0.08695652173913043,0.10877862595419846,0.35106382978723394,0.973372333451006,0.0380794701986755
0.007309552401329528,0.2,,0.0,0.5390946502057613,0.6286644951140065,1.0,0.08012257999981813,0.17391304347826086,0.14694656488549612,0.042553191489361764,0.9874678501185133,0.14266004415011038
,0.2,,0.0,0.5390946502057613,0.6978348342594368,0.8125643666323378,0.08934336040156772,0.17391304347826086,0.14694656488549612,0.042553191489361764,,0.21688741721854304
,0.2,0.12866568914956011,0.0,0.5390946502057613,0.7585744395478061,0.8908341915550979,0.09186225208922517,0.17391304347826086,0.14694656488549612,0.042553191489361764,0.9784910988955571,0.15259381898454746
0.005775212914752723,0.2,0.12866568914956011,0.0,0.5390946502057613,0.9268059015136999,0.9124613800205973,0.10538424465076522,0.17391304347826086,0.14694656488549612,0.042553191489361764,0.9746835443037976,0.1153421633554084
0.009204688148393592,0.2,,0.0,0.5390946502057613,0.7215941751293352,0.9433573635427395,0.08631523429330086,0.17391304347826086,0.14694656488549612,0.042553191489361764,,0.26269315673289184
0.00848938989239954,0.2,0.12866568914956011,0.0,0.5390946502057613,,0.6168898043254376,0.07792195982504162,,0.14694656488549612,0.042553191489361764,0.9886529830046901,0.24061810154525382
0.0009478488675043733,0.2,,,0.1625514403292181,0.45200229929105185,0.6035015447991761,0.253516900217334,0.08695652173913043,0.06870229007633583,0.6382978723404256,,0.32891832229580575
0.0017510420380470336,0.2,0.2382697947214076,0.0,0.1625514403292181,0.5133167273424027,0.13800205973223484,0.3000300084569288,0.08695652173913043,0.06870229007633583,0.6382978723404256,0.9999999999999999,0.13410596026490065
0.0012170410930081056,0.2,0.2382697947214076,0.0,0.1625514403292181,0.5704157884652233,0.5746652935118435,0.253516900217334,0.08695652173913043,0.06870229007633583,0.6382978723404256,,0.16556291390728478
0.000563336715751443,0.4,0.21810850439882698,,,0.6125694577505268,0.30895983522142123,0.26807554856368615,0.13043478260869565,0.1278625954198473,0.5319148936170215,0.9999999999999999,0.04966887417218542
,0.4,0.21810850439882698,1.0,0.12757201646090532,0.7100977198697068,0.474768280123584,0.33260282443234007,0.13043478260869565,0.1278625954198473,0.5319148936170215,0.9807100711079731,0.11920529801324503
0.0008256726883300281,0.4,0.21810850439882698,0.0,0.12757201646090532,0.5596857635562368,,0.27377715538015257,0.13043478260869565,0.1278625954198473,0.5319148936170215,,0.15066225165562916
0.002293585199845161,0.2,0.10520527859237538,0.0,0.1191358024691358,,0.3017507723995881,0.2701761405487001,0.17391304347826086,0.05534351145038163,0.24468085106382986,0.9999999999999999,0.08609271523178808
0.0003453977908029099,0.2,0.10520527859237538,0.0,0.1191358024691358,,0.35324407826982496,0.37420545790177234,,0.05534351145038163,0.24468085106382986,0.9882243179182006,0.07891832229580573
0.0006178495463858106,0.2,0.10520527859237538,1.0,0.1191358024691358,0.782525388005365,0.4819773429454171,0.37122279915248846,0.17391304347826086,0.05534351145038163,0.24468085106382986,0.9499974784406677,0.03532008830022075
,0.9,0.02749266862170088,1.0,0.03292181069958855,0.8357922973749762,0.2255406797116375,0.4324309578153844,0.0,0.020992366412213692,0.10638297872340408,0.9965202481214382,0.03945916114790288
3.079693936869422e-05,0.9,,,,0.6757999616784826,0.18434603501544802,0.5617674071783867,0.0,0.18702290076335876,0.2872340425531916,0.9945030006556055,0.16887417218543044
0.000149825986052808,0.8,0.047653958944281524,0.0,0.0,0.5114006514657982,0.2945417095777549,0.7238039811219527,0.0,,,0.8605577689243029,0.30905077262693154
0.00036405579056642543,0.525,0.1781524926686217,0.0,,0.5073768921249281,0.29248197734294545,0.5626676608862498,0.21739130434782608,0.20229007633587787,0.4255319148936172,0.9999999999999999,0.14928256070640175
0.00044486965701201356,0.525,0.1781524926686217,0.0,0.04115226337448563,0.5276872964169382,0.4397528321318229,0.5626676608862498,0.21739130434782608,0.20229007633587787,0.4255319148936172,0.9999999999999999,0.1619757174392936
0.0008153321101478388,0.8,0.16458944281524926,0.0,0.053497942386831254,0.6872964169381107,0.2554067971163749,0.36256581400212784,0.13043478260869565,0.11068702290076332,0.7021276595744679,0.9999999999999999,0.05049668874172186
0.00033528200779859435,0.8,0.16458944281524926,0.0,0.053497942386831254,0.5880436865299866,0.21112255406797117,0.36256581400212784,0.13043478260869565,0.11068702290076332,0.7021276595744679,0.9999999999999999,0.08195364238410596
,0.0,,,0.10699588477366251,0.4916650699367694,0.1596292481977343,0.39766661513699314,0.13043478260869565,0.1946564885496183,0.36170212765957444,0.9999999999999999,0.1890176600441501
0.0008505125554850697,0.0,0.4934017595307918,0.0,0.10699588477366251,0.469055374592834,,0.39766661513699314,0.13043478260869565,0.1946564885496183,,0.9999999999999999,0.23923841059602652
0.0013824903439231344,,0.4934017595307918,0.0,0.10699588477366251,0.5972408507376893,0.29042224510813597,0.43928743555001865,0.13043478260869565,0.1946564885496183,0.36170212765957444,0.9999999999999999,0.12527593818984545
0.0005327645715606225,0.0,0.4934017595307918,0.0,0.10699588477366251,0.5725234719294884,0.49536560247167866,0.43928743555001865,0.13043478260869565,0.1946564885496183,0.36170212765957444,0.9897876847042212,0.15618101545253862
0.0006557275338575257,0.7000000000000001,0.0652492668621701,0.0,0.030864197530864224,,0.17713697219361485,0.6090989278796752,0.17391304347826086,0.3263358778625954,0.23404255319148937,0.9277321095365374,0.08940397350993376
0.0005540077158696854,0.7000000000000001,0.0652492668621701,0.0,0.030864197530864224,0.6667944050584403,0.07312049433573636,0.6090989278796752,0.17391304347826086,0.3263358778625954,0.23404255319148937,,0.08305739514348787
0.0004254248741259401,0.7000000000000001,0.0652492668621701,0.0,0.030864197530864224,0.6342211151561602,0.45829042224510813,0.6090989278796752,0.17391304347826086,0.3263358778625954,,,0.11975717439293598
0.00032651499586152077,0.34,0.2063782991202346,0.0,0.09876543209876543,0.5803793830235676,0.3861997940267765,,0.26086956521739135,0.27099236641221375,0.37234042553191493,0.9971002067678653,0.2144039735099338
0.0009704407828806784,0.34,0.2063782991202346,,0.09876543209876543,0.562176662195823,0.1596292481977343,0.39666633323936745,0.26086956521739135,0.27099236641221375,0.37234042553191493,0.9664884764738515,0.19150110375275936
0.0005488374267785907,0.33,0.06304985337243403,0.0,0.17901234567901225,0.7041578846522322,0.3934088568486097,0.2630195782447781,0.26086956521739135,0.06679389312977096,0.6170212765957446,0.9918805789500227,0.14348785871964678
,0.33,0.06304985337243403,0.0,0.17901234567901225,0.58536118030274,0.568486096807415,0.2037301421309642,0.26086956521739135,0.06679389312977096,0.6170212765957446,0.9910736799636896,0.1986754966887417
0.000772283833585029,,0.06304985337243403,0.0,0.17901234567901225,0.739413680781759,0.7106076210092689,0.17910502050577892,0.26086956521739135,0.06679389312977096,,0.9999999999999999,0.13079470198675497
0.00048330963242841293,0.33,0.06304985337243403,0.0,0.17901234567901225,,0.694129763130793,0.1866980694559376,0.26086956521739135,0.06679389312977096,0.6170212765957446,0.9999999999999999,0.1600441501103753
0.005469941063200265,0.0,0.3460410557184751,0.0,0.3271604938271605,0.5890017244682889,0.819773429454171,0.19895606943775063,0.13043478260869565,,0.6170212765957446,0.9999999999999999,0.07753863134657837
0.0038561364812451137,0.0,0.3460410557184751,0.0,,0.46196589384939657,0.7600411946446962,0.17940510507506663,0.13043478260869565,0.22328244274809156,0.6170212765957446,0.9983357708406879,0.22737306843267108
0.008812982550948702,,0.3460410557184751,0.0,0.3271604938271605,0.4907070319984671,0.5139031925849639,0.13737507843119423,,0.22328244274809156,0.6170212765957446,0.9999999999999999,0.11727373068432673
0.0029567309745725185,0.0,0.3460410557184751,0.0,0.3271604938271605,0.5182985246215751,0.8228630278063851,0.19398194036501193,0.13043478260869565,0.22328244274809156,0.6170212765957446,0.9911493267436583,
0.004078683707340057,,0.3460410557184751,0.0,0.3271604938271605,0.5759724085073769,0.8692070030895983,0.22485427711445954,0.13043478260869565,0.22328244274809156,0.6170212765957446,0.9969489132079278,0.20833333333333331
0.0027789179888744373,0.0,0.3460410557184751,0.0,,0.41080666794405063,,0.2560176049613982,,0.22328244274809156,0.6170212765957446,0.9987896515205004,0.2695916114790287
0.00350624278688473,0.0,0.3460410557184751,0.0,0.3271604938271605,0.4508526537650891,0.8269824922760042,0.2608917058443743,0.13043478260869565,0.22328244274809156,0.6170212765957446,,0.4580573951434878
0.005273132884971858,0.0,0.3460410557184751,0.0,0.3271604938271605,0.488982563709523,0.5756951596292481,0.26119179041366203,0.13043478260869565,0.22328244274809156,0.6170212765957446,0.998310555247365,
0.0018127483143733588,0.0,0.25366568914956017,0.0,0.2222222222222222,0.5489557386472504,0.5087538619979403,0.3101601360383381,,0.19083969465648848,0.7446808510638299,0.9999999999999999,0.1509381898454746
0.0019699925412959983,0.0,0.25366568914956017,0.0,0.2222222222222222,0.5393753592642269,0.529351184346035,,0.17391304347826086,0.19083969465648848,0.7446808510638299,0.9999999999999999,0.14183222958057395
0.0038756936617201235,0.0,0.25366568914956017,0.0,0.2222222222222222,0.4751868173979691,,0.3265920395747893,0.17391304347826086,,0.7446808510638299,0.9999999999999999,0.16473509933774835
,0.0,0.25366568914956017,0.0,0.2222222222222222,0.411381490707032,0.7353244078269825,0.3265920395747893,0.17391304347826086,0.19083969465648848,0.7446808510638299,0.9854506026526804,0.2762141280353201
,0.0,,0.0,0.2222222222222222,0.5468480551829852,0.38311019567456234,0.3265920395747893,0.17391304347826086,0.19083969465648848,0.7446808510638299,0.9999999999999999,0.12113686534216336
0.003339894355258207,0.0,0.25366568914956017,0.0,0.2222222222222222,0.5271124736539566,0.26776519052523173,0.38977348161754677,0.17391304347826086,0.19083969465648848,0.7446808510638299,0.9999999999999999,0.12196467991169979
0.0026380838099365764,0.0,0.25366568914956017,0.0,0.2222222222222222,0.4832343360797088,0.4201853759011329,0.38977348161754677,,0.19083969465648848,0.7446808510638299,0.9999999999999999,0.30518763796909487
0.0006726995697869887,0.0,0.10190615835777128,0.0,0.154320987654321,0.44203870473270757,0.23583934088568487,,0.13043478260869565,0.46374045801526714,0.457446808510638,0.9635382520550708,0.22737306843267108
0.0006847261118032305,0.0,,0.0,0.154320987654321,,0.14727085478887744,0.37146832289099657,0.13043478260869565,0.46374045801526714,0.457446808510638,0.9453073780826062,0.15480132450331124
0.0004396993679209189,0.0,0.10190615835777128,0.0,0.154320987654321,0.49492239892699763,,,0.13043478260869565,0.46374045801526714,0.457446808510638,0.9285642241161934,0.2030905077262693
0.00031853476704700516,0.35000000000000003,0.20527859237536655,0.0,0.10884773662551439,0.4732707415213643,0.21009268795056646,0.5011503241822696,0.0,0.22328244274809156,0.457446808510638,,0.1683222958057395
0.00037417157357074105,0.0,0.17338709677419356,0.0,0.2674897119341565,0.47442038704732703,0.32543769309989706,0.4415517100273713,0.17391304347826086,0.07061068702290074,0.8085106382978724,0.9999999999999999,0.17328918322295805
0.0003141512610784684,0.0,0.17338709677419356,0.0,0.2674897119341565,,0.446961894953656,,0.17391304347826086,,0.8085106382978724,0.9999999999999999,0.222682119205298
0.0003005511528171107,0.0,0.17338709677419356,0.0,0.2674897119341565,0.47863575397585756,0.35427394438722964,0.3348761923814893,0.17391304347826086,0.07061068702290074,0.8085106382978724,0.9980836149074588,0.18708609271523177
0.0005468142701777276,0.0,0.17338709677419356,0.0,0.2674897119341565,0.46445679248898253,0.4376930998970134,0.3348761923814893,0.17391304347826086,0.07061068702290074,0.8085106382978724,0.9999999999999999,0.22102649006622516
7.51939869987461e-05,,0.03885630498533725,0.0,0.11728395061728392,0.7051159225905345,0.47785787847579814,0.5372695941583537,0.0,0.1851145038167939,0.3085106382978724,0.9945534318422513,
0.00020973390095614382,0.0,0.05241935483870967,0.0,0.27366255144032914,0.5707990036405443,0.5849639546858908,0.46715892660658914,0.0,,0.35106382978723394,0.9825003782338998,0.19094922737306844
0.00021479179245830165,0.55,0.12170087976539588,0.0,0.2037037037037036,0.6006897873155775,0.5509783728115345,0.41852703943838715,0.17391304347826086,0.34923664122137404,,0.9999999999999999,0.15038631346578366
0.0002716649724603428,0.55,0.12170087976539588,0.0,0.2037037037037036,0.6347959379191416,0.25952626158599384,0.48520946812283466,0.17391304347826086,0.34923664122137404,0.5319148936170215,0.9774824751626406,0.0794701986754967
0.0002788584181523006,0.0,0.1440615835777126,0.0,0.11728395061728392,0.47001341253113627,0.4696189495365603,0.625994598477753,0.08695652173913043,0.3148854961832061,0.6595744680851063,0.9716072419184023,0.24282560706401762
0.0006215586668207264,0.0,0.1440615835777126,0.0,0.11728395061728392,0.44778693236252154,0.5087538619979403,0.625994598477753,,0.3148854961832061,,0.9185788491603208,
9.767350478611415e-05,0.8,0.05681818181818181,0.0,0.10288065843621397,,0.2760041194644696,0.6560394292937101,0.13043478260869565,0.17748091603053434,0.46808510638297873,0.9849715063795451,0.1175496688741722
,0.4,0.028958944281524925,0.0,,0.5612186242575207,0.427394438722966,0.6967872764142622,0.0,0.282442748091603,0.7553191489361701,0.9999999999999999,0.11727373068432673
,0.6,0.045087976539589444,0.0,0.053497942386831254,0.5782716995593026,0.33985581874356335,0.8712182524165902,0.13043478260869565,,0.6063829787234043,0.9341368702405567,0.10375275938189846
0.0004123867538092667,0.8,0.05315249266862171,0.0,0.057613168724279795,0.40275914926231093,0.1956745623069001,0.85988778655803,,0.28053435114503816,1.0,0.9644460134146957,0.17439293598233996
0.0011270106242696968,0.8,,0.0,0.057613168724279795,,0.17095777548918642,0.85988778655803,,0.28053435114503816,1.0,0.947400272328408,0.10596026490066227
,,0.6466275659824048,1.0,0.7921810699588477,0.5079517148879095,0.9732234809474769,0.09026180105302405,1.0,0.91412213740458,0.8085106382978724,0.9516617075999799,0.43791390728476826
0.05839560534419064,0.0,0.6466275659824048,1.0,,0.4916650699367694,0.8290422245108137,,1.0,0.91412213740458,0.8085106382978724,0.9962933077815321,0.26903973509933776
0.050979050438193244,0.0,0.6466275659824048,0.0,0.7921810699588477,0.5435907261927572,0.8764160659114315,0.12627194936754904,1.0,0.91412213740458,0.8085106382978724,0.9436683645166171,0.1672185430463576
0.04305412123743452,0.0,0.6466275659824048,0.0,0.7921810699588477,0.515424410806668,0.9083419155509783,0.10602078767652705,1.0,0.91412213740458,0.8085106382978724,0.8833778808815371,0.34381898454746135
0.041271270681718354,0.0,0.6466275659824048,0.0,0.7921810699588477,0.34508526537650897,0.96086508753862,0.08857041529885697,1.0,0.91412213740458,0.8085106382978724,0.9593776791567906,0.2334437086092715
0.04738761027889438,0.0,0.6466275659824048,,0.7921810699588477,0.42958421153477666,0.8867147270854789,,1.0,0.91412213740458,0.8085106382978724,0.8894044076857129,
,0.0,0.6466275659824048,0.0,0.685185185185185,,,0.043976029608344167,1.0,0.91412213740458,0.8085106382978724,0.893590196177316,0.14873068432671083
0.041481791365797056,0.0,0.6466275659824048,0.0,0.685185185185185,0.26863383789998085,0.9114315139031927,0.05662504887741092,1.0,,0.8085106382978724,0.7960814967976196,0.33857615894039733
0.15191523243596597,0.0,0.6466275659824048,0.0,0.5061728395061728,0.057865491473462316,1.0,0.03464612754503542,1.0,0.91412213740458,0.8085106382978724,0.3305764284633617,0.3200883002207505
0.06365817285580244,0.0,0.6466275659824048,,0.5061728395061728,0.5981988886759916,0.9670442842430483,0.02065127445007231,1.0,0.91412213740458,0.8085106382978724,,0.05518763796909493
0.07342305058745724,0.0,0.6466275659824048,1.0,0.5061728395061728,0.6620042153669284,0.9742533470648815,0.006620047467922774,1.0,0.91412213740458,0.8085106382978724,0.9877704372383883,0.033940397350993384
0.1036977907579509,0.0,0.6466275659824048,0.0,0.5061728395061728,0.5087181452385515,1.0,0.003591921359655914,1.0,,0.8085106382978724,0.922462050532049,0.2152317880794702
0.09285086143760114,0.0,0.6466275659824048,1.0,0.5823045267489712,0.4433799578463308,0.8928939237899073,0.0,1.0,0.91412213740458,0.8085106382978724,0.8763931615310908,0.19729580573951436
0.12478133049072339,0.0,0.6466275659824048,0.0,,0.25771220540333384,1.0,0.004055688421282358,1.0,0.91412213740458,0.8085106382978724,0.9999999999999999,0.9116997792494481
,0.0,0.6466275659824048,0.0,0.588477366255144,,0.9783728115345005,0.016977511844247034,1.0,0.91412213740458,0.8085106382978724,0.9999999999999999,0.32312362030905073
0.26572903099341033,0.0,0.6466275659824048,0.0,,0.5401417896148687,0.96086508753862,,1.0,0.91412213740458,,0.9999999999999999,0.6059602649006623
1.0,0.0,,0.0,0.588477366255144,0.652807051159226,0.9165808444902164,0.02608917058443745,1.0,0.91412213740458,0.8085106382978724,0.9999999999999999,0.4271523178807947
0.10318885447524488,0.0,0.6466275659824048,0.0,0.648148148148148,0.37842498562943094,1.0,0.04099337085906028,1.0,0.91412213740458,0.8085106382978724,0.9999999999999999,0.6034768211920529
0.22567839812754611,0.0,0.6466275659824048,0.0,,0.15462732324200046,0.9093717816683832,,1.0,0.91412213740458,0.8085106382978724,,0.7974613686534215
0.27410939522454114,0.0,,0.0,0.648148148148148,0.2090438781375743,,0.030699560785312233,1.0,,0.8085106382978724,0.9999999999999999,0.7326158940397351
0.2539149204202591,0.0,0.6466275659824048,0.0,0.648148148148148,0.27572331864341826,0.8918640576725025,0.03535541834517002,1.0,0.91412213740458,0.8085106382978724,0.9999999999999999,0.8349889624724061
0.16103629677819056,0.0,0.6466275659824048,0.0,0.648148148148148,0.2527304081241617,1.0,0.04182087679255063,1.0,0.91412213740458,0.8085106382978724,0.9395330072116598,
,0.0,0.6466275659824048,0.0,0.648148148148148,,0.9691040164778579,0.07246587674708328,1.0,0.91412213740458,0.8085106382978724,,
0.05942157053600612,0.0,0.6466275659824048,0.0,0.648148148148148,0.47710289327457367,0.819773429454171,,1.0,,0.8085106382978724,0.9533007211659691,0.46992273730684325
0.09709398281755578,,0.6466275659824048,0.0,,0.5043111707223605,0.9237899073120494,0.06016240940628724,,0.91412213740458,0.8085106382978724,0.9999999999999999,0.3708609271523179
0.1500898955916317,0.0,0.6466275659824048,,,0.4456792488982563,0.945417095777549,0.05933490347279689,1.0,0.91412213740458,0.8085106382978724,0.9999999999999999,0.4034216335540839
0.09790313306031209,,0.6466275659824048,,0.6337448559670781,0.5575780800919717,0.9876416065911431,0.05420618537951606,,0.91412213740458,0.8085106382978724,0.9875939280851279,0.42466887417218546
0.08616061975131359,0.0,0.6466275659824048,0.0,0.6337448559670781,0.4188541866257903,0.9886714727085479,0.04581291091125682,1.0,0.91412213740458,0.8085106382978724,0.9904180745372939,0.5019315673289184
0.43099394986258266,,0.6466275659824048,0.0,0.6337448559670781,0.3625215558536118,1.0,0.03273649846775002,1.0,0.91412213740458,0.8085106382978724,0.9999999999999999,0.7963576158940397
0.1113885957809542,0.0,0.6466275659824048,0.0,0.6337448559670781,,0.7713697219361483,0.0337185934217825,1.0,0.91412213740458,0.8085106382978724,0.8518836048212215,0.7792494481236203
,,0.6466275659824048,0.0,0.6337448559670781,0.46484000766430345,1.0,0.041757222489974447,1.0,0.91412213740458,0.8085106382978724,0.9999999999999999,0.6909492273730684
0.15994042028605637,0.0,0.6466275659824048,0.0,0.6337448559670781,0.5330523088714313,,0.040420482135874666,1.0,0.91412213740458,0.8085106382978724,0.9999999999999999,0.5129690949227372
0.10778243153750461,,,,0.6337448559670781,0.5447403717187201,1.0,0.04632214533186625,1.0,0.91412213740458,0.8085106382978724,0.9475767814816684,0.5126931567328918
0.27869409287727487,0.0,0.6466275659824048,0.0,0.6337448559670781,0.3425943667369228,0.9588053553038105,,1.0,0.91412213740458,,0.9999999999999999,0.49779249448123614
0.7633423805899254,0.0,0.6466275659824048,0.0,0.6337448559670781,0.4065913010155201,1.0,0.02689848957433459,,0.91412213740458,0.8085106382978724,0.9699177971657674,0.5863686534216335
0.134256447238099,0.0,0.6466275659824048,0.0,0.5637860082304528,0.39222073194098483,1.0,0.014149442115505284,1.0,0.91412213740458,0.8085106382978724,,0.2869757174392936
,0.0,0.6466275659824048,0.0,0.4362139917695472,0.6305805709906113,1.0,0.03054497176477007,1.0,,0.8085106382978724,0.4514599828533966,0.49806843267108164
0.157855445011278,,,0.0,0.4362139917695472,0.5932170913968192,1.0,0.036182924278660364,1.0,0.91412213740458,0.8085106382978724,0.0875737556104695,0.5378035320088299
0.211360069272882,0.0,0.6466275659824048,0.0,0.4362139917695472,,1.0,0.03858360083296204,1.0,0.91412213740458,0.8085106382978724,0.07178879419032728,0.9006622516556291
0.2031955084125099,0.0,0.6466275659824048,0.0,0.6049382716049384,0.5504885993485343,1.0,0.06411806963780702,1.0,0.91412213740458,0.8085106382978724,0.06790559281859901,0.7538631346578366
0.12170276052974331,0.0,0.6466275659824048,0.0,0.6049382716049384,0.6171680398543783,0.9052523171987641,0.06273586192472423,1.0,0.91412213740458,0.8085106382978724,0.053583135811185637,0.6639072847682119
0.13269636870365567,0.0,,0.0,0.685185185185185,0.625215558536118,0.7579814624098867,0.06041702661659197,1.0,,0.8085106382978724,0.1213626506631701,0.579746136865342
0.12454866748162413,0.0,,0.0,0.685185185185185,0.5460816248323433,1.0,0.06631868981258356,1.0,0.91412213740458,0.8085106382978724,0.8029401381814514,0.3667218543046357
0.07886118313298839,0.0,0.6466275659824048,0.0,,0.4684805518298526,0.9515962924819773,0.06774636488464932,1.0,0.91412213740458,0.8085106382978724,0.8060416561601695,0.385485651214128
0.13534782782667573,0.0,0.6466275659824048,0.0,0.47119341563786,0.3998850354474036,,0.0747119642808428,1.0,0.91412213740458,0.8085106382978724,0.7343537243431338,0.3413355408388521
0.0791739856229996,0.0,0.6466275659824048,,0.47119341563786,0.48706648783291817,0.8465499485066941,0.08113195536924041,1.0,0.91412213740458,0.8085106382978724,0.005547430531040396,0.5949227373068433
0.09875027368812907,0.0,0.6466275659824048,0.0,0.40946502057613154,0.3839816056715847,0.6972193614830071,0.08492393310842146,,0.91412213740458,0.8085106382978724,0.008396792576529324,0.4257726269315673
,0.0,0.6466275659824048,0.0,0.6049382716049384,0.4474037171872006,0.9526261585993822,0.07092908001345834,1.0,0.91412213740458,0.8085106382978724,0.018558676685662415,0.6252759381898454
0.13758453984651883,0.0,0.6466275659824048,0.0,0.40946502057613154,0.4360988695152327,0.5849639546858908,0.07893133519446392,1.0,0.91412213740458,0.8085106382978724,0.06134953855464219,0.38520971302428253
,0.0,0.6466275659824048,0.0,0.6049382716049384,0.5043111707223605,0.7744593202883624,0.07329338268057363,1.0,0.91412213740458,0.8085106382978724,0.2431035352261839,0.5460816777041941
0.10489583665842867,,0.6466275659824048,0.0,,0.5401417896148687,0.9546858908341915,0.0762578544862643,1.0,0.91412213740458,0.8085106382978724,0.15230218367038176,
,,0.6466275659824048,0.0,0.40946502057613154,,0.8568486096807414,0.083941838154389,1.0,0.91412213740458,0.8085106382978724,0.20961722729335822,0.4390176600441501
0.11302679063970864,0.0,0.6466275659824048,0.0,0.40946502057613154,0.6269400268250623,0.94129763130793,0.087170020642181,,,,0.2042715215089011,0.49558498896247244
0.07235853302263642,,0.6466275659824048,0.0,,0.54876413105959,0.7404737384140061,0.09737289599796307,1.0,0.91412213740458,0.8085106382978724,0.246179837611579,0.2842163355408388
0.062658845892565,0.0,0.6466275659824048,0.0,0.6748971193415637,0.550871814523855,0.8753861997940269,0.10786676245123626,,0.91412213740458,0.8085106382978724,0.2518281305159111,0.3998344370860927
0.15631222611517515,0.0,0.6466275659824048,0.0,0.6748971193415637,0.5071852845372676,0.9485066941297631,,1.0,0.91412213740458,0.8085106382978724,0.2529376166221191,0.3708609271523179
0.170517033405013,0.0,0.6466275659824048,0.0,0.7304526748971193,0.4964552596282813,,0.07134737971610182,1.0,0.91412213740458,,0.0226940339906198,0.6821192052980132
0.1536675108474913,0.0,0.6466275659824048,0.0,0.7304526748971193,0.45487641310595894,0.8753861997940269,0.06283589011448683,1.0,0.91412213740458,0.8085106382978724,0.17305461697513744,0.8910044150110377
0.24777801206430763,0.0,0.6466275659824048,0.0,0.7304526748971193,0.43245832534968376,0.92173017507724,0.06698251325373515,1.0,,0.8085106382978724,0.9862575016390136,0.5623620309050772
0.10922640336257619,0.0,,,,0.5451235868940408,0.9711637487126674,0.08506942865716706,1.0,0.91412213740458,0.8085106382978724,0.9724141409047354,0.4908940397350993
0.06361759732619623,,0.6466275659824048,0.0,0.7304526748971193,0.5092929680015329,,0.0795860651638189,1.0,0.91412213740458,0.8085106382978724,0.9969489132079278,0.41004415011037526
0.11195047132804946,0.0,0.6466275659824048,0.0,0.7304526748971193,0.5602605863192184,1.0,0.07718538860951722,,0.91412213740458,0.8085106382978724,0.9743557415905997,0.47240618101545256
0.11987742368540903,0.0,0.6466275659824048,0.0,,,,,1.0,0.91412213740458,0.8085106382978724,0.10777144586212113,0.613962472406181
0.10478568702127058,0.0,0.6466275659824048,0.0,0.6748971193415637,0.5027783100210766,0.9866117404737385,0.10293810073748057,1.0,0.91412213740458,0.8085106382978724,0.9999999999999999,0.4525386313465783
,0.0,0.6466275659824048,0.0,0.6748971193415637,0.7342402759149261,0.9927909371781669,0.12031572534077788,1.0,0.91412213740458,0.8085106382978724,0.9469716072419184,0.4141832229580573
0.10685987212751101,0.0,0.6466275659824048,0.0,,0.6068212301207127,0.9392378990731204,,1.0,0.91412213740458,,0.016037117353371325,0.46854304635761584
0.05334445769736904,0.0,0.6466275659824048,0.0,0.6748971193415637,0.5679248898256372,0.8609680741503605,0.11877892860715293,1.0,0.91412213740458,0.8085106382978724,0.1275909022139291,0.4525386313465783
0.05240548823939068,,0.6466275659824048,0.0,0.6748971193415637,0.4627323242000384,0.8753861997940269,0.13194627576862572,1.0,0.91412213740458,0.8085106382978724,0.025619042816077464,0.4768211920529802
0.09210150671215922,0.0,0.6466275659824048,0.0,0.6748971193415637,0.4550680206936194,0.7971163748712667,0.1500059107566678,1.0,0.91412213740458,0.8085106382978724,0.008018558676685661,0.4197019867549669
,0.0,0.6466275659824048,0.0,0.6748971193415637,0.5250047901896916,0.8321318228630278,0.1503605561567351,1.0,0.91412213740458,,0.6855867668566241,0.4001103752759382
0.07637247571874886,0.0,0.6466275659824048,0.0,0.6748971193415637,0.48285112090438786,0.839340885684861,0.14439523865816728,1.0,0.91412213740458,0.8085106382978724,0.9999999999999999,0.35789183222958054
0.0540161456888556,0.0,0.6466275659824048,0.0,0.6748971193415637,0.60164782525388,0.8970133882595263,,1.0,0.91412213740458,0.8085106382978724,0.6427706893943215,0.40535320088300225
0.07472866098054758,0.0,,0.0,0.6748971193415637,0.5280705115922592,0.8249227600411946,0.14593203539179223,1.0,0.91412213740458,0.8085106382978724,0.9999999999999999,0.3383002207505519
0.03548706595985068,0.0,0.6466275659824048,0.0,0.5555555555555557,0.42115347767771605,0.4665293511843461,0.1761314552282916,1.0,0.91412213740458,0.8085106382978724,0.842402541731807,0.34216335540838855
0.1749960773241461,0.0,0.6466275659824048,0.0,0.40123456790123446,0.4531519448170148,0.7013388259526261,0.16175467631787138,1.0,0.91412213740458,0.8085106382978724,0.928992889202683,0.4525386313465783
0.04880831580305605,0.0,,0.0,0.40123456790123446,0.4993293734431884,0.835221421215242,0.17312151606361792,1.0,0.91412213740458,0.8085106382978724,0.9999999999999999,0.401766004415011
0.09047410202194271,0.0,0.6466275659824048,,0.40946502057613154,,0.9526261585993822,0.11823332029935711,1.0,0.91412213740458,,0.8882444903928589,0.4528145695364238
0.05468243859607319,0.0,,0.0,0.47119341563786,0.5600689787315577,0.9340885684860968,0.10691194791259355,1.0,0.91412213740458,0.8085106382978724,,0.46771523178807944
0.16103629677819056,0.0,0.6466275659824048,0.0,0.47119341563786,0.5112090438781375,0.8764160659114315,0.0747119642808428,1.0,0.91412213740458,,0.965757224267487,0.3140176600441501
,0.0,0.6466275659824048,0.0,0.30246913580246926,,0.6364572605561277,,1.0,0.91412213740458,0.8085106382978724,0.9999999999999999,0.24862030905077265
0.06408753164554117,0.0,0.6466275659824048,0.0,0.30246913580246926,,0.741503604531411,0.20024734243286746,1.0,0.91412213740458,,0.9903424277573252,
0.026663518035541914,0.0,,0.0,0.40740740740740733,,0.4016477857878476,0.23592103229091838,1.0,,0.8085106382978724,0.9340107922739422,0.320364238410596
0.04122012977875209,0.0,,0.0,0.40740740740740733,0.5271124736539566,0.5046343975283213,0.2602642562904091,1.0,0.91412213740458,0.8085106382978724,0.9791214887286298,0.24420529801324503
0.06390286240691793,0.0,0.6466275659824048,0.0,0.40740740740740733,0.48917417129718344,,0.21972555902117868,1.0,0.91412213740458,0.8085106382978724,0.9893590196177316,0.36561810154525387
0.054280729613212925,0.0,0.6466275659824048,0.0,0.40740740740740733,0.44912818547614497,0.518022657054583,0.18393365402977202,1.0,0.91412213740458,0.8085106382978724,0.9781128649957135,
0.002260765103875604,0.0,1.0,0.0,0.4609053497942387,0.2935428242958421,0.9794026776519054,0.06301775955041876,0.13043478260869565,1.0,0.7978723404255321,0.8021332391951183,0.7712472406181015
,0.0,,0.0,0.4609053497942387,,0.9876416065911431,0.06715528921787052,0.13043478260869565,1.0,0.7978723404255321,0.9828786121337435,
0.0011801746838368222,,1.0,0.0,0.4609053497942387,0.4640735773136616,0.8300720906282183,0.08914330402204261,,1.0,0.7978723404255321,0.9999999999999999,0.3206401766004415
0.0018769273376562944,0.0,0.33834310850439886,0.0,0.41152263374485576,0.41118988311937155,0.5262615859938208,0.11385936036519383,0.21739130434782608,0.38931297709923657,,0.9999999999999999,0.2836644591611479
0.0030712641176991583,0.0,0.33834310850439886,0.0,0.41152263374485576,0.4531519448170148,0.4088568486096808,0.11385936036519383,0.21739130434782608,0.38931297709923657,0.7021276595744679,,0.3272626931567329
0.0019407691681724197,0.0,0.33834310850439886,0.0,0.41152263374485576,,0.266735324407827,0.15177004428520763,0.21739130434782608,0.38931297709923657,0.7021276595744679,0.9908971708104293,0.43791390728476826
0.0031839988994028096,0.0,,0.0,0.41152263374485576,0.350450277831002,0.7209062821833162,,0.21739130434782608,0.38931297709923657,0.7021276595744679,0.9999999999999999,0.5355960264900663
0.0006329108233033472,0.0,0.42045454545454547,0.0,0.3868312757201645,0.5809542057865492,0.6817713697219361,0.12267093453609655,0.0,0.1641221374045801,0.8936170212765959,0.9876191436784508,0.21909492273730685
0.0004377886089089926,0.0,0.42045454545454547,0.0,0.3868312757201645,,0.7600411946446962,0.10529330993279927,0.0,0.1641221374045801,0.8936170212765959,0.9999999999999999,0.20281456953642385
0.0011607299009507488,,0.42045454545454547,0.0,0.3868312757201645,0.6194673309063038,,0.11451409033454883,,0.1641221374045801,0.8936170212765959,0.9913006203035958,0.13107064017660044
