0
480.48
445.75
453.09
464.43
442.35
464.0
428.77
484.31
435.29
480.66
460.17
464.82
441.76
438.67
485.66
452.16
429.87
468.82
442.85
483.26
433.04
458.6
435.14
445.26
447.42
441.81
454.16
464.11
485.2
445.34
440.0
431.35
456.32
432.98
429.41
464.95
481.91
437.15
462.6
432.43
442.22
441.03
468.91
430.07
437.78
483.12
462.19
457.71
438.32
434.35
448.69
479.28
441.5
433.26
437.76
464.63
462.58
483.27
431.03
484.0
431.64
439.46
467.23
459.81
447.15
442.0
437.54
475.52
458.68
446.08
474.35
481.96
435.28
434.86
454.14
445.76
473.57
438.59
444.21
465.54
458.85
435.68
449.2
463.93
465.82
471.6
427.72
468.54
434.08
454.57
489.79
443.57
457.9
472.16
451.19
470.33
472.68
445.72
466.58
457.77
448.15
477.93
456.18
473.62
473.64
463.64
454.39
452.06
466.93
436.37
441.41
457.83
445.3
472.71
435.04
472.47
435.34
430.64
447.16
468.37
483.59
432.74
484.75
445.01
445.82
459.76
445.3
486.9
454.89
441.19
440.5
435.04
472.16
442.16
456.55
431.03
463.34
433.97
480.19
479.56
470.03
429.57
489.26
435.62
443.84
447.26
430.3
475.01
445.11
450.35
439.04
438.46
468.57
461.55
468.02
447.18
444.69
474.1
428.27
425.18
460.6
476.25
461.08
460.3
435.04
453.86
440.48
434.47
436.8
459.76
468.85
468.81
454.29
442.8
447.43
437.31
477.03
440.03
466.24
440.21
475.17
457.81
485.19
450.96
446.05
449.23
479.01
458.59
442.9
432.43
431.99
439.22
433.14
483.95
435.61
478.29
453.08
460.38
437.19
478.02
434.01
476.99
435.31
431.69
435.66
488.05
464.09
465.61
479.23
487.57
449.08
477.38
474.16
454.25
429.85
462.98
434.04
473.94
437.42
457.12
457.49
443.41
436.74
487.33
437.14
441.94
438.62
441.76
450.88
482.89
479.15
446.91
444.16
489.09
471.43
455.24
445.49
471.78
443.15
475.0
474.22
445.71
491.29
437.87
448.24
447.2
478.12
465.44
445.65
437.4
445.83
436.26
431.72
481.83
433.08
446.87
463.03
445.93
430.34
462.46
441.76
449.66
436.38
452.07
473.87
467.46
440.27
454.32
435.76
439.56
467.0
462.6
472.16
448.46
434.11
449.74
439.29
473.2
437.62
491.49
442.75
461.38
489.54
477.61
461.49
474.93
447.89
481.02
470.68
440.92
433.82
473.72
443.39
449.93
443.31
438.9
446.72
461.54
451.97
444.53
479.61
453.76
442.39
433.72
460.44
445.04
432.85
439.37
488.8
433.01
453.45
454.46
473.09
479.15
438.18
447.45
469.25
476.67
432.3
436.64
458.55
481.08
442.77
447.8
436.19
441.56
470.53
447.28
450.7
432.78
451.09
438.23
457.07
437.39
435.12
477.05
432.43
486.46
468.14
429.08
477.65
433.84
442.65
478.44
447.18
446.26
472.67
443.71
430.16
447.85
473.31
460.54
482.31
464.87
439.0
445.92
485.58
456.57
443.87
476.9
445.56
428.08
475.72
469.79
444.0
467.97
451.79
467.1
454.23
438.5
431.69
472.14
437.44
477.27
439.31
445.84
449.76
457.15
429.28
431.66
477.8
440.86
452.0
448.51
474.72
482.39
478.45
466.88
485.61
487.71
483.26
450.4
439.39
439.13
434.01
472.43
435.7
441.5
434.14
450.3
464.27
470.99
481.41
490.23
457.64
437.35
474.03
428.72
454.06
425.35
452.82
475.04
464.07
448.77
430.15
460.09
432.19
442.19
439.01
468.74
441.79
474.6
454.53
470.38
435.94
481.89
454.09
484.42
440.61
456.97
481.92
437.55
428.87
440.94
472.2
455.16
454.2
452.84
471.43
443.85
434.68
462.44
460.59
444.69
463.68
448.11
433.71
447.86
439.51
478.34
458.8
440.1
460.2
459.84
444.78
489.8
465.35
469.25
447.73
435.23
437.46
439.25
458.41
466.03
474.74
456.4
455.32
449.54
444.39
475.87
483.43
446.4
462.63
434.53
425.28
451.86
431.72
469.35
466.77
481.37
450.02
466.85
440.92
434.64
442.5
443.93
473.67
466.45
463.5
434.24
432.88
452.26
450.23
483.31
485.1
450.25
432.52
474.27
472.7
435.46
436.47
443.75
430.81
444.98
463.35
447.83
467.22
438.69
452.75
441.22
449.1
452.0
473.54
468.29
458.67
468.87
438.73
472.28
453.79
460.64
444.34
437.67
427.2
474.68
438.41
471.17
446.98
483.04
432.26
464.02
459.87
435.88
490.76
442.45
475.86
477.51
439.16
445.51
462.55
440.75
437.72
476.12
469.13
446.58
444.05
455.5
472.04
435.93
447.84
442.13
435.31
441.77
439.73
443.77
483.62
431.16
428.24
453.28
467.61
449.48
435.56
445.9
475.46
463.17
446.56
476.97
446.66
446.62
446.63
466.2
454.47
443.61
446.7
457.17
447.05
464.79
466.24
483.66
447.06
437.65
437.76
428.54
455.51
438.95
477.32
475.08
475.51
430.79
427.77
448.56
447.26
442.47
466.15
478.37
469.53
473.84
442.23
474.45
443.88
441.08
455.35
462.46
476.92
442.47
440.45
437.61
447.26
467.96
471.49
477.22
457.74
440.52
431.17
430.11
457.44
430.8
469.62
435.1
472.55
443.62
453.83
433.71
475.33
430.48
445.09
480.84
466.51
436.51
482.63
440.0
436.67
481.09
467.23
443.72
451.11
458.5
465.93
435.51
477.22
436.87
459.06
445.22
466.08
436.16
443.58
430.05
448.65
442.69
442.96
483.12
481.46
480.38
477.74
465.49
436.02
463.03
469.02
433.1
433.53
471.38
434.88
472.45
467.05
458.75
439.14
434.6
441.45
446.17
451.94
458.25
446.05
452.5
445.44
470.82
458.66
440.3
428.42
426.79
437.06
434.75
472.36
426.69
430.87
438.83
432.35
433.89
483.3
437.55
446.87
471.91
449.79
491.38
438.22
430.12
480.31
451.75
441.68
474.97
456.25
431.24
465.8
463.29
453.5
481.51
483.92
441.9
473.76
436.9
444.71
434.24
425.48
432.82
436.96
447.28
470.88
471.19
440.01
463.09
454.14
467.96
445.77
461.12
442.51
478.31
471.33
476.67
468.87
451.38
458.26
471.55
471.46
460.95
430.32
433.09
430.7
468.94
431.23
484.19
474.17
440.46
443.93
479.2
446.34
442.25
439.84
477.78
446.57
480.38
455.79
476.61
472.11
466.73
430.72
465.64
430.81
450.25
452.11
434.59
440.09
427.21
469.5
450.33
437.35
442.11
440.75
436.36
442.18
475.9
431.47
438.47
440.05
484.96
481.29
464.12
457.92
457.53
464.07
464.95
435.36
457.89
433.99
442.03
431.97
477.38
471.23
429.84
440.58
440.74
467.84
488.58
446.04
454.78
436.25
447.28
432.88
462.16
478.06
439.81
434.01
477.53
452.21
477.52
471.73
477.62
446.22
465.72
451.94
461.96
447.12
433.13
453.94
459.1
471.68
449.87
456.87
471.97
480.07
444.0
462.58
437.75
450.98
473.26
434.08
488.36
467.44
433.15
449.48
449.77
466.79
471.93
449.54
443.82
435.06
483.08
432.09
456.21
452.96
462.07
461.15
441.81
443.55
486.4
463.0
438.79
437.41
453.02
431.26
471.15
437.95
458.59
463.47
471.6
479.88
471.61
433.4
454.16
438.99
471.48
475.42
454.92
464.33
460.14
480.08
435.14
474.24
441.92
438.24
435.97
469.9
440.1
480.63
438.29
448.83
455.52
475.42
466.71
437.16
444.19
464.95
440.21
472.45
432.0
464.59
494.43
465.78
458.61
431.53
444.5
436.6
466.59
456.28
476.49
431.18
464.62
443.25
472.5
472.79
478.52
494.24
439.56
447.78
447.01
449.73
433.75
451.9
472.95
430.58
453.89
454.4
441.93
474.97
437.42
436.58
466.05
432.13
477.26
438.52
443.04
438.15
437.17
436.17
466.34
470.92
452.12
458.78
450.33
438.43
445.19
466.36
440.13
440.74
449.84
436.33
462.54
439.14
461.34
450.48
474.29
472.82
465.81
425.74
484.51
473.57
470.98
444.98
464.9
453.27
437.47
466.05
425.98
447.4
434.28
488.03
436.57
478.94
475.77
488.43
439.33
469.57
469.68
433.07
483.39
431.36
475.09
438.28
470.9
455.31
446.88
463.86
444.07
466.33
446.62
430.19
430.31
464.91
481.44
468.63
485.7
453.9
460.33
487.35
474.75
475.14
441.68
433.45
481.18
436.44
469.34
458.19
452.24
440.29
469.93
449.01
475.79
460.1
460.97
438.17
465.32
488.67
462.12
485.49
466.47
465.85
471.89
483.94
494.91
437.87
481.66
466.99
452.83
440.96
460.35
466.27
446.75
468.87
432.36
464.13
445.22
454.9
477.93
427.04
476.32
478.86
429.62
454.72
430.12
440.56
432.84
429.84
473.75
434.48
444.28
439.87
474.94
431.96
451.8
430.88
435.57
445.44
441.2
477.23
431.93
482.57
443.75
444.19
450.06
467.32
446.23
453.58
431.59
433.39
446.44
486.06
444.1
469.23
442.48
442.32
440.22
462.03
434.73
446.5
445.09
452.93
467.53
441.58
453.66
471.32
482.98
453.08
455.28
427.61
462.1
477.17
457.01
451.62
475.51
439.65
477.75
444.66
481.38
440.92
472.01
459.65
453.12
458.25
480.59
445.81
492.39
451.21
442.27
444.49
481.88
468.88
476.62
478.03
480.38
479.48
464.17
446.2
490.02
490.57
476.87
454.1
438.63
446.33
466.59
486.76
464.38
444.44
444.61
433.13
444.14
436.12
442.5
475.61
438.04
452.57
430.55
439.91
479.33
474.28
438.26
467.32
447.06
441.13
463.11
481.75
449.73
453.87
432.25
434.72
442.6
456.4
441.08
437.49
442.21
431.28
447.69
453.64
437.28
440.02
469.29
429.2
441.16
475.59
454.5
434.1
469.55
484.5
446.31
476.87
459.85
437.82
445.95
436.29
439.9
432.51
465.52
436.99
462.74
451.05
491.23
451.06
457.94
476.49
472.5
469.8
446.08
480.97
435.47
485.67
428.73
486.86
437.8
486.03
429.8
426.98
431.69
430.82
485.27
433.49
491.37
486.76
474.2
449.6
447.93
482.36
463.54
479.06
434.24
474.57
450.18
485.03
470.18
449.45
435.32
480.59
452.5
446.46
431.27
430.46
451.97
482.3
469.6
473.22
481.44
447.31
463.1
448.93
463.65
443.31
430.28
446.05
437.21
464.14
442.28
437.04
476.74
430.14
438.73
442.78
436.71
479.66
469.44
471.59
440.52
440.86
451.1
486.46
435.26
436.46
443.66
462.19
440.58
466.17
439.05
447.93
452.89
431.07
442.56
438.73
454.34
443.18
435.94
448.61
477.78
478.52
464.26
459.6
430.42
443.53
449.55
487.45
457.66
444.91
449.58
485.98
461.7
454.76
430.66
468.35
450.05
440.96
440.96
467.79
434.65
448.39
448.72
447.13
435.9
480.36
448.32
442.35
450.67
461.73
479.87
425.58
485.08
446.67
440.26
438.64
446.55
468.49
469.02
426.29
459.69
437.9
446.17
441.75
471.07
479.65
467.91
455.96
450.0
466.24
442.7
450.07
430.73
441.29
484.55
445.58
472.11
445.87
449.21
433.73
426.82
437.96
438.5
436.94
446.33
454.58
440.04
494.87
464.86
447.88
456.08
442.43
474.26
468.8
436.82
440.43
461.27
468.14
443.84
473.99
474.58
473.99
457.3
464.5
472.46
449.02
487.63
469.37
442.86
435.9
444.76
464.74
487.71
464.36
473.63
434.02
478.43
441.3
451.43
466.07
467.83
436.18
445.18
434.88
490.34
434.93
440.7
475.02
457.11
474.99
454.94
468.67
447.16
434.3
451.81
440.51
430.8
436.89
436.56
483.61
462.87
444.78
464.72
444.56
470.84
477.99
465.45
446.99
470.8
442.38
491.81
446.96
449.7
450.88
440.99
435.56
434.27
444.57
444.99
440.29
488.98
468.8
429.25
435.59
436.08
471.11
495.24
431.18
443.61
471.49
432.2
465.24
489.95
442.81
473.01
447.95
475.7
465.89
440.43
445.85
473.54
450.08
462.22
438.33
464.2
440.65
463.65
472.62
431.11
481.56
463.77
471.26
462.32
462.08
485.11
435.66
435.47
448.1
438.42
472.61
459.02
463.37
480.14
448.73
484.08
457.53
488.92
467.6
440.57
437.11
456.17
446.62
467.33
461.31
441.15
480.04
431.84
470.44
428.27
475.07
451.5
454.4
452.34
469.34
452.52
431.21
471.44
438.14
441.22
437.92
430.41
431.92
436.43
433.48
443.65
477.23
450.09
445.76
440.23
483.56
447.89
445.68
454.99
461.46
467.81
436.46
439.33
479.22
467.28
438.5
425.71
482.26
438.75
445.9
450.33
453.39
432.68
440.51
449.01
440.68
466.64
432.33
482.02
475.74
490.41
434.95
450.62
476.7
432.13
439.24
448.22
438.97
450.88
462.11
442.84
433.84
462.48
429.71
441.78
447.48
441.78
476.0
459.79
484.9
449.58
460.56
466.67
436.23
440.08
490.03
441.99
461.8
470.04
454.02
466.68
474.07
465.89
464.77
477.94
441.04
453.31
461.56
481.44
472.84
475.06
476.75
477.34
458.59
446.28
464.72
443.73
474.88
449.93
462.01
442.96
429.96
481.03
440.56
432.06
468.45
446.61
445.65
457.74
454.78
480.49
435.52
427.31
434.91
478.58
468.43
447.88
463.89
474.69
470.29
479.18
429.7
440.6
458.84
433.44
438.26
452.82
441.53
436.7
468.09
441.64
448.72
450.38
463.6
448.15
439.63
439.38
441.17
439.46
433.47
469.17
468.63
449.06
427.51
450.96
463.78
436.36
440.59
432.91
435.23
435.64
474.47
445.12
426.86
479.18
484.21
475.01
447.29
467.29
430.2
434.8
479.3
470.22
481.88
433.47
460.43
492.06
473.89
444.0
448.43
437.03
438.36
473.6
435.6
483.86
464.58
446.49
476.84
464.7
448.25
463.4
470.37
441.4
474.61
459.61
432.26
440.12
462.44
451.52
431.57
462.25
462.94
480.71
476.7
491.17
440.5
436.4
468.33
463.24
475.74
468.63
446.74
455.97
431.55
459.83
469.27
494.39
473.84
451.38
461.07
469.73
473.84
458.69
465.75
479.78
426.88
442.58
464.6
435.02
460.03
465.2
476.72
441.99
460.19
447.07
441.5
445.82
464.85
442.49
454.51
445.37
425.72
473.87
488.13
464.82
470.66
459.89
470.67
485.92
466.51
471.79
446.84
481.15
430.37
445.28
438.96
435.05
468.15
433.3
435.4
478.73
471.47
435.13
450.6
441.92
430.82
461.64
435.51
483.03
437.26
463.77
440.78
451.77
472.45
469.41
438.89
443.93
475.21
479.53
479.03
434.64
448.33
472.77
447.03
435.29
465.78
481.52
486.39
479.24
433.43
440.64
444.05
471.09
450.53
426.54
447.92
457.74
442.74
438.47
473.28
456.84
471.0
478.13
451.82
466.01
429.97
466.2
456.61
430.63
467.41
433.27
482.19
427.11
488.7
476.5
440.2
464.3
430.66
436.43
490.81
458.66
481.46
481.46
482.05
471.13
480.41
430.67
441.35
442.69
456.18
441.6
448.22
469.85
479.89
484.47
467.02
451.79
433.14
433.75
447.42
431.39
480.79
438.76
427.91
458.46
426.97
429.86
487.48
435.59
444.15
445.8
428.52
448.91
442.23
441.54
430.54
453.15
454.43
467.37
444.05
446.3
430.53
453.84
426.1
475.66
440.35
452.57
434.2
433.28
437.91
471.08
480.05
451.28
483.12
472.41
484.57
480.54
480.47
441.94
455.86
459.18
427.39
426.96
442.02
430.57
453.95
452.46
440.52
452.29
442.39
478.68
440.24
481.95
459.25
439.59
475.47
457.53
483.43
463.27
437.62
486.14
451.2
456.87
455.04
456.84
436.53
438.11
437.7
432.62
432.77
463.26
469.67
450.04
451.44
477.67
447.02
485.76
441.91
431.14
465.82
468.22
433.25
433.37
453.02
465.43
457.72
459.78
455.88
444.17
448.49
450.53
471.8
465.41
451.0
486.55
440.6
459.73
489.4
470.66
443.27
468.13
463.13
447.71
465.08
463.61
453.29
448.79
440.88
472.65
444.85
438.23
447.14
432.79
465.46
436.51
473.3
441.12
473.73
464.86
473.76
470.37
433.47
480.01
435.38
432.68
465.42
443.45
481.95
468.83
480.71
473.88
432.21
471.95
431.02
483.79
432.38
454.75
462.4
434.95
475.49
425.55
446.8
431.26
466.95
447.21
438.01
437.22
436.29
439.48
442.75
442.23
441.43
443.95
446.93
487.33
488.5
460.61
472.57
433.76
449.75
447.82
449.88
443.66
426.5
482.74
477.51
429.21
430.59
454.67
433.54
433.11
467.03
433.71
462.29
469.54
438.23
462.3
430.38
441.03
473.55
449.94
449.54
438.38
450.27
444.39
429.66
442.87
467.72
464.18
433.35
446.93
438.01
445.59
444.65
462.3
453.99
475.58
467.04
437.26
437.81
464.93
437.35
472.27
461.97
451.7
441.86
436.83
434.85
473.56
472.3
453.13
430.71
437.58
446.26
483.5
464.7
449.59
485.57
447.02
452.8
436.67
464.57
467.21
437.29
456.54
465.07
448.71
438.91
449.22
465.29
463.89
455.52
437.78
473.29
439.11
453.0
443.28
427.91
468.55
466.8
430.5
441.65
441.32
455.86
465.74
452.75
461.29
453.99
441.32
463.96
431.92
466.29
455.44
432.28
445.49
484.12
440.99
468.3
452.38
440.58
451.13
476.1
467.22
451.13
445.6
471.96
433.08
462.39
445.52
460.81
428.89
454.26
444.7
442.85
434.01
479.61
479.68
479.42
478.81
446.67
454.25
441.65
460.19
441.05
426.35
437.81
431.96
445.22
436.31
427.1
480.29
466.72
442.56
474.81
432.94
460.07
438.31
428.71
476.12
443.73
478.16
447.06
438.34
463.82
447.74
489.96
435.09
469.02
486.94
447.89
477.57
449.25
428.94
439.19
472.22
440.93
482.77
442.9
440.96
447.34
448.04
445.98
468.23
432.07
439.3
446.45
444.34
488.69
458.29
429.73
448.61
436.95
467.01
459.86
441.13
430.29
453.86
447.14
452.64
446.76
445.92
447.09
447.16
473.46
450.93
448.04
445.37
432.2
489.1
478.61
475.51
428.79
472.99
425.89
484.97
435.41
440.05
432.92
457.68
448.39
474.49
463.52
457.33
440.52
448.83
483.63
453.77
466.78
437.07
430.96
450.65
459.15
465.64
445.1
469.25
483.18
460.95
435.34
470.17
441.77
450.87
471.71
464.27
452.65
447.92
439.51
468.64
475.29
431.39
465.14
439.3
447.83
433.9
479.32
470.9
455.41
448.65
434.68
434.5
433.44
449.6
444.85
492.92
444.06
462.27
429.59
432.82
473.36
437.4
445.39
463.89
426.87
442.53
431.99
479.31
441.49
431.26
466.7
475.61
433.29
432.93
443.26
436.88
426.58
469.28
464.61
442.7
450.38
486.5
441.28
434.64
444.11
467.57
473.31
453.24
454.19
455.49
461.23
484.14
448.66
438.54
447.07
466.81
447.77
465.6
435.01
455.7
472.18
461.96
462.28
442.44
453.22
480.92
430.46
436.3
464.31
453.67
465.25
464.67
432.94
447.34
470.11
437.37
444.69
457.37
463.51
438.72
443.57
465.37
453.38
438.55
478.04
442.42
445.67
452.79
477.71
445.54
457.01
434.7
436.06
467.14
444.63
439.72
439.78
434.23
441.66
473.72
460.51
462.49
442.14
480.49
451.35
461.21
477.5
433.37
434.99
435.48
452.66
468.01
444.57
439.43
441.08
456.06
446.0
443.13
430.61
467.71
443.98
433.81
430.18
445.93
435.78
448.46
436.21
458.75
437.57
430.82
466.83
453.46
470.05
458.72
476.31
430.41
465.37
463.4
480.8
466.83
439.28
482.47
469.58
474.75
464.67
449.44
442.83
470.8
440.23
430.55
468.58
446.46
429.47
447.03
453.77
457.74
432.8
429.18
436.65
464.88
445.66
460.48
436.32
438.42
435.66
434.99
481.69
446.1
474.8
465.33
464.76
434.91
453.54
466.15
461.36
486.01
443.75
469.0
437.55
442.02
471.42
480.74
466.39
456.94
437.31
440.74
464.58
493.16
468.37
461.63
465.73
442.9
458.1
478.8
452.33
440.58
455.13
442.0
436.16
437.96
459.1
432.75
460.14
455.37
456.7
435.95
486.84
435.54
444.8
452.82
463.07
434.64
446.16
465.23
456.32
443.89
480.05
457.5
455.32
464.46
447.06
485.36
447.3
430.35
456.91
487.79
460.42
469.21
449.59
477.3
455.38
455.59
481.05
434.97
457.51
428.98
462.58
464.6
438.09
474.77
450.99
475.73
439.51
466.53
429.84
441.0
442.9
466.87
440.17
453.18
442.04
464.7
488.56
465.06
459.27
447.04
458.5
451.26
476.04
472.75
444.48
477.14
447.37
444.9
452.7
483.59
474.03
457.12
474.72
457.32
468.36
465.82
443.78
443.66
456.28
459.01
449.33
434.01
467.81
471.99
444.13
447.36
467.18
468.45
442.13
475.13
467.87
433.24
445.91
463.62
453.94
484.22
464.55
434.12
466.69
460.66
442.37
477.76
458.73
467.89
437.38
469.23
474.09
448.5
433.24
436.89
486.3
457.1
455.69
437.26
464.17
443.87
427.65
430.75
431.77
437.98
433.07
454.36
449.23
456.56
478.45
443.44
441.73
484.64
446.4
439.94
450.55
469.9
456.04
481.23
469.08
430.19
484.45
425.91
463.99
479.21
482.96
476.09
431.79
465.63
464.03
444.83
443.78
479.78
463.99
468.75
437.35
435.66
480.62
486.36
439.44
465.5
432.89
443.43
478.37
464.14
436.23
440.26
436.07
442.03
467.21
441.31
462.86
440.32
471.6
486.07
434.11
439.66
482.52
435.53
429.66
464.08
441.37
427.96
470.41
449.13
440.09
475.88
466.96
460.0
478.95
435.72
442.75
482.8
442.27
445.54
476.73
435.08
450.31
435.04
457.26
445.12
454.23
445.32
440.54
478.34
440.63
460.8
463.08
463.06
487.19
488.02
484.09
459.91
440.05
456.04
480.58
431.74
436.42
467.5
479.15
430.57
434.15
461.81
465.6
452.09
457.26
451.09
447.3
447.96
455.39
440.46
469.17
474.71
437.03
442.6
451.58
444.23
449.04
433.81
432.59
436.17
441.01
448.46
466.75
454.25
439.45
445.75
473.76
485.57
478.78
459.16
431.68
471.42
441.8
455.81
450.54
456.64
421.57
435.67
432.89
443.1
449.8
440.56
440.15
460.18
449.11
450.07
448.64
467.6
445.27
451.03
443.68
450.6
478.1
454.39
454.66
433.95
483.43
457.09
440.62
481.34
442.71
470.22
481.03
450.19
476.28
434.1
436.61
449.63
455.58
445.34
479.08
457.55
471.32
436.24
463.5
460.76
463.81
430.29
444.88
429.81
449.82
468.22
433.94
479.02
458.49
452.19
478.82
451.24
450.14
462.96
467.14
457.6
456.81
476.04
475.07
485.18
451.95
483.38
465.2
425.3
436.67
453.88
438.54
474.79
476.31
467.23
456.25
439.86
442.98
456.2
433.74
434.05
457.76
471.3
444.64
480.83
437.78
460.91
439.52
444.34
452.67
465.62
432.3
445.0
449.95
429.67
471.8
434.08
464.63
440.98
449.97
473.48
458.46
460.77
477.5
448.82
465.42
430.91
484.03
435.41
467.33
436.7
443.23
438.84
435.03
479.08
439.12
467.67
461.36
433.01
438.99
452.5
449.98
434.76
470.49
462.52
486.7
467.48
465.23
459.63
442.58
442.94
446.02
468.14
442.28
442.08
456.8
464.56
485.24
449.54
488.32
465.58
442.73
433.21
470.49
458.75
444.19
465.14
450.81
487.8
460.54
472.72
459.12
459.69
481.61
450.22
476.83
460.75
438.6
445.87
462.28
441.37
484.51
440.03
489.04
436.03
434.83
466.06
446.79
442.89
452.32
446.3
429.31
436.33
447.04
463.86
473.45
428.62
468.19
454.36
432.84
465.0
431.19
439.32
438.42
439.86
469.51
426.13
446.64
468.19
474.71
465.7
471.92
454.47
466.89
441.62
470.71
439.6
433.47
457.45
434.56
489.45
433.45
474.93
462.42
463.83
441.6
427.06
458.96
428.89
485.3
443.04
482.55
478.48
437.71
469.13
440.8
471.16
433.59
432.07
444.19
445.73
436.64
487.09
440.22
484.71
439.49
441.93
429.29
443.75
463.06
474.36
437.31
472.47
448.55
452.84
462.2
469.34
430.32
444.57
445.41
447.96
479.06
444.63
459.19
450.22
444.99
462.25
483.88
468.41
444.01
441.51
449.74
452.77
448.21
467.54
446.97
447.85
444.55
430.09
473.51
447.57
428.44
453.92
477.03
461.06
467.22
478.81
475.36
448.01
433.88
472.15
476.03
491.4
448.01
468.35
448.88
438.73
444.69
430.14
466.75
467.43
436.01
441.74
448.6
437.11
449.01
485.87
460.19
457.98
439.03
432.62
463.6
433.31
474.01
480.87
482.16
474.18
467.81
469.81
432.0
444.06
441.4
435.96
468.43
476.27
443.17
475.85
441.48
427.01
457.54
446.58
462.54
461.33
448.84
438.77
479.44
463.86
485.43
435.28
473.66
443.31
432.93
455.63
445.31
484.32
439.77
441.97
454.21
479.23
447.16
455.21
427.42
454.86
462.92
483.87
486.14
457.01
433.25
455.87
471.36
431.44
445.44
490.5
450.76
442.4
476.91
461.44
459.81
463.91
433.83
473.56
440.96
432.19
485.13
440.0
430.33
437.81
489.62
473.47
451.14
438.71
464.64
488.57
448.4
425.29
435.21
425.61
443.66
445.8
444.72
477.68
452.1
435.84
438.8
434.07
439.09
435.9
454.12
435.87
457.08
435.09
438.01
464.4
436.36
459.39
444.26
451.49
435.13
475.8
471.38
478.37
459.45
456.29
458.31
472.08
455.22
484.49
438.44
433.18
449.02
469.38
466.99
463.46
438.72
444.84
465.9
444.39
454.59
436.71
465.2
468.9
463.39
477.07
432.45
454.35
476.69
489.18
448.98
462.16
434.17
486.8
463.21
474.57
461.02
438.33
462.21
468.84
437.47
445.25
451.31
437.97
467.25
455.85
433.53
471.93
467.42
444.52
467.01
451.47
441.5
447.96
442.62
464.35
435.49
451.41
431.69
460.67
438.78
449.57
454.14
428.63
436.17
443.24
466.37
444.5
464.44
465.62
439.84
453.05
443.54
453.66
440.04
451.5
452.15
446.11
446.7
472.94
443.0
453.54
453.47
438.9
438.52
456.18
476.63
463.0
448.65
482.22
467.25
447.2
483.74
447.09
442.12
431.64
436.41
464.17
443.51
445.33
449.66
487.25
429.15
450.84
468.1
433.58
433.02
466.0
444.43
441.83
437.48
484.66
429.01
428.72
469.43
479.32
482.79
433.34
483.8
442.99
441.71
487.85
475.46
467.47
442.0
441.56
461.0
480.83
450.14
460.02
480.38
459.59
460.82
439.81
464.27
430.4
436.72
436.04
478.13
447.44
458.59
460.7
464.37
465.95
434.29
461.58
475.55
476.12
480.25
482.38
446.83
434.67
460.51
447.16
489.25
450.44
445.17
449.21
447.35
445.31
476.45
432.07
453.29
432.17
478.07
468.0
430.12
460.73
456.31
437.62
435.85
472.45
439.31
434.01
434.47
449.4
440.87
444.94
474.61
483.71
469.42
460.33
470.07
442.23
467.51
464.79
436.3
469.04
477.57
435.91
432.6
442.01
485.28
441.15
454.47
464.95
433.57
449.74
454.72
474.58
467.01
456.33
435.02
437.4
442.75
443.69
456.54
431.79
446.66
461.9
452.58
460.53
448.32
478.82
438.39
456.61
434.73
458.97
457.72
449.05
425.17
430.51
435.56
465.94
477.34
451.28
443.86
449.03
476.81
464.93
439.79
483.19
439.36
455.15
457.26
453.99
467.06
473.56
444.13
434.03
453.36
448.59
439.91
477.62
465.74
475.48
440.4
435.21
444.77
465.61
441.71
474.52
434.92
485.12
439.83
435.75
440.17
460.25
454.98
481.59
464.72
452.85
461.27
474.96
471.64
484.82
448.91
437.67
470.13
441.9
442.12
450.26
442.71
426.22
440.85
473.17
455.76
432.81
470.59
442.73
456.4
434.89
433.36
439.4
426.25
434.47
430.23
468.76
489.59
463.09
459.48
463.71
453.62
434.74
442.16
475.42
479.56
487.94
459.95
430.65
461.49
445.4
451.3
437.27
473.19
440.09
441.91
479.85
436.97
481.83
468.97
434.26
441.31
458.74
453.17
462.09
482.62
438.46
466.4
477.8
463.69
427.56
446.57
490.11
443.34
443.78
476.18
449.27
469.34
431.0
440.31
471.75
437.99
446.67
482.43
436.19
495.21
441.0
467.47
453.24
426.67
436.39
465.75
481.56
485.17
434.15
438.48
466.56
468.46
440.55
461.54
438.75
444.46
441.51
463.33
453.33
475.01
440.01
441.52
426.47
433.55
438.1
457.45
439.91
433.92
457.11
447.83
440.99
469.31
438.8
463.5
437.88
446.86
440.64
465.97
443.79
483.03
467.28
435.79
474.09
450.21
438.42
432.7
431.93
470.95
433.0
462.84
435.27
447.09
443.54
472.52
474.93
458.56
470.92
450.46
436.55
443.9
439.72
479.53
430.94
433.94
449.98
447.16
468.8
450.33
492.93
468.72
453.03
441.99
446.09
457.12
457.67
442.87
445.56
460.15
477.78
475.46
472.12
461.14
428.93
436.78
446.11
476.72
436.95
463.22
446.58
454.85
435.04
441.26
435.21
456.63
480.21
442.47
445.57
472.76
439.97
456.2
448.43
466.42
426.2
434.06
441.41
467.72
469.83
471.47
442.26
474.99
477.05
440.42
449.67
441.61
478.27
442.51
437.57
446.18
453.96
437.24
450.48
426.14
438.28
491.54
437.75
465.57
443.29
432.51
468.75
482.69
469.97
464.18
436.85
482.17
456.65
434.51
430.07
453.87
462.56
437.33
452.13
459.27
442.78
464.37
432.01
480.56
463.58
446.48
433.85
446.04
436.92
458.92
474.36
455.6
439.82
439.94
432.46
445.18
470.63
462.67
431.37
474.23
447.3
475.59
439.43
488.75
446.94
473.78
449.49
444.74
445.5
455.22
439.33
451.4
436.69
451.64
432.84
461.73
458.87
445.12
442.48
495.76
447.67
437.24
428.12
446.27
426.48
451.42
475.02
432.31
485.78
443.33
435.22
442.1
479.43
430.98
467.24
437.83
464.11
459.69
442.18
468.51
460.06
483.82
472.98
465.05
454.06
465.7
444.81
449.24
458.29
486.52
444.26
435.62
437.61
466.71
482.78
432.13
454.21
452.66
448.37
473.22
437.5
479.2
449.63
463.64
459.97
466.99
473.1
428.58
466.77
455.09
427.49
451.49
442.88
433.02
464.39
443.51
460.47
443.41
435.22
454.62
488.53
433.64
477.14
453.4
432.5
473.31
451.87
464.27
463.3
475.13
430.48
466.83
442.86
429.38
431.58
441.33
433.57
441.29
429.41
435.6
475.06
475.37
444.37
474.49
427.82
432.75
457.09
449.94
431.31
458.8
442.78
435.75
470.68
465.66
463.83
430.26
457.0
492.22
441.2
460.21
440.7
430.62
438.71
441.9
430.0
442.44
437.06
449.65
429.25
478.88
474.73
450.92
466.2
484.16
448.45
461.5
450.86
446.48
459.6
444.09
462.09
468.96
439.03
472.81
451.03
469.75
450.84
456.36
444.12
432.38
458.37
451.95
436.64
488.2
430.14
464.41
427.83
438.52
444.16
470.75
432.79
433.32
437.47
438.09
474.17
443.92
436.19
455.07
449.7
437.83
457.54
435.68
453.34
455.93
432.21
461.06
458.09
433.24
445.72
431.48
449.43
439.3
434.14
479.08
457.8
435.75
473.79
444.9
475.37
478.35
481.49
436.67
477.65
468.87
433.89
479.82
435.57
443.43
455.64
439.12
435.51
445.33
471.27
431.87
463.9
473.19
436.94
453.74
448.89
440.79
461.15
438.56
430.53
431.97
442.64
441.51
442.83
448.71
442.48
459.85
486.79
440.26
481.03
435.75
450.66
437.93
427.22
463.87
451.44
464.36
452.82
435.99
438.64
479.7
439.75
463.75
470.19
447.54
462.56
444.89
444.77
442.93
483.94
480.36
476.0
442.53
430.26
430.98
472.63
461.37
441.04
447.95
460.76
455.05
438.93
446.33
459.83
464.56
467.08
484.2
454.01
467.85
442.45
473.92
476.8
446.95
432.2
425.14
453.8
440.68
450.16
463.93
484.25
478.75
465.86
434.54
474.16
482.85
427.06
430.11
469.52
440.62
430.83
443.54
456.08
443.58
477.89
478.69
488.85
445.86
428.49
456.55
436.46
481.02
459.31
440.11
454.59
466.36
463.05
428.35
469.06
466.49
428.92
433.44
439.76
489.68
468.49
460.75
455.33
455.29
446.29
489.02
439.42
441.71
432.79
480.06
444.9
453.28
472.4
442.75
452.84
474.26
446.26
432.06
469.94
479.91
448.82
442.82
489.1
440.79
445.49
437.02
484.85
437.44
438.12
453.49
434.77
467.8
460.44
439.29
462.81
458.62
470.98
445.22
471.44
483.01
429.12
443.73
429.57
436.45
430.63
425.41
463.37
494.9
442.69
476.54
455.71
433.74
440.93
439.25
437.97
455.57
474.29
490.23
460.44
451.93
472.54
466.73
467.3
474.81
474.76
457.01
434.44
448.37
432.25
452.0
471.07
490.68
431.12
432.56
488.53
439.93
456.77
451.4
436.37
443.59
475.03
467.18
467.12
443.8
482.58
446.51
437.55
433.72
437.07
438.36
459.14
433.92
445.71
489.44
438.67
452.94
429.93
457.61
440.87
483.82
492.85
436.77
460.31
429.46
455.17
439.2
441.3
465.72
441.24
443.44
429.64
470.42
471.08
447.19
477.57
463.98
469.38
462.72
481.94
484.55
439.82
440.13
466.47
472.32
430.53
437.06
472.86
427.62
451.86
459.72
443.04
480.32
439.74
447.1
467.6
444.42
462.19
448.74
435.27
467.99
443.44
489.07
445.31
450.86
433.34
466.04
432.33
452.52
467.06
436.16
434.68
469.27
430.68
456.08
439.74
446.88
467.19
467.8
482.9
475.69
444.79
446.68
432.02
439.69
448.89
430.2
479.76
442.71
454.74
432.43
468.49
487.4
478.79
450.15
444.5
473.0
468.64
443.41
443.24
458.19
447.76
479.62
440.07
482.22
444.38
463.53
459.96
472.76
462.69
463.2
490.47
490.92
477.41
455.56
450.81
461.96
456.92
468.28
458.91
486.05
454.67
469.93
460.76
463.31
439.48
444.4
435.99
446.35
488.82
438.66
465.57
485.08
433.3
452.02
469.6
448.31
467.22
471.82
474.55
463.27
486.6
470.14
450.04
449.12
427.84
454.64
447.84
463.49
437.73
465.89
435.98
445.34
473.9
441.29
436.74
462.21
467.09
470.17
462.73
467.8
460.2
428.75
453.58
472.33
426.56
442.83
438.39
480.15
443.65
484.81
492.12
437.82
449.41
448.28
467.95
478.25
439.0
447.42
430.98
430.3
449.57
432.05
474.51
441.07
447.46
470.92
490.96
481.83
481.74
475.19
440.26
442.64
452.94
455.27
432.04
449.63
475.41
430.62
441.66
459.01
482.1
444.43
465.74
437.72
447.75
435.95
445.18
444.09
458.78
486.92
482.82
436.66
445.87
441.93
479.61
469.35
454.14
446.77
455.34
433.28
431.7
460.25
435.06
446.15
483.38
428.1
448.49
440.22
450.55
470.28
475.96
474.04
477.06
445.36
449.03
436.35
481.27
467.65
445.32
453.26
436.05
448.15
442.7
444.65
458.67
445.79
464.59
440.3
467.41
463.64
431.37
435.59
435.27
474.44
484.54
434.77
462.12
451.44
425.64
433.46
467.98
442.78
441.83
479.17
485.02
448.97
479.92
470.88
484.14
447.25
447.52
437.78
459.53
440.16
461.88
439.74
488.01
493.87
450.4
448.58
435.87
425.21
444.8
482.17
476.02
434.66
450.33
436.69
454.88
453.4
445.33
438.62
474.07
467.3
470.89
444.59
458.67
432.26
451.98
442.19
457.28
463.14
444.81
466.2
462.59
441.1
430.15
473.41
430.91
437.27
456.07
463.28
435.35
482.09
437.48
446.79
479.56
441.3
439.45
472.22
468.61
478.7
434.54
464.67
435.2
447.09
478.21
479.02
444.66
456.89
446.09
455.79
439.66
441.49
433.69
448.61
430.27
450.67
428.74
466.46
463.04
438.09
443.86
476.67
438.41
449.82
463.74
437.05
448.34
441.22
431.82
479.68
473.73
438.39
479.97
469.12
483.49
446.48
453.99
431.27
435.02
490.81
448.26
469.57
471.28
435.91
437.08
470.96
473.55
484.65
444.37
434.1
455.75
469.63
428.83
479.81
438.46
456.11
439.26
452.37
442.47
463.09
489.96
438.15
480.86
445.35
481.27
439.02
429.28
442.5
443.09
448.35
446.12
431.18
456.44
430.45
473.6
465.25
446.98
490.07
435.46
477.52
486.07
470.41
451.84
463.93
435.2
445.26
445.52
444.01
436.75
432.59
433.71
449.38
464.13
435.28
452.68
427.53
435.93
434.7
437.01
440.6
452.53
451.63
468.07
437.49
479.0
436.55
444.99
440.03
442.07
435.2
464.15
438.53
442.14
490.55
433.97
468.8
425.91
448.1
449.88
440.33
473.94
432.0
439.06
479.94
456.86
449.62
442.13
474.35
467.44
468.8
451.42
435.74
469.75
444.6
440.16
435.89
458.4
452.82
448.9
437.83
448.02
437.12
467.74
439.71
473.74
439.43
471.79
430.89
438.24
441.52
447.86
455.2
474.13
443.94
460.26
455.71
461.78
459.06
463.49
474.64
453.8
432.44
456.48
478.08
429.95
426.14
444.97
442.32
446.91
472.54
481.24
434.82
447.69
434.2
449.6
440.64
481.88
466.78
458.04
435.69
454.26
453.45
473.32
483.24
432.44
432.73
433.18
467.83
426.85
459.52
462.88
437.55
445.07
452.03
432.93
444.77
464.45
485.29
435.25
460.45
448.04
469.23
485.54
459.36
436.64
432.72
478.43
447.86
466.88
445.36
464.48
476.81
436.77
469.96
462.87
473.41
431.66
443.57
445.1
477.22
432.41
438.51
441.71
467.51
471.79
447.46
468.92
465.03
464.15
448.75
460.41
448.54
486.91
438.71
428.89
464.59
444.08
436.5
439.66
473.71
450.75
448.92
449.67
461.57
443.89
450.22
463.38
440.42
448.85
432.0
472.59
432.82
433.37
448.67
458.55
477.79
467.68
464.08
438.24
488.42
458.41
483.92
441.61
430.59
452.71
449.07
473.27
474.15
433.46
472.42
466.92
430.07
479.63
479.52
441.3
431.86
470.67
449.91
472.95
442.71
475.47
438.08
465.36
435.25
470.2
437.38
445.78
456.07
474.64
470.78
474.02
442.34
444.46
468.8
471.46
471.86
469.17
475.76
466.29
449.28
476.21
483.88
456.58
456.93
445.3
442.77
445.81
480.58
456.31
445.26
477.2
449.59
433.72
441.07
465.98
462.55
484.13
453.96
472.63
464.42
470.93
442.72
472.69
444.09
483.42
455.19
462.63
459.85
463.09
460.19
462.96
491.1
455.48
451.59
457.98
457.21
446.3
447.5
473.17
463.86
471.32
443.09
486.79
431.97
449.24
478.3
446.2
447.58
436.42
435.45
441.9
452.56
467.07
434.83
463.71
478.96
454.26
450.94
455.95
445.79
441.61
476.68
437.55
477.2
433.59
438.26
475.62
453.2
456.24
439.77
471.39
446.75
420.26
474.4
467.62
465.61
466.14
461.98
453.27
442.79
440.03
434.15
475.96
466.16
467.69
454.18
474.7
474.94
447.31
467.41
478.34
480.74
454.15
453.33
468.92
475.08
479.03
462.05
464.05
433.72
440.9
435.7
454.59
444.02
476.57
433.86
450.82
454.48
453.5
457.66
439.81
435.38
446.46
463.36
439.15
430.72
463.47
490.79
472.65
465.99
442.66
475.96
474.26
448.79
442.94
437.31
439.72
442.11
456.03
489.52
433.32
425.75
485.5
450.93
438.7
450.74
464.57
451.74
436.59
427.55
460.54
445.39
452.76
440.98
475.64
449.1
485.94
432.58
450.89
480.38
430.46
444.21
450.83
440.15
428.5
464.39
442.65
455.24
433.7
463.35
434.09
438.25
445.67
459.39
443.53
438.24
436.05
487.19
455.13
478.75
436.73
444.04
455.29
439.78
425.16
455.25
484.34
432.96
459.38
450.44
451.37
440.75
457.7
437.11
480.54
463.63
465.36
490.02
432.08
466.12
461.14
462.94
452.3
441.34
471.69
448.17
473.13
443.89
482.8
481.85
493.3
471.47
444.19
476.83
436.48
491.84
430.88
450.75
437.52
445.1
477.76
462.88
437.01
474.92
471.38
460.86
452.51
467.83
452.42
479.78
467.32
434.48
443.8
430.24
484.57
463.71
469.73
455.11
479.78
451.29
442.4
456.49
443.85
449.14
438.84
452.71
441.44
458.42
442.38
430.16
483.72
433.43
447.5
436.5
434.33
445.96
469.33
457.73
487.83
442.76
480.86
441.21
478.55
460.4
466.55
432.49
448.56
437.92
426.85
471.0
478.5
452.18
438.19
455.75
448.5
474.97
479.13
451.44
434.16
446.17
438.67
474.19
477.31
465.31
442.63
439.58
442.43
464.36
451.95
429.31
447.13
479.97
435.98
444.35
432.41
444.72
452.7
474.46
473.56
469.41
442.22
434.79
452.27
463.39
473.16
464.85
440.8
442.62
460.08
430.17
445.1
438.92
432.6
427.22
447.4
465.09
478.01
478.77
478.79
454.06
445.17
456.88
483.56
428.8
486.91
441.29
439.86
467.77
494.75
437.6
431.01
430.86
475.9
475.64
450.07
460.73
456.75
443.3
445.36
446.01
447.02
440.06
430.55
480.73
446.22
429.18
442.51
472.31
465.13
462.68
441.57
476.06
435.08
451.96
451.69
438.85
433.63
480.18
449.6
441.33
451.96
428.6
469.12
457.81
450.68
484.04
443.85
462.19
442.89
446.42
440.26
471.15
467.2
453.16
454.41
436.6
465.3
476.91
480.68
453.01
456.11
451.96
441.04
443.67
449.42
471.05
427.25
474.68
439.71
469.64
465.48
451.16
448.9
450.57
466.2
447.67
471.85
479.4
473.62
474.1
446.68
445.6
483.52
438.57
431.03
435.17
443.44
451.23
484.03
487.15
474.02
433.03
461.97
438.8
474.42
450.77
443.26
468.27
443.13
428.28
438.35
431.46
475.57
441.85
435.43
428.37
468.55
460.59
486.26
459.43
444.66
431.23
436.43
442.64
446.19
478.36
465.03
436.56
448.11
459.12
445.58
485.83
444.93
447.73
440.9
441.14
447.32
449.81
442.92
449.8
435.13
440.29
477.45
433.94
459.66
464.5
438.97
436.13
458.05
433.25
477.97
457.29
469.05
471.24
459.63
448.65
474.92
465.5
430.17
452.56
475.38
477.04
442.2
470.32
485.21
445.83
484.17
482.25
474.63
482.55
482.98
456.49
427.82
442.28
439.18
442.37
445.02
473.0
431.36
461.16
438.86
450.85
439.25
475.55
450.22
472.88
467.78
468.21
434.81
464.7
470.47
434.48
448.79
473.34
470.1
448.71
452.05
430.98
443.76
477.85
491.25
473.11
492.88
485.95
451.85
484.07
447.47
464.45
450.54
491.1
429.53
488.12
429.06
455.18
452.55
456.85
439.32
443.13
456.7
450.55
458.57
490.83
426.48
436.28
491.22
453.28
449.76
449.76
449.64
434.55
453.37
450.25
444.85
427.36
444.82
442.52
437.09
433.79
472.84
434.94
435.71
446.57
443.14
445.27
492.46
452.33
434.41
465.26
463.46
437.33
456.52
471.32
471.19
477.91
439.06
462.18
471.03
463.79
468.92
463.89
444.35
474.46
478.7
439.8
443.75
428.69
489.05
448.73
484.44
460.03
436.05
432.22
432.66
439.14
442.6
456.5
443.43
440.98
432.71
478.88
476.58
454.63
471.39
431.78
481.32
460.72
435.61
451.14
455.91
445.85
464.68
435.56
468.93
447.12
463.47
430.86
437.93
443.12
451.93
443.79
438.63
442.46
465.96
472.67
441.54
448.92
470.21
432.45
464.73
431.39
466.64
431.27
437.41
437.65
462.59
479.11
456.37
467.29
478.88
450.41
432.76
444.9
469.53
449.04
484.94
453.3
487.84
466.83
441.47
429.91
455.01
431.81
458.3
452.41
440.08
469.55
440.12
439.36
446.71
462.48
439.6
466.8
456.33
455.45
441.46
442.58
460.6
445.64
443.67
441.78
465.74
447.46
468.91
438.19
475.44
437.04
445.2
474.42
472.41
470.33
430.2
450.92
441.56
449.0
469.94
466.61
436.8
454.28
475.61
447.47
429.05
479.16
432.0
449.81
457.45
452.73
436.81
464.17
439.52
440.87
442.67
439.17
461.9
447.43
446.56
455.42
439.77
434.45
445.59
485.35
479.23
444.35
430.45
475.43
443.21
445.29
470.96
465.63
478.27
474.93
482.06
469.83
475.61
456.98
460.99
448.3
476.37
447.63
429.36
438.89
472.13
481.89
448.43
450.73
457.0
435.84
489.38
473.22
462.28
438.68
436.43
448.26
436.84
483.13
426.8
454.29
438.1
442.13
437.39
465.42
468.52
457.17
452.89
460.02
468.35
475.85
436.39
491.35
454.35
444.6
466.5
437.85
442.9
471.26
428.25
435.92
438.4
439.08
465.78
439.7
483.1
481.31
464.63
447.98
437.37
432.57
472.52
447.66
435.36
437.87
453.96
468.23
463.99
467.71
473.16
437.29
435.6
447.42
461.84
426.31
443.29
440.36
464.98
455.72
484.35
473.47
476.44
450.31
463.22
440.66
442.98
459.36
430.23
428.77
458.16
444.54
468.17
461.68
450.13
483.91
483.5
434.4
486.91
464.02
456.27
462.86
468.86
470.06
436.58
442.68
445.42
446.72
459.97
444.2
474.56
449.85
474.73
452.52
434.08
452.89
468.14
438.15
430.45
474.48
447.66
444.95
477.86
445.55
484.36
462.87
467.11
465.26
469.59
469.64
457.42
462.86
444.71
441.7
436.64
433.76
444.61
452.02
452.85
443.03
434.0
443.63
491.16
476.42
454.69
452.48
475.07
447.11
438.7
437.95
443.93
460.58
443.7
467.55
440.08
455.2
454.47
453.25
455.68
464.99
446.01
431.38
434.62
474.63
477.5
451.45
458.06
457.02
436.42
483.86
438.45
456.69
485.46
432.95
461.51
445.41
439.65
475.4
430.07
467.53
473.31
444.04
482.16
452.2
447.17
433.16
479.57
481.85
441.11
479.53
435.41
443.06
458.01
453.38
444.42
439.61
454.89
465.73
453.81
453.54
460.57
470.56
458.99
445.67
479.69
465.16
466.38
473.77
479.22
435.82
457.46
432.27
449.1
434.27
432.55
441.57
435.39
432.04
434.84
480.25
435.14
449.08
433.19
463.2
454.62
440.08
471.63
441.35
480.71
471.82
468.96
435.17
438.66
443.66
463.09
443.47
443.7
443.67
470.45
434.98
443.93
479.03
448.8
439.89
440.87
446.48
431.85
430.36
479.12
437.34
470.28
438.92
442.84
483.26
438.68
480.4
461.34
444.02
431.66
466.66
455.15
434.44
449.34
461.68
453.02
432.62
439.31
433.62
441.0
464.86
479.24
435.13
435.12
482.26
465.5
438.83
440.32
440.78
427.87
479.95
457.67
445.45
440.18
482.16
458.57
484.93
458.21
436.39
489.96
432.05
447.91
432.47
428.27
463.99
437.55
438.31
486.76
442.04
458.51
472.17
435.64
459.68
481.88
435.69
448.8
451.08
433.91
434.43
441.12
439.63
439.98
430.6
434.92
432.1
467.82
475.53
440.14
437.19
428.75
440.36
453.78
479.24
443.52
426.35
456.71
448.67
469.34
450.64
449.99
479.58
440.99
445.62
471.48
483.35
436.64
462.07
483.82
455.66
448.41
458.94
452.68
439.58
451.81
481.46
437.85
445.66
462.44
475.75
436.89
456.64
479.8
469.76
445.74
469.64
483.12
461.46
454.88
446.73
441.29
444.89
465.09
446.19
461.13
485.36
477.75
475.91
443.1
434.96
443.97
472.9
445.44
453.4
453.86
452.31
437.62
444.08
453.02
442.78
471.85
441.31
446.4
438.41
450.56
468.35
487.78
488.48
480.63
457.29
485.23
447.35
481.58
468.43
441.07
433.83
467.01
435.04
464.93
436.94
458.46
473.39
429.03
436.34
466.63
480.6
489.78
442.65
465.15
467.46
487.87
470.94
428.54
464.79
463.62
467.46
466.78
433.62
486.67
476.73
437.6
478.03
444.85
433.4
442.42
442.17
475.53
480.4
472.22
435.45
474.44
444.57
464.12
434.68
445.0
435.27
444.85
448.66
449.74
442.69
439.75
449.65
452.82
490.57
482.49
440.99
484.2
486.2
454.5
458.13
458.96
438.82
456.72
442.66
442.69
468.19
466.67
477.2
459.73
450.07
441.04
439.03
440.53
481.12
432.66
466.21
487.05
427.95
482.99
461.08
466.47
428.39
427.58
485.23
439.37
462.79
425.14
435.89
468.85
470.41
451.62
458.06
461.82
435.84
438.0
440.57
435.6
447.13
478.42
482.99
442.62
458.82
431.37
464.13
443.91
472.66
472.34
444.01
485.32
476.22
433.95
466.15
488.99
460.44
481.69
450.87
445.86
478.85
468.62
467.16
427.42
459.59
461.74
481.09
468.82
448.09
464.03
477.26
467.9
457.0
465.47
464.01
472.07
441.14
442.67
458.74
439.06
479.09
439.5
477.62
464.58
444.51
439.34
432.59
439.36
468.87
437.95
485.1
431.83
465.26
461.62
467.2
445.8
437.62
437.85
447.67
469.11
440.63
472.32
463.49
474.7
469.8
462.84
463.6
446.09
431.77
482.46
475.18
463.61
471.44
432.35
465.51
436.89
438.08
471.86
429.13
481.35
463.79
487.19
428.84
438.45
483.74
443.74
463.32
436.61
451.76
469.18
468.12
460.48
446.01
472.36
439.69
479.03
440.85
486.31
442.93
451.88
455.2
446.01
452.94
460.41
479.64
473.61
470.85
450.92
476.71
434.67
440.16
432.52
481.6
427.65
479.96
474.41
434.47
440.12
471.99
462.02
481.47
454.05
436.92
433.48
438.92
455.1
452.01
440.97
441.04
453.2
470.5
456.01
485.73
458.28
441.15
439.6
451.17
478.99
453.09
440.47
430.93
440.51
434.38
479.19
474.15
447.93
444.39
446.41
449.51
449.4
434.05
484.15
458.27
486.26
462.6
450.0
439.3
468.4
441.68
441.18
442.29
445.4
436.15
446.34
481.08
451.87
437.06
484.82
439.34
439.86
449.9
464.41
442.67
433.34
464.9
450.46
472.52
474.37
445.75
474.66
440.31
470.78
476.8
427.4
441.16
476.68
429.35
448.58
446.51
460.93
432.51
431.37
459.72
443.39
440.25
437.67
482.96
435.47
450.11
453.08
435.67
464.3
436.96
462.34
453.35
439.4
471.85
460.58
431.95
450.71
443.71
472.34
442.78
475.43
465.93
439.84
444.73
445.63
441.05
453.39
461.96
452.6
442.91
464.65
426.79
467.34
447.29
466.71
465.16
474.22
475.13
460.59
465.77
480.54
464.07
482.66
436.42
438.33
446.18
439.64
436.65
434.38
442.0
436.16
479.24
438.67
475.94
491.32
442.82
474.12
446.54
469.75
465.88
454.45
462.57
462.26
432.64
437.61
443.6
453.44
447.29
481.36
457.41
481.03
471.96
467.66
469.92
437.91
431.72
450.32
472.42
480.13
475.42
460.91
438.03
441.15
476.81
487.33
472.33
467.92
465.87
464.54
438.22
444.38
471.58
476.81
446.18
436.37
452.95
465.89
453.29
444.41
455.75
433.83
445.97
431.59
435.12
442.11
455.22
438.08
463.17
445.02
436.21
465.56
467.96
448.06
439.86
460.27
437.1
444.22
444.76
440.67
474.3
443.09
459.47
475.63
437.91
441.9
437.81
452.28
435.06
439.59
443.7
469.89
434.3
462.65
472.22
446.36
444.62
487.18
466.2
436.76
426.84
453.22
464.62
432.22
489.64
433.56
448.18
428.37
466.47
447.14
480.96
439.82
440.69
430.98
439.66
441.34
444.23
474.82
446.64
483.54
465.92
489.3
457.14
445.72
475.21
445.36
470.46
466.07
458.31
440.87
448.37
433.57
444.46
438.1
478.74
433.97
439.66
483.5
441.84
491.9
474.72
458.67
491.97
431.31
446.42
439.67
428.83
444.01
462.81
454.99
472.5
473.0
435.87
473.02
476.81
468.78
480.82
440.83
454.79
439.49
454.44
459.72
433.37
430.24
474.91
474.82
473.16
460.3
439.46
468.78
458.42
445.82
465.69
478.48
431.44
448.74
465.79
470.31
435.73
447.66
466.13
479.91
489.64
482.8
484.65
480.53
478.87
465.15
444.89
445.04
428.52
464.64
467.19
438.42
457.58
429.41
467.39
461.35
451.74
439.06
461.2
435.08
478.23
444.07
464.91
434.71
472.32
460.34
447.7
438.01
440.81
433.37
439.01
463.28
430.21
483.74
440.44
451.04
466.56
443.49
467.48
462.05
456.03
475.51
471.04
432.17
437.26
450.74
479.45
429.74
449.72
471.23
431.74
448.0
469.44
465.84
470.39
449.99
451.89
441.39
456.79
445.1
482.56
435.58
429.69
440.95
446.34
444.39
443.8
440.37
471.59
441.18
443.19
459.67
451.38
470.19
437.01
471.77
446.84
471.81
455.99
477.07
467.54
427.3
467.56
450.71
441.3
431.51
438.76
441.32
449.79
470.35
433.82
433.29
468.01
435.84
431.87
435.78
460.32
469.93
489.0
464.23
439.33
486.12
452.04
479.83
446.05
435.17
431.23
462.55
439.2
440.04
437.8
450.17
460.45
447.06
448.66
436.97
445.11
442.85
437.99
432.71
466.86
462.18
465.86
450.67
432.03
431.14
439.8
459.87
426.55
475.89
449.07
479.2
438.7
464.71
471.72
451.64
445.6
458.07
453.55
437.45
460.66
425.19
477.49
461.38
434.4
439.61
436.06
427.69
432.39
436.3
436.91
439.14
438.88
432.22
483.92
476.02
432.1
445.36
455.7
438.56
461.07
434.57
472.15
461.49
438.56
478.95
449.07
443.5
440.89
446.44
433.42
440.1
476.22
454.26
440.38
486.15
442.16
457.92
474.16
435.32
425.69
446.91
451.67
465.0
426.8
487.24
474.94
449.98
483.8
444.71
441.34
442.24
430.32
446.87
436.37
438.65
430.1
471.81
465.48
473.74
484.18
425.89
435.34
448.52
474.57
459.45
467.59
437.98
463.7
429.34
438.64
438.81
449.11
445.59
478.07
486.58
429.62
482.15
429.42
481.53
435.85
445.84
451.02
453.09
461.45
468.82
448.31
448.38
451.51
432.56
443.77
438.49
458.28
482.67
433.59
442.21
485.8
455.54
436.1
478.55
440.52
458.66
449.12
431.8
449.4
446.87
461.71
437.01
443.82
441.3
471.36
451.33
449.09
442.44
428.67
440.12
477.68
438.12
430.58
427.71
437.54
479.43
469.56
473.26
438.4
442.85
432.19
445.91
439.26
446.67
482.49
460.47
437.93
478.29
471.63
428.76
434.35
436.06
480.7
434.93
447.37
475.23
461.09
437.79
486.19
440.66
461.61
436.32
471.34
437.64
430.75
458.15
449.52
483.9
464.86
460.56
482.82
430.78
482.21
447.43
433.67
472.77
474.03
440.21
478.79
474.7
471.42
472.95
462.48
436.26
469.3
486.83
455.5
464.51
437.84
453.72
459.31
437.16
455.57
474.87
454.15
475.6
472.13
435.01
448.57
443.76
473.85
477.94
444.36
456.85
490.91
486.81
433.82
430.11
441.6
439.55
457.35
482.17
463.74
435.76
440.73
467.74
443.5
435.2
445.5
492.26
474.91
459.15
435.48
444.16
465.22
430.3
430.22
433.44
444.38
426.62
455.57
466.3
434.47
449.7
430.45
446.19
470.44
464.94
449.23
441.76
467.76
448.13
478.98
453.26
473.4
462.33
426.37
442.86
430.3
448.22
440.29
484.67
436.03
436.37
457.36
435.02
440.94
474.88
438.02
453.2
433.02
494.61
454.71
466.25
435.23
480.73
462.77
433.64
479.62
437.89
467.34
453.19
436.42
462.7
454.16
440.27
483.53
462.41
476.46
434.11
485.38
455.4
472.43
453.96
444.5
473.05
441.57
439.22
461.25
466.87
444.99
437.51
473.22
442.65
437.94
483.11
464.13
449.36
472.43
459.65
464.14
471.8
439.37
456.02
458.59
477.81
458.22
466.09
428.46
448.91
451.46
440.01
472.02
469.4
428.91
457.4
488.0
438.17
442.33
477.84
444.83
434.13
466.25
473.59
430.44
466.91
438.16
431.52
475.54
462.7
431.75
426.76
440.96
482.2
472.82
447.0
435.56
440.79
479.53
444.59
472.88
455.72
451.88
443.74
456.35
463.06
448.76
479.86
438.51
429.1
487.58
454.88
472.94
486.09
485.18
481.07
455.13
453.49
463.48
435.47
491.54
447.27
444.52
465.05
477.52
441.57
445.24
460.82
475.32
442.6
466.74
479.03
440.12
477.13
462.87
438.34
439.55
429.56
466.36
433.42
444.54
451.0
431.76
437.4
425.68
429.55
430.22
448.11
425.21
441.9
471.1
457.45
438.55
452.65
434.64
433.38
482.39
461.6
478.21
441.75
469.08
449.07
485.86
452.3
438.03
449.31
443.68
480.54
462.09
445.55
483.55
444.37
468.53
486.11
454.32
442.78
464.46
445.61
461.23
470.63
444.27
471.52
471.45
473.51
478.34
442.15
459.11
470.69
462.25
432.9
465.96
450.93
