0
0.5188998
0.4941508
0.47021765
0.28517032
1.1177628
0.79019284
0.57751393
0.5414034
0.6296321
1.2299687
1.3044195
0.61655414
0.6386379
0.37683645
1.1351477
0.46601328
1.3441938
1.0074333
0.8702878
0.58426
1.0426291
0.8528549
0.15939154
1.1956055
0.6927277
0.8098084
1.1264575
0.8110738
0.16067132
1.0504133
0.73385537
0.5769521
1.1722645
0.35994712
0.28333816
1.3459305
0.6782263
0.8165461
0.7052802
0.5938528
0.51830447
0.85680825
0.9841204
0.6088704
1.1949203
0.6676196
0.4154319
0.5071085
0.8347612
0.71203667
1.0360063
0.64135
0.5266184
0.70760226
0.6909965
0.1963065
0.33287683
0.3881637
0.47022107
1.1052736
0.8029692
0.610505
1.0908929
0.727303
0.6861857
0.26131916
0.8809572
1.2203113
1.3424423
0.6081658
0.23973653
0.5912703
0.6452021
0.8260962
0.4902981
0.64780456
0.59321576
0.8158633
1.2085505
0.63688666
1.0935504
0.70179844
0.8655358
0.7950721
0.5860668
0.44544464
0.58316326
0.67762023
1.1067183
0.6880749
0.69617015
0.5584165
0.7689864
0.89823043
0.4041198
1.0250167
1.038361
0.63831186
1.0474024
0.6494906
1.0205836
0.55120546
0.7938414
0.7601286
0.9430906
0.58502245
0.79822
0.69610953
0.52421874
0.40101153
0.8324806
0.815217
1.4275434
0.94017214
0.2365998
0.3537345
0.746233
0.6743873
0.78008235
0.58315784
1.1400137
0.65487105
1.0768147
0.60018003
0.2031581
0.42800665
0.11150369
0.49782285
0.74926287
0.23699585
0.597341
0.85632503
0.4120028
0.5778974
1.2284387
0.8596645
0.64853317
1.2293144
0.6972391
0.74732363
0.86126304
0.4294671
0.9265378
1.3404791
0.7700157
0.5014225
0.4702652
1.0171351
0.51167417
0.7188371
0.46986744
0.99317366
0.49442288
1.008544
0.80435467
0.5564501
0.5689918
0.42240152
0.56865364
0.31834045
0.96083045
0.9915798
0.9280068
0.61974156
0.65114754
0.8381257
0.4382793
0.8691864
0.65899646
0.62381107
0.90160424
0.9322418
0.9152011
0.4344347
1.0629879
0.7418913
0.9822008
0.68244344
0.9897006
0.27137363
0.3996061
0.8634418
0.6764061
1.1540587
1.0998737
0.8416136
0.6715535
0.66106474
1.0976437
1.0776854
0.7975152
0.71686685
0.6393297
0.6706109
0.5784162
0.6147861
0.7291289
0.51738614
1.0596886
0.9645076
1.0035037
0.43542755
0.7938267
0.9705712
0.92896575
0.79202235
0.6653965
1.3683618
0.46353605
0.680424
1.2056888
0.4275229
0.8668005
0.77199006
0.73452944
0.7470367
1.166004
0.59512895
0.9062335
0.97043705
0.9799395
0.27905467
0.61824054
0.67294276
0.72838426
0.65359545
0.9660605
0.78150237
0.44774362
0.83765155
0.58827806
0.88052547
1.4395849
0.8587738
0.37232983
0.7998096
0.5030614
0.9096388
0.51570106
0.7343071
0.5032909
0.38167337
0.5683373
0.2871616
0.6482334
0.37765214
0.7664671
0.8281868
0.7450868
0.5642145
1.013822
0.31822336
0.59611666
0.21801823
0.65689445
0.69921154
0.1972811
1.0743182
0.9173519
1.1774014
0.4898057
0.7157833
0.5106506
1.0390646
1.1679409
0.7183151
0.5351814
0.7525162
0.89633936
1.0271676
0.52683514
0.6011848
0.76283425
0.5584374
0.43153158
0.22612403
0.5627926
0.7563502
0.8841702
0.83092076
0.6696705
0.59378827
0.16979256
0.48420694
0.47532085
0.7657892
0.60039437
0.8572308
0.74945927
0.4002371
0.6938259
0.5878484
0.974343
0.74209446
1.1688268
0.73350847
0.512737
0.5717761
1.1123595
1.1106323
0.3276193
0.90983135
0.5969643
0.69166327
0.41029572
0.56987226
0.66740686
0.49365342
0.58200115
1.18692
0.9141408
0.99882495
1.2177849
0.24200197
0.9740084
0.9271536
0.35599855
0.4983403
0.24354668
0.80876887
0.47610658
0.18135922
0.78154796
0.59005487
1.1463599
0.3819691
0.8287742
0.5470894
0.57459474
0.74105644
0.43117774
0.4388916
1.1603264
0.48954517
0.37044618
0.5794727
0.6080965
0.46775138
0.7239176
0.7895315
0.71004814
0.77453434
0.83393574
1.269432
0.73142314
0.31703088
0.10046675
0.67175245
0.45327273
0.6380006
0.20425332
0.52683204
0.62206954
0.61578315
0.7879909
0.6269387
0.7172072
1.2968801
0.8871733
1.266429
0.94609356
0.95944417
0.7161174
0.8468497
0.8570969
0.23245408
0.96871316
0.63472086
0.88171715
0.715333
1.088503
0.5914789
0.35399708
0.87695056
1.0343916
0.87710434
0.4576951
0.99520123
1.3133337
0.45614123
0.5795682
0.38355148
0.88799244
0.9348832
0.61941856
0.54180443
0.42508483
0.62768763
0.61541677
0.3552725
0.9632199
0.49727774
0.34780636
0.3599458
1.0951096
0.30261403
1.0133572
0.44299883
0.5120471
0.6412766
0.91014796
0.6511345
0.94149524
0.9002922
0.7069952
0.30971473
0.70902103
0.61484456
0.72007716
0.42585316
0.889175
0.6373245
0.52453303
0.3969892
0.3405047
1.0836962
0.63839966
1.2254775
0.4480724
0.80366147
1.2222701
0.9472182
0.763124
0.759924
0.81251204
0.58686167
0.5416468
1.0537976
0.63992643
1.088646
0.18407744
1.1708466
0.6378805
0.47143298
0.56746584
0.4880725
0.36856726
0.7087021
0.61182827
1.1836339
0.8399238
0.72207457
0.5478767
0.91439223
0.21496978
0.61561996
0.8257981
0.8243356
1.1337026
0.34095332
1.0039834
0.81830096
0.64726996
0.4095064
0.64451593
0.15098573
0.79643726
0.82285094
1.0106128
0.6116517
0.39997032
1.1948948
0.7998346
0.5775034
1.055129
0.26795286
0.7199702
0.8679555
0.7268834
1.0372928
0.5628304
1.0882925
1.1057568
0.36987776
0.36196002
0.5823867
0.10232264
0.5587262
0.5465444
0.5621836
0.60791665
0.54594916
0.87929183
0.8607799
0.7735744
0.8067223
0.6109517
0.7606085
0.5765638
0.68698406
1.24186
0.46349528
0.37904316
0.25544953
0.3373814
0.7823203
0.56617534
1.2089221
1.1556772
0.87668985
0.7591762
0.26348877
0.45460957
1.1092381
1.0028621
0.33578587
0.6519521
0.6650666
0.77204484
1.3936948
1.0622256
0.66963893
0.4811524
0.8952431
1.1698569
0.42877096
0.29625985
0.5795139
1.270525
0.3712104
0.6335369
0.9543824
0.74114454
0.92652726
1.3523134
0.85700345
0.62264663
1.1583052
0.7286637
0.25297594
0.58198565
0.42160285
0.19718486
0.4146247
0.64340013
0.2914944
0.92751473
0.67087805
0.74384564
0.48688215
1.019819
0.6230065
0.43510935
0.72031873
0.60707015
0.4056756
0.6126952
0.9438689
0.7887242
0.78563213
0.27241537
0.5446467
0.93286365
0.5978719
0.5530001
0.3011592
0.3749633
0.8738723
1.0066019
0.31114706
0.63637406
0.467526
0.7007387
0.4448348
0.49002337
1.1035963
0.5637193
1.1230141
0.60488856
0.753879
0.72271085
0.38831952
1.2993852
0.7101955
0.3614853
0.7885833
0.9909825
0.7147099
0.60803866
0.946418
0.42137298
0.9352524
0.5517126
0.47574273
0.97491354
0.8932175
0.34195057
0.98571455
0.51032144
1.1677207
0.51611304
0.69748354
0.8272933
1.2579107
0.8963998
0.23818038
1.0439649
0.9163107
1.170648
0.8703741
0.4602945
1.0578673
1.181659
0.7210017
0.88571507
0.2030271
1.0506309
0.6718005
0.89158064
0.98559386
1.1698256
0.3445871
0.38530475
0.51715165
0.93945825
0.5523924
0.6506507
1.2122632
0.33357278
0.44367668
0.7659511
0.7117196
1.0773998
0.2926195
1.1088233
0.30567932
0.93659264
0.5895201
0.53061783
1.0821121
0.40459907
0.5810537
0.38433483
0.5468409
0.8413008
1.047745
0.9200949
0.61730605
0.57719064
0.30280125
0.95243824
0.47134906
1.3970091
0.6562767
1.0338823
1.1623576
0.7633527
0.7684384
0.69504553
0.76207906
0.6699399
0.90683347
0.7493599
0.2894507
0.65792006
0.8059792
0.18312788
0.5251015
0.57628787
0.35653543
0.95473534
0.2572578
0.77917105
0.9908679
0.7447845
0.42071888
0.7048058
0.6251147
0.23842084
0.6886335
0.53968924
0.69518054
0.5813309
1.0162213
1.3820534
0.77484363
1.082562
1.0854435
0.41287953
0.3909872
0.29086536
0.7278772
0.7697662
0.17848799
0.7291241
0.25467947
0.8552652
0.56345767
0.7871216
0.4109973
0.5877354
0.953334
1.0252533
0.10694003
0.29955694
1.1269213
0.6945479
0.85493875
1.1165181
0.21424098
0.77595884
0.8842936
0.8580246
0.7021434
0.7618848
0.45357034
0.8658644
1.1229057
1.019381
1.2664456
0.5665509
1.1105931
1.1941999
0.62676066
1.2293384
0.3181865
0.7471339
0.5849391
0.068149514
0.30849054
1.1028627
0.73120916
0.4204708
0.66930014
1.0369897
0.685434
1.2697686
1.1308161
0.8224034
0.8254154
0.8598248
0.5827872
0.5918515
0.91254175
0.5040954
0.2341893
0.69675946
0.83814996
0.5684388
0.3385407
0.6718581
0.4581496
1.0047269
0.35590222
0.4138831
0.941911
0.67223895
0.7235579
0.9307509
0.67894495
1.0511091
0.7096237
1.0165801
0.6661768
0.92826635
0.5729764
0.5130283
0.39383703
0.52689457
0.5531718
0.4156305
0.36338773
1.1099719
0.57779974
0.60731393
1.0204495
0.6384253
0.97773445
0.39747018
0.5014779
0.9837658
0.21537367
0.37254408
0.9410584
1.2647207
0.80295163
0.88063574
0.89950573
0.6755079
0.31012595
1.2529685
0.35641256
0.52229583
1.2773688
1.1176224
0.8722843
0.76133317
1.0533408
0.29117554
0.46583277
0.6967401
1.1402621
0.96695805
0.69374716
0.6360072
0.8423483
0.46465296
0.6059795
0.3668124
0.49868834
0.5837471
0.74469197
1.0773317
0.6533733
0.48636943
0.80441546
0.84400946
0.24927057
0.8984808
0.6182511
0.95413107
0.24931774
0.79377866
0.41408172
0.8567486
1.0654175
1.0262014
0.27999747
0.39706883
0.6671414
1.183295
0.6195012
0.18480717
0.5968651
0.9411642
0.89198935
0.663622
0.7688435
0.2726018
0.2982094
0.71105736
0.5290016
1.2463042
0.75711316
0.39846268
0.86158097
0.53554595
0.80701405
0.56871814
0.8102547
0.74605864
0.6838404
0.83378595
1.2054181
1.0288801
0.8874417
0.47635624
0.70291686
0.4904124
0.60262674
0.64230865
0.23946401
0.67499644
1.2974045
0.46694824
0.4110971
0.2317904
0.4849967
0.22795318
0.4943966
0.6703296
0.5795577
0.61470157
0.69337094
0.39794236
1.0146068
0.25333408
0.46180612
0.6590355
0.42559215
0.5708619
0.83293176
0.91449374
0.9952722
0.7751011
0.81300765
0.28285524
1.2178643
0.60793877
0.53413594
0.8573106
0.52405083
0.9969922
0.48942968
0.23213594
0.7883007
0.5396936
0.87131095
0.24782944
0.8434655
0.7873927
1.117376
0.3476875
0.7331323
0.84709287
0.8220531
0.16451249
0.9602542
0.70116246
0.4830649
0.82989496
0.68391734
0.64825386
0.47549123
1.1695381
0.36061156
0.71089894
0.35021383
0.65531474
0.94187206
1.0060806
1.1633672
1.2561086
0.5016288
0.48710167
1.074587
0.3972447
1.0494657
0.14619656
0.541735
0.9910927
0.738113
0.75560105
0.7627137
0.66783273
0.6533561
0.7087132
1.0773814
0.57056946
0.34167814
0.654056
0.20829347
0.6549722
0.16701134
0.36667824
0.79291266
0.89850724
0.53338295
0.72831404
0.389253
0.9441679
1.2011648
0.6650457
0.8544806
0.57679343
1.2023962
0.9585752
1.0427572
0.9322204
1.2465138
0.19536658
1.0251068
0.59365076
1.2677951
0.56218183
0.44637457
0.7199741
0.5013021
0.46612358
0.66636705
0.52990854
0.71152467
0.9049767
1.2229548
0.9618443
0.8518016
0.6867942
0.47085416
0.8101883
0.6469335
0.33377585
0.8286717
0.5949921
0.70013034
0.72979146
1.1855936
0.7623053
1.0301195
0.52226067
0.65908664
0.9622283
0.44459045
0.8211444
0.8949476
0.93527466
0.61482847
0.5846267
0.95725775
0.79948986
0.8680387
0.69168407
0.68188095
0.8253976
0.8933603
0.2712386
1.0418127
0.94822013
0.06600566
0.57329965
0.8218312
0.4051782
0.31072
0.30888823
0.63521653
0.9430975
0.42230698
1.0434529
0.6511491
0.79771346
0.28081998
1.0644625
0.5480794
1.0207262
0.27203962
0.53043765
0.9906478
1.0594946
0.71206087
0.2688562
0.44466132
0.8822087
0.966337
0.7172953
1.0508792
1.042105
0.7125489
0.5775237
0.7077984
0.54002553
0.6297178
0.8196876
1.1098638
1.1884682
0.46824855
0.4701185
0.7563714
1.2837971
0.67405623
0.4497433
0.44059932
0.7366083
0.5526834
0.41805986
0.84235734
0.34549055
0.64645064
0.93832034
1.1093647
1.2331558
0.659685
0.8455248
0.9158048
0.47354352
0.5946276
0.7303643
0.8048486
0.7902553
0.77307576
0.58978987
0.8746438
0.4159844
1.067883
0.47401726
0.8222043
0.8137367
0.4207498
0.32101238
0.52628726
0.843137
0.6760872
0.6103013
1.0491978
0.65632623
0.8508007
0.56687164
0.9722909
0.6712973
1.0859526
0.81528187
0.49661776
0.6578171
0.8320499
0.61397344
1.0898824
0.7555172
1.1021733
0.82370496
0.5632327
0.8127017
0.79963785
0.09439389
0.45142666
0.8211641
1.1136525
0.80768675
0.33078957
0.60730124
0.99583274
0.613819
1.0111786
0.61936283
1.0779619
0.973382
1.011331
0.402115
1.1428732
0.616382
0.6108967
0.5314914
0.6618555
0.7399112
0.61571664
0.42139187
0.62198836
1.2928892
0.37259328
0.3128584
1.1034458
0.43478632
1.0795296
0.5289184
0.70472544
0.8158716
0.7591455
0.5658644
0.57042336
0.66744775
1.090524
0.68420964
0.83066285
0.5315466
0.56828266
0.530907
0.31027943
1.0911547
0.987459
0.44181326
0.72273517
0.7509424
0.98370963
0.9433541
1.0116019
0.63792044
0.68790954
0.4833163
0.98830247
0.9816237
0.6576076
0.9413223
0.59768045
0.83769643
0.69977456
0.79281676
0.77162635
0.5600798
0.7266982
0.7485389
0.7077235
0.31602573
0.7244679
0.729628
0.41428545
0.48489502
0.44810066
1.0322661
0.8101746
0.67812437
0.7994381
0.9611336
0.7104122
0.58109677
0.6742501
0.5217566
1.1455384
0.9831895
1.1220769
0.59815806
0.5782665
0.3842635
0.7351462
0.8745084
0.24216367
0.32605454
0.34767866
1.0335746
0.3502761
0.54272324
1.1346922
0.66050684
0.28312263
0.35254833
1.0791684
0.7603547
0.75336623
0.8117586
0.9012991
0.8404049
1.0352567
0.3722477
1.1225595
0.7196073
0.37276343
1.3149153
0.6102315
1.2261887
0.885764
0.69339174
0.66147935
1.24753
1.0477904
0.8460674
0.45633033
0.80378276
0.6076301
0.53492683
1.3362288
0.8608732
0.6387749
0.38590464
0.3939391
0.43075666
0.67790824
1.1148281
0.962044
0.7304643
0.40652838
0.54273516
0.59065664
0.67923164
0.3194571
0.93414074
0.7393863
1.4500372
1.1073042
0.8005843
0.7182989
0.15274785
1.1723866
1.2739571
0.46325114
0.58696175
0.9921635
0.72145313
0.18615353
1.0532128
0.6164935
0.5426049
1.0167378
0.7124423
0.49708515
0.30033636
0.74767876
1.1706841
1.1098832
0.4504971
0.7448966
1.0039485
0.7611828
1.1471168
1.0328431
0.4024339
0.34676212
0.5261601
0.77748066
0.6717108
0.7454885
0.49740624
1.0548464
1.2385491
0.6494246
0.3459731
0.38712928
0.76305205
1.0123926
0.34894797
0.80179244
0.37435234
1.0471679
0.5562368
1.0725874
0.66925675
0.26200554
0.49508157
1.125809
0.8259335
0.54166764
1.0468284
0.68412685
0.62366617
0.542338
0.7123759
0.7474582
0.8925075
0.41644067
1.0935062
1.0893421
1.0439517
0.75890267
0.70676726
1.2041053
0.7843047
1.0165396
1.0908974
0.6417854
0.6732288
0.99559367
1.1605148
0.38285676
0.8798027
0.6590007
0.4891276
0.66565186
0.94516265
0.65588295
0.54504645
0.45852235
0.55837077
0.82658964
0.73309517
0.71236646
0.7002076
0.22547475
1.0731559
0.37944567
0.8689787
0.85945123
0.30095577
0.6813036
0.85878974
0.7656378
0.71814245
0.40269715
0.8797084
0.35810426
0.91416955
0.37637892
0.9746602
0.25940382
0.5964002
0.3891923
0.7078495
0.6081333
1.0719278
0.35886353
0.96496785
0.7820676
0.5711746
0.4743721
1.0893021
0.7883647
0.9265975
0.89248437
0.83696723
0.7815458
0.55145496
0.5652489
0.7691346
0.6805541
1.0300484
0.5447504
0.50021833
0.7544666
0.9449576
1.1276495
0.55978227
0.8172163
0.14810543
0.89413804
1.2627687
0.78740364
0.48862115
0.7852628
0.82484084
0.9677182
0.5800511
0.5959395
0.95674014
0.44374093
0.71404064
0.63169855
0.7155725
0.9939916
0.20132603
1.0583007
1.0702419
0.5196135
0.78868836
0.85726947
0.42035338
1.0657501
0.49809632
0.6428459
0.6245101
0.4378001
0.3107738
0.5010511
0.4731075
0.8053578
0.60778856
0.21713229
0.36086556
1.005482
0.42389324
0.6006097
0.46501353
0.8012814
0.49875736
0.3915393
0.45168313
1.1479276
0.47564295
0.7299264
1.0231308
1.3049788
0.71493536
0.7267677
1.2295521
0.62174654
0.8274408
0.8054493
0.25662833
0.3784125
0.5881364
0.89621305
0.79005814
0.41743815
1.0247692
0.6703155
0.98418486
0.8838534
0.9528958
0.2618039
0.9774166
0.47380018
1.298101
1.106376
0.5028234
0.47480157
0.9981808
0.76538765
0.5737637
0.53508866
1.0741503
0.6926577
0.24834853
0.34417188
0.93980473
0.59036565
0.41055816
0.46765268
0.9182384
0.89896566
1.1694067
1.1162575
0.38118324
0.5973346
0.9249808
0.37943482
0.9174483
0.7497464
1.3841176
1.3939595
0.5165303
1.0003532
0.52385676
1.0631579
0.8463936
0.32123291
0.86326253
0.42273933
0.80605984
0.4379535
1.2717094
0.78714854
0.8329118
0.46345007
0.8458116
0.6382105
0.56387365
1.05169
0.7266705
0.49739772
0.9931224
1.228416
0.8812244
0.95137256
1.1901884
0.80774456
1.0346051
1.111293
0.80672246
1.0310661
0.52064323
0.6906626
0.90607035
0.6776564
0.6815093
0.3619183
1.2258888
0.39149067
0.28955653
0.71025485
0.8695042
1.2320597
1.0965672
0.6663824
0.40907532
0.688386
0.4338402
0.6444326
0.4020215
1.0694509
0.5509773
0.7962284
0.60241
0.49365455
0.46981984
1.1960886
1.2020736
0.5480653
0.53692985
0.8323131
0.2725711
1.1279027
0.5112902
0.51369375
0.8968664
0.6850217
0.79725605
0.523873
0.8962811
0.74353933
0.6308529
0.74509275
0.5407128
0.42139968
0.49636933
1.0151769
1.1724333
0.70941913
0.5861622
1.0388991
0.9298793
0.49273822
0.88194793
0.496239
0.6099431
0.8847882
0.89342076
1.0754808
0.83494914
0.4865536
0.8929208
0.764424
1.2891885
1.0803636
0.49234268
0.6629564
0.55210507
0.22453752
0.9147551
0.6586533
0.36497653
0.9007592
0.25467426
0.80691844
0.12013921
0.36601847
0.35327557
0.8999441
0.45880505
0.41208923
1.1135889
0.17617354
0.5949854
0.46640068
0.36589193
1.0362902
0.19478248
0.86619836
0.8192999
0.7106622
0.38556796
0.8207422
0.48876762
0.71705455
0.8659849
0.8232416
0.6776982
0.46513066
0.35324118
0.8139766
1.1869947
0.83795077
0.29659817
1.2020413
0.9139351
0.8726775
0.8459274
0.8922051
0.7008156
0.53042865
0.70360607
0.7033552
0.54573494
0.71765405
0.58656174
0.899864
0.56994915
0.9208092
0.9673921
0.94189566
0.42639074
0.73411536
0.8863337
0.6054634
0.64405197
0.88996994
0.6482361
0.8582918
0.5858415
0.6158289
1.2089361
0.41318476
0.15425903
1.014097
0.32813135
0.48064396
0.6779534
1.0176018
0.75263727
0.5296799
0.9094319
1.1213332
0.74825823
0.59293485
0.5789709
0.6550607
0.86047435
0.3389679
0.8004836
0.7418285
0.7956638
0.84299994
0.513875
0.6007596
0.84426284
1.0391442
0.90873474
1.1770434
0.7015173
0.41326398
0.89540523
0.7250806
0.515394
1.3332433
0.4755382
0.5637708
1.2672647
0.44928023
0.8556217
0.38818115
0.60367864
0.7311877
0.47732702
0.88584185
0.4542961
0.3691561
0.6230325
1.3986971
1.2581067
0.97041
0.2613854
0.6105357
1.1731604
0.3321766
0.7512012
0.35473433
1.1716337
0.9415447
0.70425177
0.7200271
1.3295017
1.1032554
0.46127892
0.7857147
0.7994095
0.72321266
0.97857153
0.867125
0.44701892
1.1234787
0.6698728
0.3402443
0.45098194
1.1177396
1.1150734
0.48445395
0.7036257
0.5140841
1.2080986
0.83738554
0.51702154
0.7895683
0.6032147
0.6974266
0.7266894
0.7130067
0.36624932
0.84428525
0.35653082
0.5050024
0.72090065
1.0099248
1.0059463
0.6649466
0.4358947
0.8970237
0.58906615
0.3346411
0.5466848
0.25904912
0.70744056
0.98346823
0.3630314
0.67837286
0.8919725
0.8236381
0.74043065
0.8922799
0.28512505
0.85016954
0.4896152
1.0588963
0.5497528
0.5546384
1.204725
1.0144802
1.0940638
0.7925203
0.20549954
0.6857043
0.79813355
0.62827826
0.56460905
0.38057774
0.4595635
0.810586
0.5515865
0.8100976
0.62673765
0.6538374
0.84704876
1.0951754
0.74863744
0.6852626
0.39662874
0.69127053
1.096852
1.016778
0.48566642
0.94310975
0.81407475
0.9918592
0.9869839
1.0019594
0.8132781
0.66755986
0.88805217
1.022824
0.95414793
0.8425417
0.50191563
0.70823175
0.71224594
0.93067056
1.0420632
0.525355
0.3901116
0.889742
0.58843255
0.21463358
0.593935
0.65426046
0.2875827
0.63796896
0.6718588
0.496045
0.8732493
1.1050824
1.1944718
0.71265465
0.2859389
0.74233466
0.9197368
0.5531098
0.60219836
0.32913196
0.33077294
0.9620833
0.6821231
0.7112389
0.9268612
0.89033824
0.8500681
0.7026466
1.0082746
1.21317
1.2598882
0.5494866
0.36440614
0.511132
0.38279524
0.7439857
0.77780354
0.8303174
0.6520839
0.9290703
0.858091
0.6176517
0.26940253
0.61745626
0.3888138
1.1800252
0.82656777
0.44935888
0.61999667
0.1907329
0.48833874
0.9581607
0.40137765
0.9868583
1.1694897
0.30111822
0.79315525
0.6032997
0.7880348
0.36689222
0.63911265
0.6994183
0.21274605
0.40478578
1.1954874
1.341381
0.8722048
1.0917242
0.5142351
0.97805274
0.6552084
0.97251487
0.69596547
0.8912561
0.74575007
0.8553174
0.80909777
0.7040479
0.64177215
1.3175235
0.9372396
0.8109041
0.79605454
0.39204624
0.6527458
0.82353055
0.26097202
1.025765
0.92757314
0.6149568
0.17182851
1.0043505
1.1824306
0.93156666
0.96186155
0.37729862
0.7439821
0.8473123
0.923924
0.70998806
0.56847554
0.31622523
0.9616538
0.68162674
0.52375346
0.8804706
0.89985394
0.7030643
1.1106251
0.5911498
0.76959723
1.1312901
0.6933647
0.18541715
0.94801503
0.564078
0.6914381
0.8803869
1.1973298
1.0408025
1.0263404
0.8329309
0.4935375
0.8167802
1.0266442
1.1130528
0.80796695
0.49299738
0.8113595
0.55037886
0.8331707
1.0052938
0.53036845
1.3249556
0.9519246
0.7088277
0.7884298
0.79619557
0.46667945
1.1670756
1.0042937
0.6323853
0.5129376
0.496849
0.344083
0.44091156
1.2854629
0.70800775
0.5265462
0.88865805
0.9957501
1.13865
0.92240363
0.88710093
1.0668159
1.1317765
0.6681388
0.5650983
0.88512295
0.73614687
0.73109984
1.2064441
0.59730643
0.92148566
1.0057569
0.9704147
0.43703017
1.0396128
0.47977757
0.6935655
0.50977176
0.3900176
0.9127368
0.45816427
0.6758722
0.25824654
0.64077127
1.4529015
0.8205709
0.8451046
1.0661288
0.665204
0.7937953
0.60928184
0.66431206
0.5416298
1.1325623
0.92648774
0.8131956
0.75502115
0.47456214
1.0892004
1.1251647
0.99561745
1.1935157
1.0005933
0.8461375
0.8413229
0.25693733
0.7352383
0.8970944
0.5472784
0.9968979
0.9212737
0.37676215
0.5504145
0.714351
0.56664354
0.9552149
1.3561525
0.7699211
1.0722557
0.47953984
0.9239964
0.3773743
0.94792384
0.791275
0.81215096
0.6373033
0.7200356
0.35399076
0.6653068
0.42883113
0.75251657
0.46186388
0.47246298
0.8678164
0.9879428
0.5944589
0.89421386
0.8696659
0.10760581
0.32935995
0.46265906
0.6535335
1.260771
0.77853286
0.9520214
0.817651
0.64116734
0.68038726
0.90213656
1.017974
1.2586823
0.6935223
0.69201577
0.45341963
1.1048434
1.2935323
0.97580606
0.5654332
0.75509423
0.72474056
0.77236587
0.90991634
1.0823026
0.52424604
0.9582525
0.63010937
0.33954164
0.6444076
0.76990515
0.49218085
0.8302298
0.49005532
1.1926965
0.91844654
1.0149527
1.2079302
0.4314732
0.7160214
0.43310645
1.1158521
0.6910832
0.48517692
0.71146125
0.68727976
1.150119
1.042332
0.38621596
0.6922065
0.32734382
0.30378026
0.84831685
0.5227131
0.59949034
0.881838
0.38120124
0.38699633
0.57085514
0.79373986
1.0989563
0.33026925
0.48234138
0.56401575
0.14552064
0.81369704
0.5189136
0.36977464
0.4887953
0.8273074
0.50049055
0.60213006
0.6891193
0.9065546
0.9186579
0.6490697
0.82993025
0.6343144
0.866387
0.7788634
1.1433501
0.762171
0.92629683
0.71710545
0.54600036
0.5793889
0.3752485
0.8307671
0.35654232
0.56899947
1.258461
0.9381981
0.6892743
1.059563
0.4204036
0.6163362
0.66909605
0.38937017
0.9824209
1.2415158
0.6294367
0.8551806
1.0725822
0.95911056
0.53222626
0.98681915
0.28821233
0.9021267
0.81619984
0.43562874
0.5768274
0.6259406
0.55283415
0.6691492
0.504468
0.38635808
0.27924773
0.7985881
0.3313342
1.1784402
1.364819
0.2321108
0.916721
0.68611115
0.38498685
0.7877615
0.4000424
0.81968564
0.76614714
0.51923347
0.95108885
0.9316828
0.9700367
0.90800536
0.92263544
0.7505003
0.70739955
1.1311823
0.7189614
0.61302483
0.17617916
0.63005674
0.8350112
1.0160685
0.516942
1.0908893
0.9338885
0.72379583
0.04016538
0.39796916
1.1183851
0.8133824
0.9441578
0.41909918
0.6690931
0.43486607
1.3699476
0.3329005
0.44837806
0.71781737
0.6462852
0.36980227
0.8668146
0.6222423
0.76728624
0.63498163
0.46414667
0.6683433
0.5722113
0.7302694
0.6585154
0.45329696
0.6026054
0.98332316
1.0031503
0.38277614
0.377035
0.92545086
1.128548
0.5504785
0.75306076
0.5255874
0.19719803
0.47816545
0.53964806
0.38249287
0.5348908
1.1704867
0.77756
0.8053051
0.6102346
1.1806821
0.6034592
0.81454635
0.9493684
0.74074984
0.75850946
0.7232614
0.73237175
0.8472717
0.9785485
0.7237274
0.7097243
0.6125195
0.7400493
0.62562436
0.88385624
0.64862394
0.28170794
0.6219267
0.36130932
0.41891596
0.6728362
0.6705145
0.6552661
0.47152773
0.8260556
0.81244034
0.67000556
0.21071687
0.4313713
0.40633485
0.5696302
1.156361
0.39432123
0.90318817
0.41368118
0.30311495
0.40039715
1.0060753
0.84221363
0.5702164
1.0417609
0.33160934
0.85341835
1.3160431
0.873781
0.82324106
0.6337317
0.63508624
0.4123355
0.6245774
0.6788357
0.9658255
0.8875943
0.7371379
0.9887433
0.8359051
0.43119165
1.127997
1.0014956
0.8783997
0.28067726
0.56237054
0.3687493
0.6089795
0.2593938
1.0442518
0.7642887
0.71590936
0.68329954
1.1981239
0.96831274
0.82995415
0.46280175
0.993761
0.28443626
0.6683808
0.44189748
0.6521967
0.9384769
0.77413404
0.16801041
0.99351156
0.9557275
0.7675431
1.3162597
0.5696426
0.4418886
0.6809108
1.3238347
0.69509655
0.5944541
0.66099375
0.5816028
0.96105856
0.9821841
0.77110934
1.1620152
0.58780926
0.513458
0.8554692
0.5319832
0.6645202
0.3909565
0.7976189
0.941688
0.6691037
1.2534732
0.8566373
1.2589355
0.33180568
1.0255682
0.36898163
1.0169203
0.6958817
1.0202566
0.5203187
0.68366337
0.37572652
0.6135234
0.1598685
0.5328527
0.37045836
0.44175458
0.31146282
0.73473656
0.6221808
0.5417818
0.78973764
1.0891083
1.25279
0.71546793
0.68860006
0.73893374
0.6694596
0.8519361
1.0847589
0.42264956
0.26706508
0.42523992
0.72026646
0.96129555
0.6490178
0.48759964
1.1686304
0.54853153
0.416729
0.9271862
0.8789053
0.596614
0.86898214
0.85567564
0.98975056
0.719822
0.88117087
0.21028529
0.7476974
0.62871844
0.5901909
0.72780657
0.6828165
0.66448563
0.76649964
0.73006487
0.90207696
0.9784371
0.50636935
0.63882905
0.8779567
0.4136217
0.8254705
0.77018666
1.095796
0.7878225
0.2521126
1.2073776
0.62477607
0.89694244
0.572676
0.7983942
0.46472126
0.59130657
0.64947176
0.36577892
0.5368731
0.92689466
0.99018025
0.16352855
0.6934862
0.56478846
0.3049468
0.4680317
0.5816993
0.67078495
0.38914028
0.84794223
0.7639898
0.6194261
0.33055338
0.68441767
0.6295385
0.725912
0.5614694
1.1030223
0.9281639
0.8606368
0.49080917
0.41957462
0.3734482
1.0464504
0.6868048
0.62851703
0.24319126
0.8296264
0.7604357
0.75078815
0.95430064
0.6746605
0.14417459
0.30752963
0.85475665
0.6595288
0.12822118
0.52415764
1.0834839
0.7653702
0.90570855
0.7647924
0.83580583
0.73244363
0.72713745
1.0480835
0.94292855
0.62948066
0.9155242
0.6003034
0.7233391
0.44642764
0.6504769
0.672748
0.8361201
0.40569234
0.53618795
0.68456817
0.5317413
0.37020966
1.0465628
0.90798146
0.70190436
0.75751454
0.44013694
0.27578825
0.72509146
1.2943494
0.6029896
0.48795465
0.81014234
0.68610895
0.4448068
0.74380744
1.0381753
0.80581135
0.78691036
0.82034963
0.608511
0.36730582
0.9548187
1.1536103
1.0998756
0.28968132
1.1957189
0.45164308
0.7295041
0.6273875
0.56506807
0.4869778
0.96960896
0.6751032
0.7932376
0.51941264
0.5484969
0.81992453
0.6540397
1.1539026
0.67623675
1.0844195
0.58459145
0.91226745
0.37846535
1.142452
0.7390492
0.73962075
0.5795393
0.74153256
0.2544073
0.33624068
0.62641567
0.79846746
0.46657148
0.27826172
0.71332496
1.0346239
0.6344994
0.8344056
0.8003552
0.51896095
0.7492584
1.097415
0.7671907
0.42643407
1.0607294
0.8805883
0.5571118
0.565851
1.4259905
0.47797537
0.8181048
0.37007183
0.7686473
0.76040876
0.5897048
0.51590616
0.8135606
0.74638116
0.41368553
0.20645943
0.70481086
0.624455
1.1418632
0.4847657
0.4435088
0.27427614
1.0795379
1.3709308
0.7661466
1.0083371
0.5143022
0.3344485
0.97476035
0.63641846
0.60365015
0.920532
0.84890705
0.97300124
0.5282468
0.26474306
0.68785155
0.4031803
0.35475153
0.35449615
1.0102572
0.7891796
0.75430816
0.41659278
0.9498768
0.6387956
0.93169457
0.40657318
0.59624404
0.60489875
0.43976435
0.54895633
0.74229294
0.83565515
1.0361829
0.4569429
0.11944426
0.25303212
0.9223118
0.63057363
0.61916745
0.80503595
0.5043785
0.87112576
0.97356653
0.57171565
0.71228653
0.39421403
0.88027257
0.2865326
0.76506317
1.1024688
1.3514117
0.8007396
1.2377554
0.17750002
0.78919375
0.57693654
0.6649532
0.5614407
0.6989089
0.8177159
0.9819632
0.4501683
0.6223589
1.1798246
0.67953074
0.89489776
1.0247968
0.77386403
0.49648103
0.5309901
0.8848548
0.7083897
0.25368688
0.74713886
0.7767787
0.5465235
0.6152226
0.7284833
1.0454819
0.5267199
0.8745343
0.7869885
1.083311
0.52446073
1.1457953
0.57203835
0.71138406
0.9528564
0.75839853
0.24656335
1.0694357
0.67468786
1.0489074
0.40822026
0.8644408
0.7649878
0.5626016
1.0209732
0.8208541
0.94074637
0.7988887
0.8198898
0.56146437
0.8741726
0.7661119
0.39785984
0.7396822
0.53714055
0.7139848
0.89663935
0.30204615
0.5399395
0.67295533
0.8210272
0.7359187
0.55733395
0.74766743
1.0660428
0.7737654
0.3427289
1.0304182
0.5974673
1.0353695
0.8831149
0.9550615
0.4341116
0.6269245
1.2026713
0.6633171
0.5510829
0.73475957
0.6155413
0.55530196
1.0329385
0.9692027
0.9419088
0.9237763
1.3015803
1.1115446
1.2200257
1.1934248
1.2821186
0.32416
0.40373555
0.7086107
0.6530089
0.9660464
0.8028108
0.9829888
0.41305968
0.8447613
0.26107934
0.4040287
0.70179814
1.0214092
0.75755453
0.2812843
0.2994905
0.841722
0.6325144
1.0725687
0.9241839
0.72635376
0.48691252
0.67008376
0.7313405
0.672415
0.50539047
1.315164
0.94075996
0.9177549
0.6572729
0.49962428
0.9788557
0.8248245
0.24803916
0.40805995
0.7575196
0.72501826
1.1865318
1.1629004
0.5965355
0.6242875
0.61796016
0.7439119
1.0401213
0.61135733
0.8250757
1.3088982
0.7804892
0.5769541
0.9602435
0.9728908
0.7393328
0.9196693
0.68669635
0.4827973
1.1736056
1.0553011
0.7021179
0.5815791
0.26825702
0.3838014
1.0268432
0.60317177
0.42173418
0.98179287
0.46844292
0.4395559
0.88392615
0.5541371
1.1657228
0.63351333
0.40123874
0.8080879
1.1576785
0.5623897
0.17893213
1.1149843
0.7807758
0.5679017
1.0937848
0.8458582
1.2727038
0.22811134
0.6297073
1.0551962
0.8323139
0.7204751
0.572029
0.92932475
0.89359087
0.4510652
0.19352864
0.8777086
0.5982426
1.1418028
0.6650686
0.9695646
1.2607316
1.0448773
0.3780598
1.2914766
0.5348908
0.91770554
0.59118134
0.7235896
1.0714481
0.5074043
0.9880413
0.80033386
0.5428188
0.7351328
0.7692755
0.63940734
0.49108022
0.9785543
0.7804937
0.44004616
0.8436546
0.72655046
0.8329912
0.9677527
0.7210406
0.6537517
0.9174456
0.72147965
0.36121
0.8488918
0.8456194
0.25777772
0.92263556
0.9458886
0.96083355
0.9081487
1.2838719
0.42692947
0.7129464
0.3294056
0.3505241
0.13908578
0.89490414
0.765544
0.8745017
0.37853166
0.83638674
0.7676047
1.269203
1.2798434
0.32872346
0.77894455
0.8595733
0.6046431
0.6377566
0.5433678
0.8187152
0.70276356
0.6835653
0.54682726
0.83394706
0.487336
0.6403689
1.337187
0.92946565
0.39919645
0.99804294
0.22945316
1.1335824
0.20426624
0.8902933
1.0094154
0.29356587
0.8318321
0.7338617
0.77906007
0.85873014
0.9548951
0.63528836
0.42857942
0.3684301
0.42483446
0.4454791
0.95981705
1.1375746
1.0275553
0.4263038
1.0618541
1.07634
0.7585814
0.5529462
1.2443745
0.5932034
0.60807544
0.43594378
0.77638865
0.7802611
0.6730877
0.6463838
1.0797595
0.6457911
0.8977708
0.6055635
1.034944
0.4097903
0.29771915
0.43900114
0.11251361
0.94929194
0.8008312
0.6781934
0.981105
0.7398905
0.7224037
0.87927634
0.28473774
0.5976943
0.7125562
0.40402216
1.0760627
0.7266397
0.67046136
0.61216617
0.41031665
0.5519496
0.66674036
0.84853476
0.68941444
1.0046065
0.6350687
0.65478224
1.0702081
0.22843921
0.60255283
0.35649166
0.27293956
1.1328913
0.46922445
1.0212401
0.5503949
0.6219322
1.2965592
0.42587435
0.8263825
0.66623884
1.0575835
1.3865716
0.95226693
0.6095158
0.89917594
1.1977111
0.8202626
0.5151102
0.78742653
0.36663955
0.41047513
0.49075663
0.5084502
0.11952791
0.24145238
0.96511704
0.5833414
0.48217973
0.89423364
0.527297
0.89283365
0.8861278
0.3090739
1.0069779
0.75381166
0.673608
0.802811
0.42668548
0.6697261
0.15523665
0.36808324
0.69562745
0.7671315
0.66998905
0.6802119
0.3280534
0.3744032
0.48375392
0.9079689
0.40181568
0.75859
1.017077
0.6043284
0.4591226
0.83969784
0.2813257
0.6044517
1.0877144
0.54763556
0.18377057
1.0580844
0.7758472
0.40690207
0.23697174
0.7710097
0.42807668
0.79802895
0.66812295
0.7007072
0.75285476
0.37170154
0.48225158
1.1276346
0.47690344
0.7364176
0.36445
0.3689616
0.61204046
0.5922509
0.78163487
1.0290664
0.9595772
0.618015
0.5000456
0.82311636
0.76227266
0.50604814
0.37498865
0.5917527
0.69333434
0.73498553
0.34624577
0.74930316
0.81388295
0.28106344
1.0009007
0.9614462
0.6487454
0.6980972
0.744536
0.72353804
1.015278
0.6002549
0.8489137
0.4408672
0.40059963
0.8677532
0.6163514
0.56450665
0.82350147
0.6242832
1.0111092
1.06465
1.3534297
0.7574779
0.6397597
1.0236208
0.21113782
0.75001717
0.46944445
0.95673543
0.86653847
0.6845557
0.6265896
0.3263947
0.5751239
0.29510054
0.78066164
1.3726606
0.54179347
0.7115378
0.77972335
0.75483525
0.98131186
0.2738353
1.0040163
1.0235445
0.9182773
0.9852103
0.7759161
0.8947105
0.5630974
0.60147935
0.66616404
0.56595045
0.48899335
1.121835
0.4528368
0.29511663
0.77374846
0.53993213
0.6236134
0.4644085
0.96294326
0.50947124
0.18421756
1.0186313
0.50837123
0.7473271
0.6149761
0.68624794
0.37240222
0.6332763
0.59089786
0.30455554
0.8690275
0.57946116
0.73284477
0.8568836
0.53023064
0.86565787
0.98708445
0.5925666
0.58793664
1.0035491
0.75430006
0.6154313
0.32959756
0.25082645
0.43966043
0.7523126
1.129286
0.4396376
0.88394743
0.9294934
0.7643011
0.53027594
0.9699774
0.43533605
0.50463873
0.4628769
0.60247123
0.3971516
0.34665552
0.67430395
0.74267054
0.7844527
0.6040598
0.76670164
0.8229964
1.2506521
0.8250145
0.72938234
1.1595476
0.6796905
1.0989807
1.0303979
0.9917482
0.6082234
0.59371006
0.8896826
1.2484089
0.245245
0.6888451
0.700411
0.14556544
0.9197008
0.32850498
0.66866404
1.0494967
0.6266187
0.5369044
0.81867
0.8170594
0.90533197
0.8247549
0.6332905
0.8818702
0.50732565
0.8030528
0.9431781
0.7613626
0.40646878
0.8513533
0.29676017
0.41863182
0.27645144
0.832904
0.78244376
0.6720807
1.3238454
1.1250895
0.86910045
0.2839187
0.9195984
0.33429182
0.5382705
0.46156102
1.3120422
0.7522734
0.9159199
0.76949877
0.6713652
0.61698556
0.17686445
1.0330601
0.0423273
1.0715221
0.41850913
0.1413705
0.6377207
0.41065848
0.45902988
1.1523879
0.45782274
0.6866749
0.63581777
1.0655022
1.075574
0.7158901
0.7320203
0.48937035
0.31986582
0.5786004
0.40879032
0.82587403
0.78783673
0.5931127
0.65188813
1.2636813
0.7909353
0.6543232
0.5930231
0.6676361
0.7421491
0.6131197
1.3692629
0.552231
1.1100496
0.59200686
0.32116002
0.47187808
0.7674227
0.94972396
0.8304487
0.8705079
0.3720332
0.6965602
0.702508
1.1641846
0.65453696
0.8082408
0.7103414
0.52369905
0.696349
0.93894196
0.85111713
0.5285822
0.81072253
0.5132568
1.4117899
0.58504945
0.44683397
1.1485744
0.79353344
0.44803536
0.74126494
0.65197974
0.5717113
0.94211006
0.46501514
0.8082346
0.56569767
0.58790326
0.24611786
0.55602384
0.26790145
0.8098098
0.90076333
0.1975594
0.7846061
0.7286794
1.1302084
0.862628
0.14220235
0.79831386
0.5639048
1.0614785
0.9818322
0.7872419
0.5247495
0.92324775
0.7530779
0.9950709
0.6635159
0.6714158
0.8536248
0.33100387
0.9102405
0.8480432
1.0978955
0.66115546
0.5465008
0.24267574
0.7548385
0.42871293
0.9917701
0.40886652
0.58287334
0.51109517
1.2268333
0.57942194
0.36959094
0.9123858
0.28433058
0.9546375
0.76376325
0.55228597
0.59026814
0.88026226
0.6476661
0.6238141
1.1580694
1.1046587
0.56546754
0.76592374
0.550822
0.84303814
0.31151035
0.7987089
1.0319517
0.9507106
0.8725163
0.9777084
0.24410835
0.73839825
0.4033455
0.51665616
0.36598748
0.63318944
0.46757245
1.2972779
0.6831695
0.6349112
0.7152874
0.92388165
1.0106791
0.41848674
0.6321901
0.9102987
0.46498504
1.1440411
0.49380574
0.9858594
0.87271994
1.2101775
0.65901744
1.2782674
0.31687924
0.5832001
1.0815363
0.6451234
0.5019757
0.6658612
1.0233186
0.90126485
0.32756355
0.5600709
0.94572055
0.7742914
1.177725
0.9637194
1.3565147
0.56461984
0.685493
0.67830795
0.7922505
0.69188637
1.1253906
0.70794255
0.79676586
0.63655066
1.0449029
0.7159125
0.74373966
0.6084298
1.1678008
0.6285891
0.45303458
0.88354874
0.9503146
1.1588303
0.8303962
0.4191206
0.47557247
0.49736845
1.0264508
0.9782716
0.5784252
0.58093435
0.98537934
0.9879141
1.0206416
1.2638494
0.49891087
0.79357094
0.5854877
0.4503992
0.37220275
0.7919905
0.34868246
0.67767495
0.8877282
0.57439774
0.90135056
0.84967434
0.7785485
0.37256715
0.70499283
0.18296885
1.0710455
1.242832
0.8144024
0.5280323
0.56530845
0.34174725
1.0606276
0.40826583
0.9953184
0.8367855
1.2873226
0.66345185
0.52624196
0.33269584
0.30209506
0.54174626
0.9390957
0.9689006
0.5334656
0.79787534
1.1920503
0.38816807
0.8679192
0.43256557
0.1292041
0.6310476
0.87044007
0.18731928
0.76878095
0.8033777
0.4702875
0.25499317
0.51541626
1.1058348
1.0341341
0.5748583
1.1330076
0.70460224
0.22181898
0.9579484
0.70291716
0.70881575
1.0887926
1.0209202
0.89204144
0.5129118
0.34587938
0.17320341
0.6392064
0.6075778
0.73284906
0.83287674
0.6429307
0.97337836
0.7772315
0.19624321
0.77374434
0.27810454
0.8807139
0.9430425
0.6574456
0.3820446
0.8562318
0.78286046
0.47666326
0.5718839
0.9042549
1.0274773
1.2359896
0.7753272
0.95151883
0.8967678
0.57109284
0.35458094
1.1103437
0.6913677
0.9416228
0.6144827
0.8328477
0.6362119
0.5314202
0.37036887
0.73521924
0.4356844
0.83570296
0.8187144
1.047471
0.93383515
0.8846196
0.6524307
0.47571427
1.0547093
0.7622069
0.596515
0.8745658
0.7617184
0.6251573
0.8194874
0.3960498
1.3076541
0.8567941
0.7913186
0.7449585
0.7063436
0.43599188
0.45837215
0.2210801
0.8456758
0.565406
0.75477797
0.6245723
0.6241251
0.6803739
0.4111581
0.78084433
0.30567455
0.46127722
0.16905428
0.45662877
1.1714197
0.6082252
1.1285068
0.7727409
0.69388175
0.83241117
0.29577607
0.81086344
0.7108277
0.9826395
0.66470873
0.82588655
0.87324756
0.10264252
0.6658735
0.88809085
0.9498019
0.60437113
1.1414286
0.771839
0.93795615
0.9341156
0.7672007
1.1163962
1.0521055
0.59132063
0.87575036
0.66939044
0.6431449
1.0426662
0.7170823
0.36331514
0.6220438
0.3140088
0.36046565
0.68648237
0.7657844
0.29748902
0.92222506
0.3273952
0.33045518
0.42768976
0.78146666
0.9833931
0.7703601
0.3974025
0.3696144
0.9259944
0.3684065
0.8756856
0.5999939
0.62371117
0.9198346
1.044782
0.51554143
0.8610999
0.66713023
0.5809389
0.87906224
0.8154544
0.52099025
0.53951037
0.83366215
0.4911969
0.5622696
0.83412313
0.63408655
0.90989524
0.7063882
0.6481561
0.96412885
0.56273973
0.7680349
0.50995755
0.7515416
1.0932105
0.18281955
0.6702338
0.38250062
0.85937345
0.18761602
0.7116313
0.5900936
0.8524305
0.36874196
0.7823998
0.56559813
0.70551777
0.29314247
0.74688566
0.8710449
1.060114
0.6525202
0.43114507
0.46588412
1.0126877
1.1478955
0.591163
0.8182386
0.5974234
0.6777523
0.3785508
0.7234178
0.52522856
0.7509432
1.0141749
0.7419982
0.7848624
0.30843028
1.179359
1.163392
0.9562701
0.33747894
0.35914856
1.1280377
0.76672965
0.45844212
0.6229356
0.8062878
0.75278544
0.33153602
0.66365135
0.873771
0.66707915
0.8330635
0.2794765
0.6838844
0.74781495
0.6391035
0.75886846
0.48971966
1.0297123
0.9553532
0.8395659
0.85270274
0.6756997
0.9131007
0.7224644
0.92005855
0.54438096
0.74044985
0.74341416
1.063778
0.26155084
0.8285182
0.9897567
1.0546203
0.3390012
0.7934843
0.9489024
0.42579067
0.62771606
0.76188856
0.56149435
0.25563172
0.3023236
0.23158091
0.40845346
0.87545043
0.5484799
0.58953816
0.8219976
0.5235863
0.7490362
0.49095324
0.58576584
1.0149095
0.91426194
0.73967934
0.7654125
0.9794405
0.530156
0.64906913
0.1188555
0.3926159
1.0259436
1.0369562
0.6084831
0.7252562
0.98393464
0.3305032
0.65230167
0.6983646
0.38600153
0.6418352
0.451444
1.1860183
0.5845942
0.73645556
0.82326424
0.47802234
0.50284326
0.2387948
0.40344152
0.64100116
0.27156818
0.97909015
0.5311005
0.6047187
0.9614887
0.554066
0.88488054
1.1727026
0.30667514
0.50863844
0.67174137
0.52148306
0.8806072
0.5392304
0.41851598
0.67172027
0.86045694
0.6758172
0.6707365
0.976101
0.5953887
0.8943526
0.60164213
0.9505162
0.39315972
0.8132103
0.5669124
0.67272156
0.7133352
0.66625667
0.7620032
1.0330367
0.4306551
0.5045568
1.0677087
0.7864824
0.6924697
1.074395
1.0035818
0.71148586
0.98719376
0.43702164
0.7774014
0.79102176
1.1352264
0.79776424
0.772824
1.0594591
0.81870544
0.76296526
0.48640895
0.8824599
0.63940126
0.7440038
0.762876
0.70417863
0.6876517
0.823803
0.52695626
0.3506199
0.48106974
0.3971267
0.908988
0.8624983
0.6649045
0.49396062
0.84486324
0.88719505
0.7883834
1.1428958
0.6675175
0.99073774
0.8660537
0.5316885
1.2351693
0.95915514
1.1661242
0.5954034
0.5652325
0.56925076
1.1440166
1.20456
1.2018456
0.9877322
0.6219253
0.92028594
0.9807783
0.5177831
0.40218303
0.40850776
1.1281729
0.17920385
1.1727103
0.37931448
0.6823175
0.5732807
0.35236028
0.816347
1.1055644
0.7960227
0.6232571
0.94867915
0.8309139
0.5419563
0.5922842
1.2320426
0.57116127
0.6038743
0.49340326
0.9276281
0.5021911
0.48789588
0.2848942
0.7426097
0.60402066
0.8285079
0.92952543
1.029165
0.8104176
0.7014753
0.42809308
1.0898061
0.88108623
0.3478329
0.84831434
1.0134504
0.7471472
0.59923714
0.4048126
0.6526503
0.63053477
0.8169674
0.48416737
1.270584
0.50247633
0.8972639
0.7298969
0.40007198
0.59614706
1.2343321
0.7630787
0.92446154
0.67590696
0.8352842
0.6406728
0.95732343
0.6130013
0.861395
0.98934484
0.6821026
0.6106591
0.6419418
0.8564206
0.79087025
1.0116286
0.2258801
0.32442492
0.92208076
0.79524326
0.93235904
1.06635
0.56717587
1.0460306
1.229231
1.1703944
0.826549
0.71942735
0.39448074
0.95052105
0.97200227
0.3365483
0.42809212
0.85925066
0.67731917
0.46894786
0.46847007
1.1817707
0.85093033
0.5278351
0.59078133
0.45848444
0.2800581
1.0387195
1.041423
1.0774068
0.4545484
0.71266454
0.7118312
1.1000334
0.6792389
0.5152491
0.50874454
0.47845855
0.822773
0.39012814
1.1652168
0.88491076
1.0004863
0.76137507
0.71284944
0.56984884
0.40299293
0.40758377
0.47738394
0.85542274
0.32981226
0.38494125
1.0026709
0.77000326
0.48771822
0.37909922
0.51145506
0.48301372
0.8413544
0.6563005
0.6311124
0.9556257
0.51404923
0.46694326
0.8037642
0.30006957
0.68687254
0.5484297
0.39350975
0.951634
0.42592168
0.76016605
0.6506317
0.30936185
0.2998864
0.83605146
0.9401164
0.7321741
0.38379103
0.555071
0.38253006
0.77144164
1.1155595
0.26245034
0.36402997
1.0051941
0.88387066
1.1059521
0.6142571
1.434982
1.1122235
0.8513977
1.0449085
0.9281983
0.6527738
0.67937094
0.49132955
0.96686774
0.9182338
0.7521828
0.87838924
0.8229864
0.7121673
0.348628
0.6824322
1.0056645
0.5253702
0.39571798
0.22524348
0.57259357
1.0102184
0.9498437
0.3421162
0.9258309
0.6181807
1.069712
0.4259126
0.722229
0.995438
0.7591094
0.7668614
0.8501674
0.32858184
0.7037543
0.8382003
0.9618104
0.6485266
0.4755539
0.35545567
0.8191073
0.52920765
0.39015976
0.41374806
0.36680564
0.5719783
0.9427061
0.46092734
0.9295678
0.6465978
0.5000906
0.7566209
0.651571
0.6230408
0.17025547
1.0975521
0.83611566
0.5352892
0.81265354
0.71935225
0.86075616
1.1064383
0.33981052
1.0219688
0.46536458
0.9279831
0.78196007
0.69109124
0.9866133
0.61296386
1.0433234
0.9344924
0.45281067
0.9956895
1.0390153
0.75819695
0.9038568
0.4525995
0.86607987
0.6965972
1.0012681
0.7073319
0.7193158
0.6343867
0.6963061
0.77689177
0.5371045
0.7421442
0.5436287
0.41942385
0.70052075
0.17537636
0.5578315
0.3731444
0.42374256
0.5185794
0.98722726
0.53112835
0.84512186
0.65979767
0.2988576
0.6625337
1.0090896
0.82902676
1.0457028
0.98202586
1.0491284
0.9956285
0.71737283
0.63765985
0.5897571
0.933933
0.99342793
0.2206475
0.9552359
0.76178855
0.52584666
0.60323894
0.3567615
0.8641434
0.8130307
0.70749956
0.686682
0.8840884
1.059467
0.5750421
0.7952931
0.6877454
0.5374987
0.9063796
1.2080387
0.8115594
1.2100555
0.650448
0.73783237
0.47668526
0.78923357
0.848992
0.24526012
0.78652984
0.8704586
1.059902
0.35579774
0.7099183
0.9228636
0.7897355
1.0122799
0.5893227
0.7269608
0.49099115
0.6539195
0.81982493
0.53202087
0.3446324
0.9833623
0.5415502
0.6777189
0.86153895
0.5363228
0.2517014
0.97951007
1.0565131
1.1452186
0.5341713
0.6516836
0.98902655
0.8121806
0.91857016
1.017179
0.60995054
1.0400819
0.9438506
0.7698169
0.62631387
0.6497706
0.44784632
1.3030297
0.56124985
0.99044347
0.97730255
0.51722556
1.1216166
1.0427659
0.54714763
0.8143275
0.8905837
0.38984594
0.8181024
0.8678521
0.44790286
0.6112923
0.9365436
0.8643809
0.8618561
0.6521437
1.2607516
0.32558402
0.73897237
0.5817106
0.81239116
1.227511
0.3528298
0.43792295
0.6969645
0.7986831
1.0288877
1.2037622
0.69692427
0.3438912
0.99779946
0.6596342
0.70403093
0.41683593
0.78557307
0.80613977
0.23976687
1.1576779
0.78095406
0.7750027
0.9765188
1.237745
0.86360925
0.5804598
0.5896294
0.9385466
1.1534166
0.98488635
0.97100925
0.9391761
0.66346604
0.79303354
0.6264626
0.52751905
0.91899383
1.0462531
0.23563503
0.95516163
0.7728027
0.9869849
0.94536984
0.55975986
1.1743954
0.880765
0.47264135
1.084741
0.93878335
0.6066307
0.7568934
1.0966938
0.88168395
0.8344097
0.57912534
0.51805985
0.92715013
1.2050781
0.67499304
0.87129104
0.9539241
1.0053025
0.5322259
0.6318588
0.6100383
0.51332945
0.7503265
1.0304196
0.48274052
0.57917523
0.56119776
0.072656855
0.57108676
0.64529705
0.8894584
1.0599687
1.1234072
1.0215509
0.82893276
0.6948471
0.4364649
0.8158065
0.714248
0.7595878
0.43819678
0.6270777
0.52059877
0.76056015
0.51080084
0.7448026
0.5100081
0.54906315
0.7742381
0.8414999
0.52124375
1.0327007
1.0779735
0.8902639
0.42582998
0.76625085
0.81861037
0.4910439
0.7419314
0.7276699
0.6838617
1.1884959
0.45317736
1.1546258
0.44813743
0.2326878
1.0744219
0.39215043
1.0846986
0.46278158
1.0503412
1.0233073
0.5793454
1.0162852
0.76134145
0.730607
0.7408668
1.0493463
0.71615595
0.72184813
0.9410082
0.67481226
0.42920142
0.85378486
0.43821162
0.7593121
0.50953203
0.4818825
0.63729656
0.6316484
0.6044782
0.7255612
0.9779764
1.2041066
1.1296726
0.5416092
0.42708197
0.30194345
0.98462224
1.1020799
0.49277565
0.54756486
0.3709113
0.80664766
0.8763139
0.80013484
0.38847348
0.6175756
0.4158788
0.5340723
0.49890095
0.8143663
0.67001283
1.0209154
0.85937655
0.34770453
0.8465055
1.0748603
1.084835
0.79751045
0.35954487
0.51627904
0.88246864
0.34035268
0.9101699
0.35506693
0.42965463
0.76834106
0.7297555
0.61355954
0.48997816
1.0000865
0.49228942
0.8308511
0.7738876
0.54039943
0.97746575
0.35647622
0.42026842
0.51015323
1.1844482
0.52595866
0.40368336
0.5607287
0.5361185
0.34352866
0.43064073
0.58544123
0.8292024
0.28946543
0.37085053
0.6301966
0.9624358
0.34116256
0.7742636
0.39030343
1.3999811
0.80118024
0.72383106
0.46518287
0.52736956
0.8967283
0.80506253
0.40314612
0.67482823
0.92620397
0.33581597
0.7113884
1.1187994
0.82731026
0.5155305
0.8984728
0.61600626
1.0746497
0.48967114
0.6840976
0.84451276
0.68350387
0.25895756
1.0471418
0.42206094
0.73846185
0.48559827
0.6235282
0.38113576
0.4727608
1.100793
0.8913295
0.7146998
0.35602558
0.8838637
0.97714686
0.784612
0.29474366
0.20796132
0.87665224
0.74148977
0.7784473
0.718676
0.7070659
0.7441934
0.64990664
1.0016956
0.58148015
1.2932775
0.6649242
0.6490162
0.63555187
0.7478859
0.47007316
0.67328393
0.63845944
0.5218361
0.6822158
0.46870387
0.79437566
0.55587053
0.46325696
0.46212232
0.40268847
0.5797844
0.6535469
0.5489382
1.0142201
0.62760085
0.49189857
0.31460637
0.59456885
0.70762414
0.5880695
0.99779415
0.6531854
0.41027853
0.7865352
0.6212526
1.0290132
0.33407903
0.6361595
0.51300585
0.64254445
0.59281194
0.5327325
0.4871551
0.3757378
0.6750256
1.0346758
0.7455515
0.83566505
0.41351718
0.83179855
0.3366992
0.9568106
0.7370309
0.21996507
0.942679
0.96884835
0.68134683
0.63145995
0.68089986
0.6944338
0.86639726
0.7899689
0.6001806
0.29501772
0.6740748
0.90255105
0.79003
0.59498864
0.3331094
0.5161411
0.64490473
0.9987637
0.3688651
0.8573016
1.1565909
0.7432048
0.6795621
0.45097545
0.46212354
0.57127357
0.6820243
0.9334911
0.9565784
0.75262976
0.93531567
0.9362615
0.7065217
0.67726135
0.2783119
0.9363422
0.31103578
0.75152844
0.33265108
0.2206842
0.21054418
1.0235136
0.5482679
1.103547
0.6118482
0.59442616
0.72612745
1.1288209
0.62185
0.9582111
0.85938156
0.9681731
0.25085127
0.38608468
0.83439547
0.9554414
0.79759556
0.6199792
0.38383564
0.5422753
0.7157419
0.62531674
0.6030115
0.578477
1.0774965
1.0991838
0.5834903
0.5171008
0.24925508
0.39735946
0.4925839
1.2367759
0.92376083
0.69734484
0.5995771
0.53810644
0.9916753
0.81504136
0.48538083
0.9309994
0.5534025
1.3236927
0.72405916
0.13748994
1.0242443
0.5577604
0.43269655
0.6521917
0.5808816
0.41239884
0.9232074
0.6632203
0.94316465
0.81457883
0.2104888
0.29954416
1.0675247
0.63580525
0.22145303
1.0207595
0.913207
0.5692181
0.46660694
0.25541496
0.756071
0.2096707
0.8651248
0.5480765
0.62268424
1.0241145
0.7737401
0.9623303
0.89205664
1.3171804
0.7086412
0.6116269
0.884104
0.57398826
0.94181687
0.86823624
0.36752316
0.8489984
1.0057243
0.41838288
0.35257787
1.0907863
0.74137044
0.9087196
0.79262656
0.29169247
0.39126536
0.9544493
0.5628495
0.9910002
0.90164334
0.9584391
0.7590845
0.7477674
0.8731704
1.1653928
0.78754455
0.59980345
0.46685246
1.0868706
0.60951126
0.25269574
0.37499377
0.54343474
0.41175336
0.5897602
1.0763142
1.105752
0.6650317
0.7165723
0.87743735
0.2719802
1.1443065
1.1803796
0.6875668
0.7847587
1.0767903
0.62941134
0.45302257
0.9628945
1.0139134
0.59712994
0.8507235
1.0700743
0.5571564
0.35194787
0.3051772
0.7364386
0.19041565
0.8316627
0.70563686
0.6208465
0.5587919
1.3608441
0.9032097
0.43680122
1.0633075
0.77910733
0.43552858
0.38009542
1.1228712
0.8585138
0.9092778
0.76638526
0.7490145
0.47673908
0.37163502
0.7993402
0.87564373
1.3105775
0.7280655
0.5252925
0.20965731
0.7399299
0.65587485
0.84693664
0.25878125
1.3807817
0.63474524
0.6655016
0.5867247
0.52278346
1.0754453
0.8996488
0.53725606
0.9873679
0.59051555
0.12844966
0.38594675
0.6686367
0.5491175
0.7491129
0.76790434
1.0036383
0.4528956
0.8060653
0.7101362
0.7402789
0.30425847
0.8294082
0.7683382
0.84381217
0.4153642
1.0459976
0.9889292
1.0306381
0.703336
0.33151418
0.94331604
0.58999985
0.26977786
0.7960087
1.0150054
0.7354363
1.0241724
0.54729855
0.86688066
0.72824436
0.7539301
0.2799486
0.4464161
0.78817666
0.9654005
0.55018395
0.6229864
0.4362557
0.4317638
0.65466064
0.5643153
0.5954312
0.3368111
1.0349249
0.5324512
0.956938
1.0647813
0.5470057
0.30352867
0.9128824
0.65781677
0.492803
0.41164398
0.24556497
0.73741317
0.4149813
0.2288507
0.52357596
0.40420568
0.35148618
0.75048983
0.41101176
0.40620175
0.96063495
0.7462831
0.46750075
0.7933701
0.6810648
1.0549974
0.18245952
0.7621531
0.46135008
0.70806575
1.3856386
1.0019298
1.323456
0.7902444
1.0303808
0.17299677
0.9555212
0.9182301
1.1468633
0.93988186
0.95335
0.70197
0.54897976
0.46902904
0.6574926
0.90308064
1.0195994
0.7975971
0.79686695
1.158437
0.8087417
0.84627026
1.0390602
0.87745064
0.36303446
0.7383829
0.96109384
0.20932387
0.2400066
0.38481575
0.99682635
0.5817269
0.8556341
0.7477332
0.9913374
1.1741291
0.94193304
0.53553283
1.2449307
0.44470537
0.90375435
0.6416109
0.40253082
0.78667694
0.9717955
0.55808806
0.4708006
0.7160519
0.87640136
0.64459306
0.7713921
1.0572804
0.8555104
1.1881838
1.0267279
0.25673592
1.2791926
0.76676744
0.49833736
0.9657167
0.75898373
0.73849
0.84616244
0.70803225
0.4135328
1.1976657
0.78179526
1.080576
0.52754694
0.5782272
0.60003024
1.0432342
0.28660443
0.7265769
0.48442596
0.6931551
0.6586876
0.614166
0.6935599
0.8031218
1.0209244
0.9770722
1.1787893
1.0703437
1.1757714
0.98185956
0.2690778
0.9746228
1.1602154
0.43252683
0.9188728
0.7263192
1.0521215
0.7516142
0.71842414
0.5450667
0.31069717
0.47313133
0.95621115
0.5916154
0.93751764
0.88723236
0.621909
0.5881508
0.39387184
0.8552191
0.82363
0.85985756
0.8077015
0.7097669
0.8720139
0.8122074
0.65734106
0.31208745
0.874182
0.78948194
0.63297486
0.57454395
1.1756957
0.4939527
1.2871159
0.33314553
0.56543326
0.6311676
0.79425085
0.8934153
0.4865889
0.52473944
0.66460264
0.20938624
0.61596996
0.9424197
0.78030294
0.56240946
1.100055
0.65144885
0.32377273
0.53565544
0.72690576
0.38597447
0.7327969
0.35001257
0.71146625
0.679783
0.6584716
0.57395375
0.84457594
0.84273374
0.3211526
0.88479096
0.8817824
1.1939847
0.7530036
0.98837817
0.65877604
0.29201987
0.8497263
1.0233705
0.81462395
0.4748707
0.21405211
0.8909056
0.668901
0.632376
0.9751779
0.12184821
1.3142273
0.5753442
0.5518074
0.50281334
0.65706944
0.7306852
0.800285
0.78879464
1.0065064
0.83102334
0.9373502
0.43756893
0.68747824
0.71500814
0.7490206
0.2406876
1.2725664
0.7617088
0.62725383
0.30627593
0.76137227
0.37381998
0.9999126
0.59581506
0.34112015
0.90200746
0.95122874
0.8141529
0.55604446
1.288341
0.44239756
1.0608479
0.6507109
0.76505685
0.5503645
0.40071806
0.81557155
0.6353415
0.693748
1.0660064
0.47182304
0.40377057
0.70675105
0.87996054
0.77208656
0.6728409
0.71670383
0.75569826
0.5730766
0.7813242
1.2744012
0.40780848
0.5932322
0.62957925
0.66494495
0.7229393
0.26948014
0.6543384
0.8421769
0.6870687
0.54459506
0.5744698
0.23783004
0.25587147
0.8956118
0.6220577
0.4218443
0.84336007
0.717095
0.60388845
0.9596519
0.77533126
1.0669221
0.15775147
0.7308141
0.1754243
0.7419566
0.6337127
0.7788757
1.2012681
0.69396394
0.86712927
0.65486294
1.2683005
0.7283364
0.26592433
1.1371558
1.2691371
0.9997329
0.74292654
0.483289
0.5224347
1.1692061
0.8450728
0.5663456
1.11272
0.8286828
0.14212039
0.35464528
0.67154914
0.82188207
0.90616244
0.8564485
1.0513515
0.76736647
0.43854412
0.46562824
0.6771713
0.377239
0.8092993
0.85622084
0.5731847
0.54073024
0.35479563
0.43553272
0.72524446
0.7481078
0.70615774
1.1420956
0.2782354
0.9158088
0.56762505
0.41420382
0.83940864
1.2255408
0.7287714
0.8169307
0.8287648
0.70957726
0.59968764
0.8300071
0.52158016
0.18820906
0.8612092
0.95626247
0.6436993
0.8107121
0.48227936
0.55426615
0.4363645
1.0089197
1.2116698
0.19429575
0.64382917
1.0499717
0.7764896
1.0409532
0.48442298
1.0887837
0.4271241
0.57103235
0.6198771
0.49943078
0.77619475
0.7075032
0.90994745
0.30262297
0.77102464
0.46892935
0.40193388
0.55188495
0.6410896
0.39390537
0.86944175
0.3032029
0.74857044
0.77442175
1.0954525
0.9276021
0.79937494
0.6191781
0.49828973
0.2543724
0.6922028
1.130174
0.6591932
0.54761904
0.48314574
0.8008806
0.7507668
1.0877697
0.95333123
1.0902866
0.5401676
0.8676718
0.8432406
0.89531183
0.5672748
0.39960247
0.6493306
0.8518237
0.34369266
0.566341
1.0799443
0.44758922
0.95531994
0.685763
0.4659875
0.53181964
0.91261035
0.71586573
0.7371668
0.986734
0.07593191
0.49713093
0.68743896
0.6347704
0.62628114
0.31261873
0.5534087
0.8495752
0.6428497
0.54603976
0.99801195
0.42148963
0.32146624
0.6175872
0.9768884
0.38556224
0.36749214
0.93104106
0.9973635
0.6263963
0.97964144
0.87509227
0.21947254
0.99018914
1.2764617
0.71660715
0.98695415
0.80871844
0.694831
0.85895735
0.34775665
0.7002289
0.34022418
0.3384933
0.71710414
0.8885812
0.4916198
0.40573236
0.80566907
0.9448924
0.39784616
0.84984916
0.43378633
0.60978794
0.75242597
0.4787184
0.18691187
0.47865123
0.42268756
0.65662044
1.3402954
0.45731187
0.41360196
0.5780688
0.4284198
0.9649105
0.37285143
0.94980705
0.5002346
0.5797797
0.82751995
0.88169295
1.0477357
0.68148345
0.62105805
0.9528176
0.31568524
0.71609956
1.1755403
0.6355667
0.6878493
0.56374127
0.8036926
0.61725575
0.42123356
0.36790812
0.81685627
1.1755284
0.82416993
0.8519833
0.7022769
0.65833056
0.73072356
0.9481916
1.093481
0.90415204
0.88674766
0.45948535
0.33781487
0.33931473
0.30626535
0.73391217
0.26637995
0.4827685
1.2004812
0.6772853
0.5720641
0.5677985
0.25089458
0.9103107
0.91798085
0.8145014
0.97686917
0.85033613
0.91480744
0.5178679
0.6688723
1.1979676
1.0016177
0.85032564
0.6545717
0.76650214
0.6293121
0.96291506
0.83505124
1.0377469
0.6872062
0.95591176
0.844646
1.0316974
0.32076222
0.8696064
0.7009607
1.2286052
0.75656956
0.62663597
0.98839176
0.27929953
0.9871386
1.0480099
0.7154125
0.82110053
0.75531596
0.61029583
0.57724535
0.94581544
0.68806946
0.6194004
0.77893615
1.338981
0.6151128
0.58567005
0.5414876
0.6217765
0.9676011
0.53955126
0.937536
0.78775454
0.49792483
0.38488233
0.5854257
0.3133976
0.6258593
0.9068213
0.7119084
0.26781407
0.51872015
0.9521476
1.1875052
0.48414278
1.0961281
0.45987222
0.8030129
1.0068066
0.47696188
1.023698
0.76703024
0.7099751
0.82166153
0.6473802
0.8371664
0.5388506
0.76784164
1.0946678
0.5115916
0.88450944
0.38660848
0.39293423
0.78885084
0.96283567
0.8878233
0.99553055
0.8931377
0.72054327
0.55546445
0.63714063
0.42979097
0.5617646
0.8606109
0.76659954
0.2938595
0.4088171
0.8253585
0.7329056
0.46909893
1.0963826
0.55932355
0.61689633
0.24786103
0.69545746
0.44213635
0.32290024
0.88906753
0.38088453
1.0675354
0.4009509
0.65598166
0.73244363
0.9250933
0.94968516
0.97236717
0.72821605
0.80475223
0.36102858
1.2238194
0.7854955
0.877982
0.89151204
0.3524783
0.6410364
0.924389
1.0757045
0.78775936
0.89123553
0.594957
0.79395497
0.55573595
1.1724439
0.4695104
0.74475694
0.46763763
0.36610633
0.31610587
0.38535598
0.6224071
0.52122265
0.8094489
0.5603362
0.54098165
0.7836696
0.27634075
0.34060934
0.55921775
0.3507002
0.64537096
0.71573156
0.85040563
0.8255042
1.0917286
1.168353
0.8785572
0.5499178
0.83521485
0.59740955
0.8502677
1.0018395
0.929021
0.5843773
0.84816414
0.62876767
0.6567131
0.8279848
0.3380855
0.6272275
0.9880115
1.0697371
0.49852026
0.91520435
0.9833613
0.6204714
0.56420636
0.78268814
0.76977295
0.7936138
0.72700375
0.8606419
0.7583366
1.0692024
1.0227151
0.67384857
1.1060168
0.71492904
0.83561623
1.2022216
1.1253365
0.2340375
0.8193166
0.52060246
1.2007319
0.4026765
0.81306446
0.8449654
0.27309674
0.29732883
0.41272977
0.5568799
1.1565505
1.1301818
0.51631236
0.4837438
1.3816404
0.058099885
1.1596763
1.0162514
0.57335305
0.49940842
0.80309534
0.3514156
0.37684947
0.61921024
0.6175621
0.65402687
0.5826756
1.0432523
1.3958503
0.90423024
0.30298266
1.0108726
0.77982825
0.4989214
0.7086172
0.6591958
0.7525146
1.0908598
0.55184644
0.44570044
0.6311566
0.95193094
0.85307443
0.90463495
0.905843
0.68294144
0.24156483
0.81978214
1.0603377
0.8514719
0.9538764
1.0449495
0.40885267
0.35593456
0.90231067
0.91553736
0.62603414
0.7162197
0.5331082
0.16322441
1.1609474
0.8915204
0.6474927
0.88890016
0.45841885
0.3185422
0.7155482
0.16324873
1.2101238
0.9356743
0.74076855
1.2089376
0.6276377
0.6338303
0.69255924
0.93896794
0.3754952
0.56194305
0.27961978
0.9909139
1.1941426
0.7578198
0.18477628
0.90285003
0.89734596
0.6893763
1.1484278
0.98964924
0.7003046
0.7863998
0.5570713
1.0472863
0.69132733
0.22716738
0.60478145
0.20963213
0.66915953
0.6544708
0.9011248
1.053487
1.189121
0.5318486
0.19210647
0.48948696
0.95817924
0.59758484
0.8464163
0.7294239
0.6040326
1.0613596
1.0952066
0.5907371
0.3991106
0.42661917
0.21685944
0.8332597
0.73474747
0.6544322
0.73708695
0.8954576
1.028618
0.34584
0.9178207
0.7634882
0.6997219
0.81319517
0.96033096
0.60502076
0.84716433
0.30382252
0.9459215
0.25535244
0.91285026
0.6751177
0.32395223
0.21129327
0.81919926
0.60861176
0.717258
0.46295783
0.45249966
0.67916
0.4194661
0.8819568
0.4736902
0.44626454
0.2978856
0.43279427
0.7135837
0.71334493
0.60496354
1.3904763
0.9240455
1.0263501
0.40656596
0.5244844
0.17299981
0.14453834
0.8289648
0.49512294
0.4079975
1.0052344
0.39652696
0.9501553
0.65487355
0.4217876
0.5510246
0.41354817
0.4543153
0.41845274
0.43575856
0.7344291
0.7367632
0.3392824
0.5944404
0.91064453
1.1098568
0.75352126
0.66357493
0.42683658
0.28442803
0.52308273
0.3481786
0.7758408
1.1871794
1.191146
0.71376455
0.65318364
0.47190768
0.8592569
1.2088958
1.1044064
0.9570407
0.99221295
0.36623368
0.36780292
0.9703266
0.93697685
1.2243525
0.77685565
1.103386
0.48372895
0.6201592
1.0295157
0.7779385
0.8878422
0.96409553
0.5558351
0.5797868
0.74082154
0.19120085
0.3129508
0.43708062
0.35929474
0.8005791
0.6702843
0.9736238
0.42506164
0.84172267
0.56438524
0.89877164
0.6936147
0.4764442
0.19106412
0.24284916
0.9969765
0.86770886
0.6206475
0.6587652
0.6097849
1.0262904
0.85055923
0.56222194
0.6816412
0.7939004
0.7385296
0.4996798
0.69843876
0.6986682
0.6091808
0.39330068
0.6151238
0.7330605
0.75440246
1.083081
0.6557748
1.0604584
0.45911387
1.0829513
0.85752124
0.8502037
0.82734144
0.4603174
0.14233536
0.49316707
0.8587688
0.7714071
0.6706679
0.9402739
0.7728126
0.6062324
0.47939792
0.7608105
0.16444068
0.46291554
0.3231626
0.7930084
0.6591465
0.7394843
1.0898701
0.5772831
0.2390782
1.1421564
1.0340395
0.92250496
0.58154714
0.27793065
0.82568157
1.0617826
0.23634224
0.685615
0.6511875
0.92145365
0.8453069
0.59601915
0.8846654
0.87528074
0.65369964
0.6557524
0.43346125
0.7590933
0.6164661
0.62620085
1.1771502
0.62401754
0.7927708
0.46950433
0.75852364
1.1039746
0.44437292
0.35117412
1.1635774
1.1403307
1.1409248
0.28371635
0.7637983
1.1408788
1.1585792
0.57389754
0.45578435
0.6935272
0.5468616
0.65290946
0.7837606
0.6047989
0.8212769
1.0957797
1.0959901
0.6520758
0.7734634
1.1164306
0.42549744
0.5145479
0.52806544
0.67143536
1.1585631
0.6625756
0.66162866
1.0787808
1.095952
0.43712837
0.7573478
0.417067
1.2506206
0.44530058
0.84553665
1.1341662
0.76399267
0.8319324
0.9412732
0.90605557
1.107521
0.7574138
0.7627015
0.2992447
0.8685407
1.1588314
0.49402887
0.616931
0.8794973
0.84750867
0.8222618
0.7418695
0.53586334
0.5852159
0.7273131
0.24124426
0.7945963
0.8252793
0.8148334
0.83521783
0.8544192
0.66234565
1.1518869
0.836898
0.72486067
0.6660426
0.6375433
0.70543605
0.8078552
0.51473296
0.5924153
0.5000464
0.57223386
0.9312017
0.6581992
1.015312
0.33222756
0.74175984
1.0558265
1.1376915
0.76947993
0.33534282
1.0463294
0.7612782
0.44378787
0.915302
0.6758136
1.2307268
0.4260186
0.8111823
0.87299556
0.27002147
0.9614084
0.20159209
0.9227561
0.72189486
0.79605246
0.1595536
0.77244836
0.517047
0.98554415
0.4117829
0.40767342
0.54344755
0.44803894
0.221589
0.54996073
0.55480784
0.48794562
0.4758297
1.0732776
0.70340306
0.54065377
0.74598616
0.42480737
0.86517406
0.93646395
0.83861405
1.2491891
0.91720426
0.18338807
0.9828817
0.5283071
1.0075773
0.5672778
0.5742238
1.0208791
0.48609293
0.696752
0.80388767
0.8879585
