0
79.99
40.27
41.05
43.7
36.45
45.85
39.29
28.02
43.01
42.33
47.81
52.91
39.36
42.62
41.84
8.06
52.52
53.3
52.12
37.43
38.6
55.26
41.72
42.13
53.69
38.41
30.08
37.72
42.23
36.25
43.7
39.0
53.1
41.54
35.08
40.76
32.82
39.78
46.93
33.12
14.59
14.64
41.93
9.13
50.95
9.87
50.66
48.7
55.06
44.7
30.28
71.99
34.4
28.8
36.3
29.0
37.8
25.2
41.1
35.3
28.3
28.6
35.3
24.4
35.3
39.3
40.6
42.8
49.2
46.8
45.7
55.6
54.9
49.2
34.9
46.9
33.4
54.1
49.8
47.1
55.9
38.0
22.9
35.1
61.09
59.8
60.29
56.7
68.3
60.29
50.7
60.29
55.5
71.3
52.2
71.3
67.7
66.0
71.3
64.9
64.3
64.9
60.2
72.3
64.3
55.2
58.8
64.3
54.9
72.99
77.3
71.7
79.4
64.9
65.2
66.7
62.5
74.19
70.7
65.2
57.6
65.2
68.1
75.5
79.3
56.5
79.3
76.8
79.3
73.3
82.6
67.8
11.58
24.45
40.71
10.38
22.14
22.84
34.56
12.45
25.72
33.96
37.34
15.04
21.06
26.4
35.34
40.57
12.47
20.92
34.2
39.61
10.03
24.48
31.54
9.45
22.72
28.47
38.56
40.39
10.76
21.54
7.75
17.82
24.24
32.85
30.39
45.71
50.77
13.18
17.84
47.13
49.97
13.36
22.32
24.54
31.35
40.86
25.69
30.23
39.59
44.3
13.82
29.22
42.35
13.54
26.31
31.64
42.55
42.92
25.37
44.4
47.74
19.52
31.35
45.08
47.82
26.77
33.73
45.84
17.22
29.65
43.58
13.12
24.43
32.66
44.21
13.62
21.6
27.77
45.37
7.32
21.5
31.27
43.5
48.67
31.12
39.15
48.15
22.5
34.67
34.74
45.08
48.97
23.14
48.28
51.04
22.95
48.72
52.04
21.02
33.36
33.94
44.14
15.36
42.03
51.06
42.29
50.6
55.83
60.95
23.52
42.22
52.5
66.42
23.8
38.77
51.33
56.85
58.61
47.4
51.96
17.57
17.37
33.7
51.43
30.45
47.71
63.14
66.95
27.42
55.51
63.53
18.02
38.6
56.63
15.34
26.05
30.22
46.23
16.28
25.62
31.97
36.3
43.06
67.57
81.75
64.02
78.8
41.37
60.28
56.83
39.38
55.65
47.28
52.3
49.25
41.37
29.16
39.4
39.3
67.87
58.52
59.0
76.24
69.84
14.4
19.42
20.73
21.29
23.08
15.82
12.55
15.61
11.98
33.09
34.24
31.81
33.01
29.55
19.42
24.66
29.59
26.2
46.39
39.16
41.2
38.2
41.41
37.81
37.27
33.27
36.56
53.72
48.59
51.72
35.85
53.77
53.46
31.72
39.64
51.26
43.39
39.27
37.96
55.02
49.99
53.66
37.68
56.06
56.81
50.94
41.16
44.28
40.15
57.03
44.42
51.02
35.36
23.35
52.01
38.02
39.3
61.07
56.14
54.77
46.68
46.68
22.75
34.77
36.84
41.67
61.46
44.03
55.45
57.92
33.49
59.59
29.55
62.05
32.01
72.1
39.0
65.7
32.11
40.29
21.97
9.85
23.25
43.73
13.4
24.13
44.52
62.94
25.12
38.61
23.85
32.07
19.2
39.6
43.94
54.32
24.4
15.62
10.22
18.75
23.4
41.68
8.2
15.69
32.63
17.24
19.77
25.75
21.07
11.96
25.45
22.49
39.7
13.09
38.7
7.51
17.58
18.2
17.2
22.63
21.86
12.37
25.73
37.81
21.92
14.54
26.91
8.0
31.9
19.77
11.48
24.44
17.6
10.73
31.38
13.22
20.97
27.04
32.04
36.45
38.89
6.47
12.84
18.42
21.95
24.1
25.08
21.26
25.97
11.36
31.25
32.33
33.7
9.31
26.94
27.63
34.49
36.15
12.54
27.53
32.92
9.99
7.84
12.25
11.17
17.34
17.54
30.57
14.2
24.5
15.58
26.85
26.06
43.7
30.14
20.28
34.29
19.54
43.38
6.9
33.19
4.9
4.57
25.46
24.29
11.41
20.59
29.23
31.02
10.39
33.66
27.87
19.35
39.32
16.11
43.38
20.42
6.94
15.75
38.8
33.0
17.28
24.28
50.73
47.78
2.33
16.89
23.52
6.81
39.7
17.96
32.88
22.35
41.68
9.56
17.17
9.73
3.32
26.32
6.28
32.1
36.96
54.6
21.48
9.69
8.37
4.83
10.35
51.86
11.85
35.76
38.7
14.31
17.44
37.91
39.38
15.87
9.01
33.61
40.66
40.86
17.54
18.91
54.28
14.5
26.06
36.94
59.76
67.31
69.66
71.62
22.53
27.34
31.35
6.27
14.7
23.22
27.92
31.35
39.0
41.24
13.52
37.42
11.47
21.16
31.84
14.8
25.18
17.54
14.2
21.65
29.39
13.52
16.26
37.23
18.13
32.72
39.49
41.05
42.13
18.13
61.92
47.22
51.04
55.16
41.64
13.71
19.69
31.65
24.0
11.47
19.69
14.99
34.68
38.11
33.8
42.42
55.94
58.78
67.11
20.77
29.59
21.75
39.09
24.39
33.76
16.5
15.42
33.42
39.05
27.68
45.3
30.12
15.57
57.21
65.91
18.03
37.36
32.84
42.64
40.06
41.94
40.87
52.42
15.09
37.26
35.23
42.13
31.87
41.54
39.45
44.28
31.18
32.76
32.4
28.63
36.8
18.28
33.06
31.42
31.03
12.18
25.56
32.96
23.84
17.95
19.01
33.72
23.52
29.72
49.77
52.44
40.93
44.86
13.2
29.87
12.46
23.79
13.29
39.42
46.23
44.52
23.74
15.52
43.57
35.86
41.05
28.99
46.24
26.92
10.54
25.1
9.74
39.84
26.97
27.23
30.65
33.05
24.58
21.91
30.88
15.34
23.89
22.93
29.41
28.63
36.8
18.29
40.93
12.18
25.56
36.44
23.84
26.23
17.96
38.63
19.01
33.72
8.54
13.46
32.25
29.73
52.45
40.93
44.87
13.2
37.43
56.62
12.46
23.79
13.29
39.42
46.23
23.74
43.58
41.05
10.54
25.1
29.07
9.74
33.8
37.17
16.5
36.35
38.22
33.42
39.06
26.86
15.57
44.61
53.52
57.22
65.91
33.4
18.03
37.36
35.31
43.8
33.31
38.46
42.14
31.88
39.46
37.92
44.28
32.77
32.4
