0,1,2,3,4,5,6,7,8,9,10,11,12
0.0,0.18,0.06781524926686218,0.0,0.31481481481481477,0.5775052692086607,,,0.0,,0.2872340425531916,0.9999999999999999,
0.0002359225391784276,0.0,,,0.17283950617283939,0.5479977007089482,0.7826982492276005,0.3489619801944185,0.043478260869565216,0.10496183206106868,0.5531914893617023,,0.2044701986754967
,0.0,,0.0,,,0.5993820803295572,,,0.10496183206106868,0.5531914893617023,,
,0.0,0.06304985337243403,0.0,,,0.5283213182286303,,0.08695652173913043,,0.6489361702127658,,0.09933774834437087
,0.0,0.06304985337243403,0.0,0.15020576131687247,0.5497221689978923,0.5746652935118435,0.44854458983895457,0.08695652173913043,0.06679389312977096,,,
,,,,0.28600823045267487,0.5002874113814907,,,0.17391304347826086,0.2366412213740458,,,0.4806843267108167
0.0023032513924937294,0.125,0.27162756598240473,0.0,0.28600823045267487,0.3966277064571758,,0.4503541907264775,0.17391304347826086,0.2366412213740458,0.2765957446808509,,0.7781456953642383
0.0018401733260739476,0.125,,0.0,0.28600823045267487,0.46809733665453146,0.8547888774459321,,0.17391304347826086,0.2366412213740458,,0.9743053104039537,
0.0012492992010329788,,0.27162756598240473,0.0,0.28600823045267487,0.469055374592834,0.82389289392379,0.4635033509443571,0.17391304347826086,0.2366412213740458,0.2765957446808509,0.9999999999999999,0.31843267108167767
0.0009830293128416045,,0.27162756598240473,0.0,0.28600823045267487,0.4460624640735774,0.3717816683831102,0.3929561967463558,0.17391304347826086,0.2366412213740458,,,0.38576158940397354
0.007007315284678365,,,,0.31481481481481477,0.4575589193332056,0.6065911431513903,0.325355327410452,0.13043478260869565,0.22900763358778625,,,0.1801876379690949
0.007099481307606574,0.0,0.28152492668621704,0.0,0.31481481481481477,0.48572523471929496,0.8403707518022657,0.30302176067800923,0.13043478260869565,,,0.9574360784709264,0.23537527593818985
,0.0,0.28152492668621704,,0.31481481481481477,,0.5520082389289392,0.3063590648273604,,0.22900763358778625,0.8936170212765959,0.9967724040546674,0.1859823399558499
0.008086781728827779,0.0,0.28152492668621704,0.0,0.31481481481481477,0.41502203487258094,0.685890834191555,0.24251379934345135,0.13043478260869565,0.22900763358778625,0.8936170212765959,0.984996721972868,0.26352097130242824
,0.0,0.28152492668621704,,,0.384939643609887,,0.24264110794860366,0.13043478260869565,,0.8936170212765959,0.9487366987745222,0.5322847682119205
,0.0,0.28152492668621704,,0.31481481481481477,,,0.2621375114805081,,0.22900763358778625,0.8936170212765959,0.9889807857178878,0.33388520971302427
0.01378163036749066,0.0,0.28152492668621704,,0.31481481481481477,,0.9145211122554068,0.25891842246451274,,,0.8936170212765959,,0.46881898454746135
0.011038679607076014,,,0.0,,0.43150028741138147,1.0,0.26967599959988725,0.13043478260869565,,0.8936170212765959,0.994049119975793,0.5008278145695364
0.00836170623136729,0.0,0.28152492668621704,0.0,0.31481481481481477,0.4527687296416939,,0.2973565277487292,,0.22900763358778625,0.8936170212765959,0.9935195925160119,0.40204194260485654
0.009376431664289083,0.0,0.28152492668621704,0.0,0.31481481481481477,0.3904962636520407,,,,,,0.764284633617429,0.4078366445916115
0.010671589081608293,,0.28152492668621704,0.0,0.31481481481481477,,0.8846549948506693,,0.13043478260869565,0.22900763358778625,0.8936170212765959,0.7717484492410106,0.429083885209713
0.008617185951020727,,0.28152492668621704,,0.31481481481481477,0.562176662195823,,0.3023670307086542,,,0.8936170212765959,0.9774068283826719,
0.011196261026765464,0.0,0.28152492668621704,0.0,0.31481481481481477,,0.8692070030895983,0.282752412043394,0.13043478260869565,0.22900763358778625,0.8936170212765959,0.9579656059307076,
0.012874019836825677,0.0,0.28152492668621704,0.0,0.31481481481481477,0.4100402375934086,0.9485066941297631,0.24166810646636777,0.13043478260869565,,,,
0.018056672662703374,0.0,,,0.31481481481481477,,0.9680741503604532,0.2391764951941001,0.13043478260869565,,0.8936170212765959,,
0.0010241668303924878,,,0.0,,0.43686529986587475,0.6024716786817713,0.20444852640289535,,0.17557251908396948,,,0.2671081677704194
,0.0,0.20161290322580644,0.0,0.23456790123456794,0.4608162483234336,0.28115345005149334,,0.17391304347826086,,0.7021276595744679,0.99125018911695,0.2317880794701987
0.00030650822503076327,0.75,0.09127565982404694,0.0,0.08847736625514402,,0.13285272914521115,,0.08695652173913043,0.12404580152671751,0.6063829787234043,0.9967724040546674,0.006898454746136866
,,,,0.12962962962962965,,0.0,0.41750857059716834,,,,0.9710272832719755,
0.0013079707424580092,,,0.0,0.12962962962962965,0.48055182985246214,0.3820803295571576,,0.08695652173913043,0.08778625954198471,,0.9810630894144939,
0.0018556841933472315,0.0,0.23643695014662755,0.0,0.12962962962962965,0.40639969342785986,,,0.08695652173913043,0.08778625954198471,0.5638297872340423,0.9999999999999999,
,,0.23643695014662755,,0.12962962962962965,0.42632688254454865,0.31307929969104015,,,0.08778625954198471,0.5638297872340423,0.9999999999999999,
0.0025059042453468524,0.0,,0.0,0.12962962962962965,0.4730791339337038,0.850669412976313,,,,0.5638297872340423,0.9895103131776691,
0.002399126535856854,0.0,0.23643695014662755,0.0,0.12962962962962965,0.3910710864150221,0.6086508753861998,0.45086342514708694,0.08695652173913043,0.08778625954198471,,0.9999999999999999,
,,,0.0,0.11111111111111105,0.4893657788848439,0.6189495365602471,0.5169729651083488,,0.10687022900763354,,,
0.0005314158004933805,,,0.0,,0.5652423835983905,0.18743563336766222,,0.13043478260869565,,0.44680851063829796,0.9999999999999999,0.09795805739514349
0.000488817114286318,,,,0.11111111111111105,0.4669476911285687,0.19052523171987643,,,,0.44680851063829796,0.9999999999999999,0.184878587196468
8.182544474601967e-05,0.75,0.12976539589442815,,,0.44587085648591673,,0.5628949976811648,0.08695652173913043,0.5381679389312977,0.9042553191489362,0.9999999999999999,0.3606512141280353
,0.9,0.02785923753665689,0.0,0.03703703703703709,0.7066487832918183,,0.6881030108485119,0.17391304347826086,0.07442748091603052,,0.9975540874476777,0.08498896247240617
0.00015994176905712357,0.85,,,0.05144032921810693,0.5407166123778501,0.3377960865087539,0.7327519573698043,0.043478260869565216,0.24045801526717553,0.5,0.9999999999999999,0.11147902869757173
8.991807114947215e-05,1.0,,,,,0.3872296601441813,0.6542934827087634,0.17391304347826086,,0.26595744680851063,,0.06125827814569537
0.001607285521796815,0.25,,0.0,0.13991769547325106,,0.6519052523171988,0.5543198537769736,0.30434782608695654,,0.7553191489361701,,0.315121412803532
0.0018589437234264,0.25,,,,0.4608162483234336,0.9320288362512874,0.5173185170366195,,0.1851145038167939,0.7553191489361701,0.9525442533662817,0.3507174392935982
0.00033179768254155224,0.8,0.10667155425219943,0.0,0.026748971193415683,,0.1534500514933059,0.49849503041766324,,0.28625954198473275,0.37234042553191493,,
0.0009209858437484687,,0.3793988269794722,0.0,,0.5472312703583061,0.03810504634397528,0.37807927688712273,,0.22519083969465642,0.7021276595744679,0.9667910635937265,0.1376931567328918
0.0017133888457531922,0.0,0.3793988269794722,,,0.4598582103851313,,0.37807927688712273,0.13043478260869565,,0.7021276595744679,0.9496696757274699,0.22488962472406182
0.0009589762288091206,0.0,0.3793988269794722,0.0,,,0.05046343975283214,,0.13043478260869565,0.22519083969465642,0.7021276595744679,0.9848958595995765,
0.002125101214028838,0.0,0.3793988269794722,0.0,0.057613168724279795,0.514274765280705,,0.37807927688712273,0.13043478260869565,0.22519083969465642,,0.9502496343738969,0.16032008830022074
0.0008164560860372072,0.0,0.45344574780058655,,0.10699588477366251,,,0.2838890960179687,0.17391304347826086,0.4026717557251908,0.6489361702127658,0.9950073125220636,
0.000998090589759141,,0.45344574780058655,0.0,0.10699588477366251,0.5221306763747843,,,0.17391304347826086,,0.6489361702127658,0.9655302839275809,
,0.0,,,0.10699588477366251,,,0.26576580672735045,,,,0.9413989611175552,0.282560706401766
0.0009076105306649845,0.0,,0.0,0.10699588477366251,0.4941559685763556,,0.2692486064254471,0.17391304347826086,0.4026717557251908,0.6489361702127658,0.9749357002370266,0.2356512141280353
,0.0,0.45344574780058655,0.0,0.10699588477366251,0.5117838666411191,0.5231719876416066,0.35323591193881915,0.17391304347826086,0.4026717557251908,,0.9735236270109435,0.29277041942604853
0.0008716433022051957,0.0,0.45344574780058655,0.0,,0.4431883502586701,0.34706488156539655,0.30672280369922433,,0.4026717557251908,0.6489361702127658,0.9978818901608755,0.2033664459161148
0.0003912560070891407,0.25,,0.0,,0.6066296225330524,,,0.13043478260869565,0.1793893129770992,0.6808510638297873,0.9999999999999999,
0.0003402275017118153,,0.16129032258064516,,0.08436213991769548,,0.3017507723995881,0.38839127390446393,0.13043478260869565,,0.6808510638297873,0.9999999999999999,0.1376931567328918
0.00032808856210663655,0.25,,0.0,0.08436213991769548,0.4993293734431884,0.45108135942327504,,0.13043478260869565,0.1793893129770992,0.6808510638297873,,0.1594922737306843
,0.0,0.14772727272727273,,,0.541866257903813,0.4644696189495366,0.3318935336322054,,,0.6276595744680851,,0.21771523178807944
0.0005735648963446956,0.0,0.14772727272727273,0.0,0.13168724279835387,,0.5478887744593203,,,0.1145038167938931,0.6276595744680851,0.988400827071461,0.13245033112582782
0.0005248967403350438,0.0,0.10813782991202346,,,0.6740754933895382,0.619979402677652,0.2077767370804499,,0.1583969465648855,0.5531914893617023,0.9978818901608755,0.10954746136865343
,0.0,0.10813782991202346,0.0,,0.5472312703583061,0.6508753861997939,,,0.1583969465648855,0.5531914893617023,0.9880982399515861,0.19536423841059603
0.0003709120434915727,,0.10813782991202346,,0.21399176954732513,0.5449319793063806,,0.17845938400822048,,0.1583969465648855,0.5531914893617023,0.9915527762368249,0.17853200883002204
0.00025210779198533257,,0.5344574780058651,,0.1625514403292181,0.5077601073002492,0.26776519052523173,,0.13043478260869565,,0.5957446808510638,0.998562711180594,0.12362030905077262
0.0004115999706867088,0.28,0.5344574780058651,0.0,0.1625514403292181,0.5150411956313469,0.7662203913491246,0.2260091480326274,0.13043478260869565,0.1583969465648855,0.5957446808510638,0.9999999999999999,0.24448123620309048
0.0013006648991771147,,,0.0,0.12345679012345678,,0.5653964984552008,0.2151151688203039,,0.1698473282442748,0.574468085106383,,0.1357615894039735
,0.0,,0.0,0.12345679012345678,,0.752832131822863,0.2151151688203039,0.043478260869565216,0.1698473282442748,,,0.0684326710816777
0.0007000121838986407,,,0.0,,,0.6138002059732235,0.2151151688203039,0.043478260869565216,,0.574468085106383,0.9999999999999999,
,0.0,0.29692082111436957,0.0,,,,0.14987860215151544,0.17391304347826086,0.37595419847328243,,0.994603863028897,0.21219646799116998
,0.0,0.29692082111436957,0.0,0.2777777777777778,0.6169764322667176,0.7044284243048403,0.15699879056825106,0.17391304347826086,0.37595419847328243,,,
0.0014980350653502061,0.0,0.29692082111436957,0.0,,0.4993293734431884,0.8970133882595263,0.11743309478125653,0.17391304347826086,0.37595419847328243,0.8829787234042552,0.9893842352110546,0.2924944812362031
0.0014195815482722916,0.0,0.29692082111436957,0.0,,0.43878137574247933,0.9660144181256437,,0.17391304347826086,0.37595419847328243,0.8829787234042552,0.9928135559029705,0.40673289183222955
,0.0,0.29692082111436957,0.0,0.2777777777777778,0.4916650699367694,0.8475798146240989,0.09027998799661723,0.17391304347826086,0.37595419847328243,,,0.3410596026490066
0.0013678786573613452,0.0,0.29692082111436957,,,0.5581529028549531,0.9701338825952626,0.11851521792505161,0.17391304347826086,,0.8829787234042552,0.9958142115083968,0.29083885209713023
0.0011420719011872333,0.0,0.29692082111436957,0.0,,0.5046943858976817,0.5303810504634398,0.14987860215151544,,,,,
,0.0,0.3500733137829912,0.0,,,0.8105046343975283,0.14075784993952845,,,0.5531914893617023,0.9966967572746986,0.2326158940397351
0.0013147145977942198,0.0,0.3500733137829912,0.0,,0.45066104617742864,0.9268795056642637,,,0.46755725190839686,,0.9950829593020324,0.3995584988962472
0.0015284948119520898,0.0,0.3500733137829912,0.0,,,0.8372811534500515,0.10247433367585411,,,0.5531914893617023,0.9794240758485048,0.24061810154525382
,0.0,,,,0.5010538417321325,0.7167868177136972,0.14554101610453857,0.21739130434782608,0.46755725190839686,0.5531914893617023,,0.2844922737306843
0.0016259435215603304,0.0,0.3500733137829912,0.0,0.33333333333333337,0.4713546656447595,0.8208032955715756,,0.21739130434782608,0.46755725190839686,0.5531914893617023,,
,0.0,0.3500733137829912,0.0,0.33333333333333337,0.4428051350833492,0.7229660144181256,,0.21739130434782608,,0.5531914893617023,0.8530687377073982,0.37637969094922735
0.0015560322212416157,,0.3500733137829912,0.0,0.33333333333333337,0.41578846522322277,0.6416065911431514,0.14818721639734833,,,0.5531914893617023,0.9863835796056282,0.3278145695364238
,0.0,,0.0,0.4032921810699587,0.44242191990802826,,0.10258345533741327,0.043478260869565216,0.001908396946564861,,0.980457915174744,0.34878587196467986
0.0016191996662241201,0.0,,,,0.4397394136807816,,0.07409360819867418,0.043478260869565216,,0.6914893617021276,0.93295173735438,0.6534216335540839
0.0010359685772308562,,0.9233870967741936,,0.4032921810699587,,0.956745623069001,0.07972246724076786,0.043478260869565216,0.001908396946564861,0.6914893617021276,,0.4373620309050772
0.00182870877200239,0.0,,0.0,0.4032921810699587,0.464648400076643,0.8805355303810505,0.07850394202002382,0.043478260869565216,0.001908396946564861,0.6914893617021276,0.9700438751323819,0.3609271523178808
0.0035867194605635074,,,0.0,0.4917695473251028,,0.9876416065911431,0.06209931889896243,0.13043478260869565,0.4770992366412213,0.9148936170212765,0.9999999999999999,
0.009834002248850959,0.0,0.7855571847507332,0.0,0.4917695473251028,0.39777735198313835,,0.0773217906864662,0.13043478260869565,,,,0.4583333333333333
0.0065609844590101725,0.0,0.7855571847507332,0.0,0.4917695473251028,0.538608928913585,0.9783728115345005,,0.13043478260869565,,0.9148936170212765,,0.2591059602649006
,0.0,,0.0,,,0.9526261585993822,,,0.4770992366412213,0.9148936170212765,,
,,0.7855571847507332,0.0,0.4917695473251028,0.42077026250239513,,0.11061299093380865,0.13043478260869565,0.4770992366412213,,0.6617580311664734,
,0.0,,,0.4917695473251028,0.5315194481701476,0.9814624098867148,0.08921605179641535,0.13043478260869565,,0.9148936170212765,,0.42025386313465785
0.003555360533250129,0.0,0.7855571847507332,0.0,0.4917695473251028,,,0.07613963935290856,0.13043478260869565,0.4770992366412213,0.9148936170212765,0.9529729184527712,0.41859823399558493
0.0060492382365807396,,,0.0,0.4917695473251028,0.49626365204062084,0.9783728115345005,0.049022906455455637,0.13043478260869565,0.4770992366412213,0.9148936170212765,0.9999999999999999,
0.003198610585964598,0.0,,0.0,0.4917695473251028,0.5006706265568118,0.9340885684860968,0.04385781447498842,0.13043478260869565,,,0.9777598466891926,
,,0.7008797653958945,0.0,0.9999999999999999,,1.0,,0.17391304347826086,,0.22340425531914887,0.9999999999999999,
0.031172572110921132,0.0,0.7008797653958945,,0.9999999999999999,0.25713738264035246,0.9773429454170957,,0.17391304347826086,0.41221374045801523,0.22340425531914887,0.9999999999999999,0.760485651214128
0.026551682434549757,,,0.0,,,0.9557157569515963,0.030117578590330027,0.17391304347826086,0.41221374045801523,0.22340425531914887,,0.7671081677704195
0.030658128346357214,0.0,0.7008797653958945,,,0.3901130484767198,,,0.17391304347826086,0.41221374045801523,0.22340425531914887,,
0.018548749307068863,0.0,0.7008797653958945,0.0,,,0.972193614830072,0.044412516254580856,0.17391304347826086,0.41221374045801523,0.22340425531914887,,
,0.0,0.7008797653958945,0.0,0.9999999999999999,0.35313278405824866,,0.04201183970027918,0.17391304347826086,,,0.8605577689243029,0.31870860927152317
0.01259145229823846,0.0,0.7008797653958945,1.0,,,0.8764160659114315,0.04370322545444626,,,0.22340425531914887,,
,0.0,0.7008797653958945,0.0,0.9999999999999999,0.41157309829469246,0.984552008238929,0.0448853767880039,0.17391304347826086,0.41221374045801523,,,
0.015820297835627068,0.0,0.7008797653958945,1.0,0.9999999999999999,0.4920482851120903,0.9588053553038105,0.0563613381953096,0.17391304347826086,,0.22340425531914887,,
0.01368170891092581,,0.7008797653958945,,0.4526748971193414,0.6480168614677141,0.9732234809474769,0.06799188862315746,0.17391304347826086,,0.22340425531914887,0.9156034091482173,0.07891832229580573
,0.0,0.7008797653958945,1.0,0.4526748971193414,0.5152328032190076,0.9237899073120494,0.060817139375642246,0.17391304347826086,,0.22340425531914887,0.8537999899137627,0.10402869757174393
0.016376778298453364,0.0,0.7008797653958945,0.0,,0.7526346043303315,0.9052523171987641,0.07650337822477245,,,0.22340425531914887,0.9433405618034193,
0.017002383278475815,0.0,0.7008797653958945,1.0,,,,0.09388100282806973,0.17391304347826086,0.41221374045801523,,0.9786928236421403,0.043874172185430466
0.03279401972892399,0.0,0.7008797653958945,0.0,,0.48668327265759725,,,0.17391304347826086,0.41221374045801523,0.22340425531914887,,
0.02578490608282263,,0.7008797653958945,0.0,,0.5284537267675801,0.9598352214212151,0.08824305031417946,,0.41221374045801523,0.22340425531914887,0.7483231630440264,0.2585540838852097
0.027461091326637734,0.0,0.7008797653958945,0.0,0.4526748971193414,,,0.10301994198364996,0.17391304347826086,0.41221374045801523,0.22340425531914887,0.8314085430430178,
0.025936642827887366,0.0,0.7008797653958945,0.0,0.4526748971193414,,,0.11449590339095565,0.17391304347826086,0.41221374045801523,,0.8770235513641635,
0.0014928647762591117,0.0,0.1315982404692082,0.0,0.257201646090535,0.3853228587852079,0.8815653964984552,0.13335576389709825,0.17391304347826086,0.20801526717557245,0.4255319148936172,0.9999999999999999,0.3576158940397351
,0.0,,0.0,0.257201646090535,0.5470396627706459,,,0.17391304347826086,0.20801526717557245,,0.9964698169347925,
0.0006779822564670202,0.0,,0.0,0.257201646090535,,0.3110195674562307,,0.17391304347826086,0.20801526717557245,,,0.09933774834437087
0.0005387216437742751,0.0,0.1315982404692082,0.0,0.257201646090535,0.5276872964169382,0.7260556127703399,0.19895606943775063,,,0.4255319148936172,,0.12582781456953643
0.0006755095095104097,0.0,,0.0,0.257201646090535,0.6321134316918952,,,,,0.4255319148936172,0.9858036209592012,0.1432119205298013
,,,0.0,,0.49492239892699763,0.6107106076210093,0.13351944638943702,0.08695652173913043,0.011450381679389277,0.5531914893617023,,0.21302428256070638
0.0009521199758839734,,,,0.2119341563786007,0.6886376700517342,,,0.08695652173913043,0.011450381679389277,,,
,0.0,0.07331378299120235,0.0,0.2119341563786007,,0.9546858908341915,0.1561712846347607,0.08695652173913043,,,0.9999999999999999,
0.0008627638926791854,,,0.0,,,0.8949536560247168,0.16898398639616619,0.08695652173913043,0.011450381679389277,,0.9851227999394826,0.3380242825607064
0.0009027774343407005,0.45,0.1092375366568915,,0.10699588477366251,0.6930446445679249,0.24098867147270858,,0.17391304347826086,,,0.9838368046800141,0.031456953642384114
,,0.09054252199413491,,,0.6206169764322668,0.07209062821833163,,0.0,0.14885496183206098,,0.9910988955570125,0.09105960264900662
,0.6,0.09054252199413491,0.0,,0.5830618892508143,0.16374871266735327,0.46285771444679863,0.0,0.14885496183206098,,0.94906450148772,0.07312362030905077
,0.8,0.0,0.0,0.07613168724279828,0.8265951331672735,,,0.13043478260869565,0.1297709923664122,,0.9932674365827828,0.03421633554083886
0.00037979145301758306,,,0.0,0.039094650205761305,0.7139298716229162,,0.5619219961989289,0.043478260869565216,,,0.9999999999999999,0.06484547461368653
,0.8,0.03885630498533725,,0.039094650205761305,,0.364572605561277,0.5619219961989289,0.043478260869565216,0.27099236641221375,0.0,0.9881486711382319,0.13493377483443708
0.00028301712894296366,0.9500000000000001,0.03702346041055718,,,0.6541483042728492,0.12770339855818746,,,0.41030534351145037,0.46808510638297873,0.9999999999999999,
0.0001288076369216189,0.9500000000000001,,,,0.6848055182985245,0.11328527291452112,,,0.41030534351145037,0.46808510638297873,0.9682283524131323,0.0750551876379691
0.00017365427490741815,,0.057551319648093846,0.0,,0.7758191224372485,0.13182286302780638,0.46744082423228356,0.043478260869565216,0.30725190839694655,,,
0.0003234802609602261,0.9500000000000001,0.08137829912023462,0.0,0.0639917695473251,0.822379766238743,,,,0.07061068702290074,0.22340425531914887,0.9896111755509607,0.05739514348785872
0.00015477147996602894,,,0.0,,0.8570607396052886,0.29866117404737386,0.3626840291354837,,0.07061068702290074,,0.9839880982399516,
0.0014561107646767647,,0.37133431085043994,1.0,,0.47959379191415985,,0.28277059898698725,0.13043478260869565,0.17175572519083965,0.6382978723404256,0.9607141056029048,
0.004826240071358981,0.0,0.37133431085043994,,0.21399176954732513,0.3416363287986205,1.0,,0.13043478260869565,0.17175572519083965,,0.9999999999999999,0.5894039735099337
0.001889853060384031,,,,0.21399176954732513,,,0.24984313761150873,0.13043478260869565,0.17175572519083965,0.6382978723404256,0.9907963084371375,0.4288079470198675
0.004152641320860498,,0.37133431085043994,,0.21399176954732513,,0.8825952626158599,0.23055588393092602,,0.17175572519083965,0.6382978723404256,0.9958142115083968,0.613962472406181
0.0023701279579111494,0.0,0.37133431085043994,1.0,0.21399176954732513,0.4303506418854187,0.5242018537590113,0.22942829342814797,0.13043478260869565,0.17175572519083965,0.6382978723404256,0.9849715063795451,0.3945916114790287
,0.0,0.37133431085043994,0.0,,0.5391837516765664,,0.2560539788485846,0.13043478260869565,0.17175572519083965,0.6382978723404256,,0.21109271523178808
0.0031834369114581247,0.0,0.37133431085043994,0.0,,0.35466564475953255,0.07106076210092689,,0.13043478260869565,0.17175572519083965,0.6382978723404256,0.8790407988299965,
0.002154661779919227,,,,0.21399176954732513,,0.40679711637487126,0.2560539788485846,0.13043478260869565,0.17175572519083965,,,0.2135761589403974
0.0004414977293439083,0.0,0.49230205278592387,,0.33950617283950624,0.44587085648591673,0.5468589083419155,,,0.1698473282442748,,0.9896616067376066,0.3250551876379691
,0.0,0.49230205278592387,0.0,0.33950617283950624,0.5903429775819123,0.8465499485066941,0.20837690621902538,0.17391304347826086,0.1698473282442748,0.404255319148936,0.9896111755509607,
0.0011730936357338012,0.0,0.49230205278592387,1.0,,0.4579421345085265,0.9361483007209063,0.16001782320472135,,,,0.9999999999999999,0.44674392935982343
,0.0,0.21041055718475074,1.0,0.2510288065843621,,0.8815653964984552,0.15750802498886046,0.30434782608695654,,0.5106382978723403,0.9868878914720863,0.22019867549668876
0.004511526822335829,,0.21041055718475074,1.0,0.2510288065843621,0.4987545506802068,,0.1744491629459211,0.30434782608695654,0.22900763358778625,0.5106382978723403,,
0.006937628779537524,0.0,,1.0,0.2510288065843621,0.6357539758574439,0.7703398558187435,0.1948276332420955,0.30434782608695654,0.22900763358778625,0.5106382978723403,0.983584648746785,
0.006838044515739485,0.0,0.21041055718475074,0.0,,0.5857443954780609,0.8022657054582903,0.1948276332420955,0.30434782608695654,0.22900763358778625,,0.9999999999999999,0.1619757174392936
0.003473197895737299,,0.21041055718475074,0.0,,,0.776519052523172,,,0.22900763358778625,0.5106382978723403,,0.06650110375275937
0.004224126187424328,,0.21041055718475074,,,0.8582103851312511,,0.18969891514881465,0.30434782608695654,0.22900763358778625,0.5106382978723403,0.9759947551565888,0.03863134657836645
0.004564016496369333,0.0,,0.0,0.24485596707818924,0.6901705307530178,0.7929969104016479,0.18969891514881465,,,,0.9374148973725351,
,0.0,0.21041055718475074,,0.24485596707818924,0.7903812990994444,,0.20419390919259067,0.30434782608695654,0.22900763358778625,,,0.060430463576158944
0.005964715249700236,0.0,0.21041055718475074,0.0,0.24485596707818924,,0.6714727085478887,,0.30434782608695654,,0.5106382978723403,0.9532250743860003,0.2737306843267108
0.003654607604281359,0.0,0.21041055718475074,0.0,0.2510288065843621,0.8978731557769687,0.6951596292481977,0.22936463912557176,0.30434782608695654,0.22900763358778625,,0.954738009985375,
0.0036431430502098018,0.0,0.21041055718475074,0.0,0.2510288065843621,,0.6035015447991761,0.22936463912557176,0.30434782608695654,0.22900763358778625,0.5106382978723403,0.9491905794543346,0.2524834437086093
0.0057801584086659445,0.0,0.21041055718475074,1.0,0.2510288065843621,0.5882352941176471,,0.27447735270849055,0.30434782608695654,,0.5106382978723403,0.9786928236421403,0.21550772626931564
0.005681810518346209,0.0,0.21041055718475074,0.0,0.2510288065843621,0.7275340103468096,,,0.30434782608695654,0.22900763358778625,0.5106382978723403,0.9827777497604518,0.08278145695364239
0.0009688672166355626,0.3,0.16385630498533724,,,0.5834451044261352,0.40473738414006183,0.4601569533232092,0.21739130434782608,0.215648854961832,0.4255319148936172,0.9669171415603408,0.15562913907284767
,,0.16385630498533724,0.0,0.08847736625514402,0.4855336271316343,0.6405767250257466,0.47345160908983447,0.21739130434782608,0.215648854961832,,,0.2944260485651214
0.0010855359139520027,0.3,,0.0,,0.5359264226863384,0.5149330587023686,,,,0.4255319148936172,0.9391043421251702,0.26186534216335544
0.0013628207658591873,0.3,,,0.08847736625514402,0.5426326882544549,0.05046343975283214,,0.21739130434782608,0.215648854961832,0.4255319148936172,0.9440465984164607,
0.0020794677929204804,0.22,0.19794721407624635,0.0,0.09465020576131689,,0.6930998970133883,0.6206567305331503,,,0.6914893617021276,0.9804074839880983,0.461644591611479
0.002138364129523385,0.22,0.19794721407624635,,0.09465020576131689,,0.7857878475798147,0.6298047631605271,,0.2729007633587786,0.6914893617021276,0.947652428261637,0.23233995584988965
0.001776668688324633,0.22,0.19794721407624635,0.0,0.09465020576131689,0.5502969917608737,0.47579814624098876,0.6089807127463195,0.26086956521739135,,0.6914893617021276,0.9440465984164607,0.21495584988962468
0.00207272393758427,0.22,0.19794721407624635,0.0,0.09465020576131689,,,0.6089807127463195,0.26086956521739135,,0.6914893617021276,0.9920318725099602,0.13327814569536423
0.0008529853024416803,0.22,,0.0,0.09465020576131689,0.6506993676949607,,0.7072083950931628,0.26086956521739135,,0.6914893617021276,0.9727419436179333,0.04966887417218542
0.004075761370027699,0.22,0.19794721407624635,0.0,0.09465020576131689,0.9001724468288944,,0.7072083950931628,0.26086956521739135,0.2729007633587786,,,0.04994481236203091
,0.8,,,0.014403292181069949,,,0.7357255226472916,,0.24427480916030536,0.404255319148936,0.9956629179484594,0.20750551876379691
0.007309552401329528,0.2,0.12866568914956011,0.0,0.5390946502057613,0.6286644951140065,1.0,0.08012257999981813,,0.14694656488549612,0.042553191489361764,,0.14266004415011038
0.005999670899859593,0.2,0.12866568914956011,0.0,0.5390946502057613,0.6978348342594368,0.8125643666323378,0.08934336040156772,0.17391304347826086,0.14694656488549612,,0.9896616067376066,
0.005932344744086426,0.2,,0.0,,,,0.09186225208922517,,0.14694656488549612,,0.9784910988955571,0.15259381898454746
0.005775212914752723,,0.12866568914956011,,,,0.9124613800205973,0.10538424465076522,0.17391304347826086,0.14694656488549612,,0.9746835443037976,0.1153421633554084
0.006111618898440686,,,,0.5390946502057613,0.6984096570224182,0.913491246138002,0.07279324173176079,0.17391304347826086,0.14694656488549612,0.042553191489361764,0.9772807504160572,0.1757726269315673
0.00848938989239954,0.2,0.12866568914956011,0.0,,,0.6168898043254376,0.07792195982504162,0.17391304347826086,0.14694656488549612,,0.9886529830046901,0.24061810154525382
0.00876004328655945,,,0.0,0.5390946502057613,0.6616210001916077,0.8414006179196704,,0.17391304347826086,0.14694656488549612,0.042553191489361764,0.9676483937667053,0.3603752759381898
,0.2,,0.0,0.39094650205761294,0.7489940601647825,,0.15844465258391,,0.14694656488549612,0.042553191489361764,0.9833577084068789,0.03945916114790288
0.0009478488675043733,0.2,0.2382697947214076,1.0,0.1625514403292181,0.45200229929105185,0.6035015447991761,,0.08695652173913043,,,0.9859801301124614,0.32891832229580575
0.0032914509944264284,0.2,,0.0,0.1625514403292181,0.4397394136807816,,0.3000300084569288,0.08695652173913043,,,0.9791971355085984,0.3109823399558499
,0.2,,0.0,0.1625514403292181,0.5133167273424027,0.13800205973223484,0.3000300084569288,,,0.6382978723404256,0.9999999999999999,0.13410596026490065
,0.2,,0.0,0.1625514403292181,0.5704157884652233,0.5746652935118435,,,0.06870229007633583,0.6382978723404256,0.9951081748953553,0.16556291390728478
0.002422842427122527,0.2,0.2382697947214076,,,0.7913393370377467,0.5036045314109165,0.29434658858405555,,0.06870229007633583,,0.9845428412930556,0.13383002207505518
,0.4,0.21810850439882698,1.0,0.12757201646090532,0.6125694577505268,0.30895983522142123,,0.13043478260869565,0.1278625954198473,,,
0.0010084311679413303,0.4,0.21810850439882698,0.0,0.12757201646090532,0.6309637861659322,0.41091658084449023,0.285325864561831,0.13043478260869565,0.1278625954198473,0.5319148936170215,0.9999999999999999,
,,0.21810850439882698,1.0,0.12757201646090532,,0.474768280123584,0.33260282443234007,,0.1278625954198473,,0.9807100711079731,
0.0006176247512079369,0.4,0.21810850439882698,,,0.6255987737114389,0.2543769309989702,0.3394774891105675,,,0.5319148936170215,0.9913006203035958,0.06705298013245034
0.0008256726883300281,0.4,0.21810850439882698,,0.12757201646090532,0.5596857635562368,,0.27377715538015257,0.13043478260869565,0.1278625954198473,0.5319148936170215,0.9999999999999999,0.15066225165562916
9.767350478611415e-05,0.9,0.02749266862170088,1.0,0.03292181069958855,0.8357922973749762,0.2255406797116375,,0.0,,0.10638297872340408,0.9965202481214382,0.03945916114790288
,,0.09200879765395896,,,0.6757999616784826,,0.5617674071783867,0.0,0.18702290076335876,0.2872340425531916,,
,,,0.0,0.008230452674897082,0.5541291435140833,0.29866117404737386,0.5617674071783867,0.0,0.215648854961832,0.2872340425531916,0.9945030006556055,
0.000149825986052808,0.8,0.047653958944281524,,0.0,0.5114006514657982,0.2945417095777549,,0.0,0.10305343511450377,0.5957446808510638,,0.30905077262693154
0.00036405579056642543,0.525,0.1781524926686217,,0.04115226337448563,0.5073768921249281,0.29248197734294545,,,0.20229007633587787,0.4255319148936172,0.9999999999999999,
0.0008579307963549013,0.0,,0.0,0.10699588477366251,,0.1596292481977343,,0.13043478260869565,0.1946564885496183,0.36170212765957444,0.9999999999999999,0.1890176600441501
0.0008505125554850697,0.0,,,0.10699588477366251,,0.4057672502574665,,,,0.36170212765957444,0.9999999999999999,0.23923841059602652
,,0.4934017595307918,0.0,0.10699588477366251,,0.49536560247167866,,,0.1946564885496183,,,0.15618101545253862
0.0015141079205681742,0.0,0.4934017595307918,,0.10699588477366251,0.4270933128951907,0.5674562306900103,0.47198756013058224,0.13043478260869565,0.1946564885496183,0.36170212765957444,0.9999999999999999,0.38934878587196464
,,0.0652492668621701,0.0,,0.5334355240467522,0.17713697219361485,0.6090989278796752,0.17391304347826086,0.3263358778625954,,0.9277321095365374,0.08940397350993376
0.0005540077158696854,0.7000000000000001,,0.0,0.030864197530864224,0.6667944050584403,0.07312049433573636,0.6090989278796752,,0.3263358778625954,0.23404255319148937,0.9361541177063896,
0.0004254248741259401,,0.0652492668621701,0.0,0.030864197530864224,0.6342211151561602,0.45829042224510813,,0.17391304347826086,0.3263358778625954,,0.9847697816329619,
,,,0.0,,0.5803793830235676,0.3861997940267765,0.39666633323936745,0.26086956521739135,0.27099236641221375,,0.9971002067678653,0.2144039735099338
0.0009704407828806784,0.34,,,0.09876543209876543,,0.1596292481977343,0.39666633323936745,,0.27099236641221375,,,0.19150110375275936
,,0.2063782991202346,0.0,0.09876543209876543,0.6554895573864726,0.15242018537590113,0.39666633323936745,,0.27099236641221375,0.37234042553191493,,0.08636865342163355
,0.33,0.06304985337243403,,0.17901234567901225,0.7041578846522322,0.3934088568486097,0.2630195782447781,0.26086956521739135,0.06679389312977096,0.6170212765957446,0.9918805789500227,0.14348785871964678
,0.33,0.06304985337243403,0.0,0.17901234567901225,,0.568486096807415,0.2037301421309642,0.26086956521739135,,0.6170212765957446,,
,0.33,0.06304985337243403,0.0,,0.739413680781759,,0.17910502050577892,,,0.6170212765957446,,0.13079470198675497
0.00048330963242841293,0.33,,0.0,0.17901234567901225,0.6300057482276299,,0.1866980694559376,0.26086956521739135,0.06679389312977096,0.6170212765957446,,
0.0038561364812451137,,,0.0,0.3271604938271605,0.46196589384939657,0.7600411946446962,0.17940510507506663,0.13043478260869565,0.22328244274809156,0.6170212765957446,0.9983357708406879,
,,0.3460410557184751,,0.3271604938271605,0.27054991377658555,,0.12638107102910823,0.13043478260869565,0.22328244274809156,0.6170212765957446,0.882873569015079,0.3010485651214128
,0.0,,0.0,0.3271604938271605,,0.5139031925849639,,0.13043478260869565,0.22328244274809156,0.6170212765957446,0.9999999999999999,
,0.0,,0.0,0.3271604938271605,,0.8692070030895983,0.22485427711445954,0.13043478260869565,,,0.9969489132079278,0.20833333333333331
0.0027789179888744373,0.0,0.3460410557184751,,,0.41080666794405063,0.7703398558187435,,,0.22328244274809156,,0.9987896515205004,0.2695916114790287
0.0026851783997011124,0.0,0.3460410557184751,,0.3271604938271605,0.4255604521939068,,0.263901645009048,0.13043478260869565,,,0.9999999999999999,0.3921081677704194
,0.0,,0.0,,0.5405250047901896,,,0.13043478260869565,0.22328244274809156,0.6170212765957446,,
0.0018127483143733588,,0.25366568914956017,,0.2222222222222222,0.5489557386472504,0.5087538619979403,,,,0.7446808510638299,,
0.003120157068886684,,0.25366568914956017,0.0,0.2222222222222222,,0.7353244078269825,0.3265920395747893,0.17391304347826086,0.19083969465648848,,0.9854506026526804,0.2762141280353201
0.0037627340848385995,,0.25366568914956017,0.0,,,0.38311019567456234,,0.17391304347826086,0.19083969465648848,0.7446808510638299,0.9999999999999999,
,0.0,0.25366568914956017,0.0,0.2222222222222222,0.5499137765855527,0.121524201853759,0.38977348161754677,0.17391304347826086,0.19083969465648848,,0.9918805789500227,
0.003339894355258207,0.0,,,0.2222222222222222,,,0.38977348161754677,0.17391304347826086,0.19083969465648848,0.7446808510638299,0.9999999999999999,0.12196467991169979
,,0.25366568914956017,0.0,,0.4832343360797088,,0.38977348161754677,0.17391304347826086,0.19083969465648848,0.7446808510638299,,0.30518763796909487
,0.0,0.10190615835777128,0.0,,0.44203870473270757,,0.37146832289099657,0.13043478260869565,0.46374045801526714,,0.9635382520550708,0.22737306843267108
0.0006847261118032305,0.0,0.10190615835777128,,0.154320987654321,0.5311362329948267,,,0.13043478260869565,,0.457446808510638,0.9453073780826062,0.15480132450331124
0.0004396993679209189,0.0,0.10190615835777128,0.0,,0.49492239892699763,0.3017507723995881,0.4313943020305722,0.13043478260869565,0.46374045801526714,,0.9285642241161934,
0.0004935378130216653,0.35000000000000003,0.20527859237536655,0.0,0.10884773662551439,0.4109982755317111,0.262615859938208,0.5011503241822696,0.0,0.22328244274809156,0.457446808510638,,0.29525386313465785
0.00031853476704700516,,0.20527859237536655,,0.10884773662551439,0.4732707415213643,0.21009268795056646,0.5011503241822696,,0.22328244274809156,,,
,0.0,,0.0,0.2674897119341565,0.5267292584786357,0.36663233779608656,0.4845729250970728,0.17391304347826086,,0.8085106382978724,0.9810883050078167,0.13852097130242824
,0.0,0.17338709677419356,0.0,0.2674897119341565,0.47442038704732703,,,,0.07061068702290074,,0.9999999999999999,
,0.0,0.17338709677419356,0.0,0.2674897119341565,0.4422303123203678,,,,0.07061068702290074,0.8085106382978724,0.9999999999999999,0.222682119205298
,0.0,,,0.2674897119341565,,0.583934088568486,0.40787858396457183,,0.07061068702290074,0.8085106382978724,0.9947299409955116,0.24365342163355408
0.0003005511528171107,0.0,0.17338709677419356,,0.2674897119341565,,,,0.17391304347826086,0.07061068702290074,0.8085106382978724,0.9980836149074588,0.18708609271523177
0.0005468142701777276,0.0,0.17338709677419356,0.0,0.2674897119341565,,0.4376930998970134,0.3348761923814893,,,0.8085106382978724,0.9999999999999999,
,0.35000000000000003,0.03885630498533725,0.0,0.11728395061728392,0.7051159225905345,0.47785787847579814,,,,,0.9945534318422513,0.10375275938189846
0.00020973390095614382,0.0,,0.0,0.27366255144032914,0.5707990036405443,0.5849639546858908,0.46715892660658914,0.0,,,0.9825003782338998,0.19094922737306844
0.0002788584181523006,0.0,0.1440615835777126,0.0,0.11728395061728392,0.47001341253113627,0.4696189495365603,0.625994598477753,,,0.6595744680851063,0.9716072419184023,0.24282560706401762
0.0006215586668207264,0.0,0.1440615835777126,,0.11728395061728392,0.44778693236252154,,0.625994598477753,0.08695652173913043,0.3148854961832061,,,0.3018763796909492
,,0.05681818181818181,,,0.5890017244682889,0.2760041194644696,0.6560394292937101,0.13043478260869565,0.17748091603053434,,0.9849715063795451,
0.0002548053341198167,0.4,,0.0,0.09053497942386823,0.6472504311170723,0.32543769309989706,0.6967872764142622,0.0,,0.7553191489361701,0.9822230067073479,
0.0006270661486786315,,0.028958944281524925,0.0,,0.5612186242575207,0.427394438722966,,0.0,0.282442748091603,0.7553191489361701,0.9999999999999999,0.11727373068432673
,,0.045087976539589444,,,0.5782716995593026,,0.8712182524165902,,,,,0.10375275938189846
,,,0.0,,0.4451044261352751,,0.8712182524165902,,,,0.9884764738514297,0.1672185430463576
0.00012105220328497691,0.9,0.057184750733137835,0.0,0.05144032921810693,0.6068212301207127,0.34191555097837284,1.0,0.17391304347826086,0.0,0.46808510638297873,0.9686318019062988,0.07643487858719647
0.0011270106242696968,0.8,0.05315249266862171,0.0,0.057613168724279795,0.4550680206936194,0.17095777548918642,0.85988778655803,,0.28053435114503816,1.0,,0.10596026490066227
0.10089526927539973,0.0,0.6466275659824048,,0.7921810699588477,0.5079517148879095,0.9732234809474769,0.09026180105302405,1.0,,0.8085106382978724,0.9516617075999799,
0.04319866453680729,0.0,0.6466275659824048,1.0,0.7921810699588477,,0.9073120494335736,,1.0,,0.8085106382978724,0.9859801301124614,
0.05839560534419064,,0.6466275659824048,1.0,,0.4916650699367694,0.8290422245108137,0.14486809919159038,1.0,0.91412213740458,,0.9962933077815321,
0.04782506169503657,0.0,,0.0,,0.4887909561218625,0.8074150360453141,0.1254444434340587,1.0,,0.8085106382978724,0.984467194513087,
0.050979050438193244,0.0,,0.0,0.7921810699588477,0.5435907261927572,0.8764160659114315,,1.0,,,0.9436683645166171,0.1672185430463576
0.04305412123743452,0.0,0.6466275659824048,0.0,,0.515424410806668,,0.10602078767652705,1.0,0.91412213740458,0.8085106382978724,0.8833778808815371,
,0.0,0.6466275659824048,0.0,0.685185185185185,0.0,,0.043976029608344167,1.0,,0.8085106382978724,0.893590196177316,0.14873068432671083
0.05498377653201286,0.0,,,,,1.0,,,0.91412213740458,,,
0.06365817285580244,,,,,,0.9670442842430483,,1.0,,,0.9456099652024812,0.05518763796909493
0.07342305058745724,,,1.0,,0.6620042153669284,0.9742533470648815,0.006620047467922774,1.0,0.91412213740458,0.8085106382978724,0.9877704372383883,0.033940397350993384
0.1036977907579509,0.0,0.6466275659824048,,0.5061728395061728,0.5087181452385515,,0.003591921359655914,1.0,,0.8085106382978724,0.922462050532049,0.2152317880794702
,,0.6466275659824048,1.0,,0.4433799578463308,0.8928939237899073,0.0,,0.91412213740458,,0.8763931615310908,
,0.0,0.6466275659824048,,0.588477366255144,0.5916842306955356,0.9309989701338826,0.019578244778073836,1.0,0.91412213740458,,0.9145695698219779,
,0.0,0.6466275659824048,0.0,0.588477366255144,,0.9876416065911431,,1.0,0.91412213740458,,,
0.26572903099341033,0.0,0.6466275659824048,,0.588477366255144,0.5401417896148687,0.96086508753862,0.023324755158271884,1.0,0.91412213740458,,0.9999999999999999,0.6059602649006623
0.2007463649495762,0.0,0.6466275659824048,0.0,,0.5100593983521747,1.0,0.023324755158271884,1.0,,0.8085106382978724,0.9920318725099602,0.5532560706401766
1.0,,0.6466275659824048,,0.588477366255144,0.652807051159226,0.9165808444902164,0.02608917058443745,,0.91412213740458,0.8085106382978724,0.9999999999999999,
,0.0,,0.0,0.648148148148148,0.3753592642268634,1.0,,,0.91412213740458,0.8085106382978724,0.9999999999999999,
0.22567839812754611,,0.6466275659824048,,0.648148148148148,0.15462732324200046,0.9093717816683832,0.028180669097654806,,0.91412213740458,0.8085106382978724,0.7199304049624288,
0.18888954329262894,0.0,0.6466275659824048,,0.648148148148148,0.3287986204253689,0.98043254376931,0.026962143876910774,,0.91412213740458,0.8085106382978724,0.9999999999999999,0.8024282560706402
0.16103629677819056,0.0,0.6466275659824048,0.0,0.648148148148148,,1.0,,1.0,,0.8085106382978724,,
0.0915525568877917,,0.6466275659824048,0.0,0.648148148148148,0.350450277831002,,0.05442442870263438,1.0,,,0.9999999999999999,
0.07818185210545413,,0.6466275659824048,0.0,,0.4123395286453343,,0.07246587674708328,,0.91412213740458,0.8085106382978724,0.993771748449241,
,0.0,,0.0,0.6337448559670781,0.5043111707223605,0.9237899073120494,0.06016240940628724,1.0,0.91412213740458,0.8085106382978724,,0.3708609271523179
0.1500898955916317,,,0.0,,0.4456792488982563,0.945417095777549,0.05933490347279689,1.0,,0.8085106382978724,0.9999999999999999,0.4034216335540839
,0.0,0.6466275659824048,,,0.5575780800919717,,0.05420618537951606,1.0,0.91412213740458,0.8085106382978724,0.9875939280851279,0.42466887417218546
0.08616061975131359,0.0,0.6466275659824048,0.0,0.6337448559670781,0.4188541866257903,0.9886714727085479,0.04581291091125682,1.0,,0.8085106382978724,,0.5019315673289184
0.28144108995089123,,0.6466275659824048,0.0,,,1.0,0.041757222489974447,,,0.8085106382978724,0.9999999999999999,0.6909492273730684
0.10778243153750461,0.0,0.6466275659824048,0.0,0.6337448559670781,,,0.04632214533186625,1.0,0.91412213740458,,0.9475767814816684,
0.27869409287727487,0.0,0.6466275659824048,0.0,,0.3425943667369228,0.9588053553038105,0.052123780338095296,,,0.8085106382978724,0.9999999999999999,0.49779249448123614
0.46670715977137434,0.0,,,,0.37746694769112843,0.8496395468589084,0.043448608244141526,,,0.8085106382978724,0.8299460386302889,
0.7633423805899254,0.0,0.6466275659824048,0.0,0.6337448559670781,,1.0,0.02689848957433459,,0.91412213740458,0.8085106382978724,0.9699177971657674,0.5863686534216335
0.23277405791712882,0.0,,,0.5637860082304528,0.11055757808009192,1.0,,1.0,0.91412213740458,0.8085106382978724,0.9327247970144739,
0.0831469031991501,0.0,0.6466275659824048,0.0,0.4362139917695472,0.3939452002299292,,0.02956287681073759,1.0,0.91412213740458,0.8085106382978724,0.792576529325735,
0.1622119755584699,0.0,,,0.4362139917695472,0.6305805709906113,1.0,0.03054497176477007,1.0,0.91412213740458,,0.4514599828533966,0.49806843267108164
,0.0,0.6466275659824048,,0.4362139917695472,0.42077026250239513,1.0,0.02577089907155654,1.0,0.91412213740458,0.8085106382978724,,0.23123620309050769
0.157855445011278,0.0,0.6466275659824048,,,0.5932170913968192,1.0,0.036182924278660364,,0.91412213740458,0.8085106382978724,0.0875737556104695,
0.5141040990501504,0.0,0.6466275659824048,0.0,0.6337448559670781,,1.0,,1.0,0.91412213740458,0.8085106382978724,,
0.2031955084125099,0.0,,0.0,0.6049382716049384,0.5504885993485343,1.0,,,,0.8085106382978724,,0.7538631346578366
0.2914950542812916,0.0,0.6466275659824048,,,0.3339720252922017,,0.04709509043457703,1.0,,0.8085106382978724,0.32033889757425993,0.6873620309050772
0.8264345191878419,0.0,0.6466275659824048,0.0,,0.45909178003448925,1.0,0.061199065191099314,1.0,0.91412213740458,0.8085106382978724,0.040672752029855264,
0.13269636870365567,0.0,0.6466275659824048,0.0,0.685185185185185,0.625215558536118,,0.06041702661659197,1.0,0.91412213740458,,0.1213626506631701,0.579746136865342
0.12454866748162413,,0.6466275659824048,,0.685185185185185,0.5460816248323433,1.0,0.06631868981258356,1.0,0.91412213740458,0.8085106382978724,0.8029401381814514,0.3667218543046357
0.07886118313298839,0.0,,,0.685185185185185,,0.9515962924819773,0.06774636488464932,1.0,0.91412213740458,0.8085106382978724,,
0.13534782782667573,0.0,0.6466275659824048,0.0,0.47119341563786,0.3998850354474036,0.8722966014418125,0.0747119642808428,1.0,,,,0.3413355408388521
0.0791739856229996,0.0,0.6466275659824048,0.0,0.47119341563786,0.48706648783291817,0.8465499485066941,0.08113195536924041,1.0,,0.8085106382978724,0.005547430531040396,0.5949227373068433
0.09875027368812907,,0.6466275659824048,,0.40946502057613154,,0.6972193614830071,0.08492393310842146,1.0,,0.8085106382978724,0.008396792576529324,0.4257726269315673
0.1781949127052886,0.0,,0.0,0.6049382716049384,0.4474037171872006,0.9526261585993822,0.07092908001345834,1.0,,0.8085106382978724,0.018558676685662415,0.6252759381898454
,0.0,0.6466275659824048,0.0,0.40946502057613154,0.4360988695152327,0.5849639546858908,0.07893133519446392,1.0,,0.8085106382978724,0.06134953855464219,0.38520971302428253
0.42323964020183014,0.0,,0.0,0.6049382716049384,0.5060356390113049,0.780638516992791,0.06668242868444745,,0.91412213740458,,0.046648847647385146,
0.10489583665842867,0.0,0.6466275659824048,0.0,0.6049382716049384,,0.9546858908341915,0.0762578544862643,1.0,,0.8085106382978724,,0.6167218543046358
0.09537845841761279,0.0,,0.0,,0.5340103468097336,0.8568486096807414,0.083941838154389,,0.91412213740458,,,0.4390176600441501
0.11302679063970864,,0.6466275659824048,0.0,0.40946502057613154,0.6269400268250623,0.94129763130793,0.087170020642181,1.0,0.91412213740458,,0.2042715215089011,0.49558498896247244
0.07235853302263642,0.0,,0.0,0.40946502057613154,0.54876413105959,0.7404737384140061,0.09737289599796307,1.0,0.91412213740458,,,0.2842163355408388
,0.0,0.6466275659824048,0.0,,0.550871814523855,0.8753861997940269,0.10786676245123626,1.0,0.91412213740458,,,0.3998344370860927
0.15631222611517515,,0.6466275659824048,,,,,,1.0,,0.8085106382978724,,0.3708609271523179
,0.0,0.6466275659824048,0.0,0.7304526748971193,0.5878520789423259,0.9443872296601441,0.09048913784793895,,0.91412213740458,0.8085106382978724,,0.5943708609271523
,,0.6466275659824048,,0.7304526748971193,0.5556620042153669,0.9309989701338826,0.07938600878429379,,,,,0.4503311258278146
0.1536675108474913,,0.6466275659824048,0.0,,0.45487641310595894,0.8753861997940269,,1.0,,0.8085106382978724,0.17305461697513744,0.8910044150110377
0.10547738178358788,0.0,,0.0,,0.39586127610653377,0.9371781668383111,0.0625267120734025,,0.91412213740458,0.8085106382978724,0.9999999999999999,0.5836092715231787
0.24777801206430763,,,,0.7304526748971193,,,0.06698251325373515,,0.91412213740458,,0.9862575016390136,0.5623620309050772
0.10922640336257619,0.0,0.6466275659824048,,,,,,1.0,,,0.9724141409047354,
0.06361759732619623,,0.6466275659824048,,0.7304526748971193,0.5092929680015329,1.0,,1.0,0.91412213740458,0.8085106382978724,0.9969489132079278,0.41004415011037526
,0.0,,,0.7304526748971193,0.5602605863192184,1.0,0.07718538860951722,,0.91412213740458,,0.9743557415905997,0.47240618101545256
0.14382373000840284,0.0,0.6466275659824048,,,0.4393561985054609,0.9649845520082388,0.06965599396193474,1.0,0.91412213740458,0.8085106382978724,0.6056785516163196,
,0.0,,,0.7304526748971193,0.555278789040046,0.9464469618949536,0.07804926843019398,1.0,,0.8085106382978724,0.10777144586212113,0.613962472406181
0.0706053554303996,0.0,0.6466275659824048,0.0,0.7304526748971193,0.5326690936961104,0.9629248197734295,,1.0,0.91412213740458,0.8085106382978724,0.801074184275556,0.44315673289183216
0.11148188577977175,,,,0.7304526748971193,0.515424410806668,,,,0.91412213740458,0.8085106382978724,0.9788693327954007,0.4059050772626932
0.10478568702127058,0.0,,0.0,0.6748971193415637,0.5027783100210766,0.9866117404737385,0.10293810073748057,1.0,0.91412213740458,,,
0.07543451783907093,,,0.0,0.6748971193415637,,0.9237899073120494,0.10857605325137083,,0.91412213740458,0.8085106382978724,0.0,0.43349889624724064
0.06108606643057179,0.0,0.6466275659824048,,,0.5928338762214985,0.9814624098867148,,1.0,0.91412213740458,0.8085106382978724,0.8950779161833678,0.44150110375275936
0.0571412482516555,0.0,0.6466275659824048,0.0,,,0.9155509783728115,0.1126317416726532,,,0.8085106382978724,,
0.09263550765719814,0.0,,,0.6748971193415637,0.7342402759149261,,0.12031572534077788,,0.91412213740458,0.8085106382978724,0.9469716072419184,0.4141832229580573
0.10685987212751101,0.0,0.6466275659824048,0.0,0.6748971193415637,0.6068212301207127,0.9392378990731204,0.12426229210050109,1.0,0.91412213740458,0.8085106382978724,,
0.05334445769736904,0.0,0.6466275659824048,0.0,0.6748971193415637,0.5679248898256372,0.8609680741503605,,1.0,0.91412213740458,0.8085106382978724,0.1275909022139291,0.4525386313465783
0.05240548823939068,0.0,,0.0,0.6748971193415637,0.4627323242000384,,,,,0.8085106382978724,0.025619042816077464,0.4768211920529802
,0.0,,0.0,,0.5250047901896916,,,1.0,0.91412213740458,0.8085106382978724,0.6855867668566241,0.4001103752759382
0.07637247571874886,,,,,,0.839340885684861,0.14439523865816728,1.0,,0.8085106382978724,0.9999999999999999,0.35789183222958054
0.0540161456888556,0.0,0.6466275659824048,0.0,0.6748971193415637,0.60164782525388,0.8970133882595263,,1.0,0.91412213740458,,0.6427706893943215,
0.07472866098054758,0.0,0.6466275659824048,,,0.5280705115922592,0.8249227600411946,0.14593203539179223,1.0,0.91412213740458,0.8085106382978724,0.9999999999999999,
0.06535728720776066,0.0,,0.0,0.6748971193415637,0.5656255987737114,0.8959835221421216,0.1520428484391056,,0.91412213740458,0.8085106382978724,0.9922335972565435,0.23620309050772625
0.08804103141422692,0.0,0.6466275659824048,0.0,0.5555555555555557,0.5073768921249281,0.6436663233779609,,1.0,0.91412213740458,,0.9999999999999999,0.3170529801324503
0.03548706595985068,0.0,,0.0,,,0.4665293511843461,,,0.91412213740458,0.8085106382978724,,0.34216335540838855
,0.0,0.6466275659824048,0.0,0.5555555555555557,,0.8424304840370752,0.15839918522492702,1.0,0.91412213740458,,0.05469262191739372,0.4254966887417218
0.04963432568415288,0.0,,0.0,0.40946502057613154,0.467905729066871,0.9433573635427395,0.12828160663459703,1.0,0.91412213740458,,,0.5405629139072847
,0.0,0.6466275659824048,0.0,0.40123456790123446,,,0.16175467631787138,,0.91412213740458,0.8085106382978724,0.928992889202683,0.4525386313465783
0.14688993623459987,,0.6466275659824048,0.0,0.40123456790123446,,,0.1540525057061536,1.0,0.91412213740458,0.8085106382978724,,0.3595474613686534
0.04880831580305605,,0.6466275659824048,0.0,0.40123456790123446,0.4993293734431884,0.835221421215242,0.17312151606361792,1.0,0.91412213740458,0.8085106382978724,,
0.0453197194376344,0.0,0.6466275659824048,0.0,0.30246913580246926,,0.9042224510813595,0.17911411397757548,1.0,0.91412213740458,0.8085106382978724,0.996041151848303,
0.04004006749250421,0.0,0.6466275659824048,0.0,0.40123456790123446,0.5510634221115157,0.7425334706488156,0.16067255317407636,1.0,0.91412213740458,,,0.3485099337748344
0.05215888792926325,,0.6466275659824048,0.0,0.47119341563786,,,,1.0,0.91412213740458,0.8085106382978724,,0.2740066225165563
,,,0.0,0.40946502057613154,,,0.11823332029935711,,0.91412213740458,0.8085106382978724,0.8882444903928589,
0.07178609210218109,,,,0.40946502057613154,0.4983713355048859,0.9732234809474769,0.09788213041857251,,0.91412213740458,,0.7626204044581169,0.6172737306843268
0.16878835848716442,0.0,0.6466275659824048,,0.47119341563786,0.3339720252922017,,0.08830670461675562,1.0,0.91412213740458,0.8085106382978724,0.8804276564627567,0.63962472406181
,0.0,0.6466275659824048,0.0,0.47119341563786,0.5027783100210766,0.9660144181256437,0.09465394793078051,,,,0.9566291794845933,
0.16103629677819056,0.0,0.6466275659824048,0.0,0.47119341563786,,0.8764160659114315,,,0.91412213740458,,,
0.06538943291819659,0.0,0.6466275659824048,,0.30246913580246926,,0.6364572605561277,0.20865880384471985,,,,0.9999999999999999,
0.03160687639457309,0.0,0.6466275659824048,,,,0.38516992790937177,0.2699578972255818,1.0,0.91412213740458,0.8085106382978724,,0.23979028697571741
,0.0,0.6466275659824048,0.0,0.40740740740740733,0.44261352749568894,,,1.0,0.91412213740458,0.8085106382978724,0.9340107922739422,0.320364238410596
0.04122012977875209,0.0,0.6466275659824048,0.0,0.40740740740740733,,0.5046343975283213,0.2602642562904091,1.0,,,0.9791214887286298,0.24420529801324503
0.054280729613212925,,,,0.40740740740740733,0.44912818547614497,0.518022657054583,0.18393365402977202,1.0,,0.8085106382978724,0.9781128649957135,0.2682119205298013
0.0016245947504930883,0.0,,0.0,0.4609053497942387,0.36271316344127225,0.9248197734294542,0.0628631705298766,,1.0,0.7978723404255321,,0.45060706401766
,,1.0,0.0,,,0.9824922760041195,0.056906946503105446,,1.0,0.7978723404255321,0.866735589288416,0.6136865342163356
0.0011801746838368222,0.0,1.0,0.0,0.4609053497942387,0.4640735773136616,0.8300720906282183,,,1.0,,0.9999999999999999,0.3206401766004415
0.0018769273376562944,0.0,0.33834310850439886,,0.41152263374485576,,0.5262615859938208,0.11385936036519383,,0.38931297709923657,,,0.2836644591611479
0.0019407691681724197,0.0,,0.0,,0.40410040237593414,,0.15177004428520763,0.21739130434782608,0.38931297709923657,0.7021276595744679,0.9908971708104293,0.43791390728476826
0.0031839988994028096,0.0,,0.0,,0.350450277831002,,0.15177004428520763,0.21739130434782608,0.38931297709923657,0.7021276595744679,,0.5355960264900663
,,,0.0,0.41152263374485576,0.42785974324583254,0.6972193614830071,0.16032700124580562,0.21739130434782608,,,0.9999999999999999,0.3413355408388521
0.00261661587044964,0.0,0.33834310850439886,0.0,0.41152263374485576,0.47097145046943856,0.6426364572605561,0.11635097163746148,0.21739130434782608,,0.7021276595744679,0.9999999999999999,0.3087748344370861
0.001927731047855746,,0.33834310850439886,0.0,0.41152263374485576,0.3847480360222265,0.7270854788877446,,0.21739130434782608,,0.7021276595744679,,0.3689293598233995
,,0.33834310850439886,0.0,0.41152263374485576,,,,,0.38931297709923657,0.7021276595744679,0.9999999999999999,0.347682119205298
,0.0,0.42045454545454547,0.0,,,0.6817713697219361,0.12267093453609655,,,0.8936170212765959,0.9876191436784508,0.21909492273730685
0.0004377886089089926,0.0,0.42045454545454547,0.0,0.3868312757201645,,,,,,,0.9999999999999999,0.20281456953642385
0.0006118924741721581,0.0,0.42045454545454547,0.0,,0.6543399118605097,0.9073120494335736,,0.0,0.1641221374045801,,0.9999999999999999,0.10789183222958057
0.0004618416929414764,0.0,,0.0,0.3868312757201645,0.4730791339337038,0.8022657054582903,0.12507161109039822,0.0,0.1641221374045801,0.8936170212765959,0.9999999999999999,0.1697019867549669
