0
79.99
61.89
40.27
41.05
44.3
47.03
43.7
36.45
45.85
39.29
38.07
28.02
43.01
42.33
56.14
40.56
41.84
28.24
8.06
52.52
41.15
52.12
37.43
38.6
52.91
41.72
42.13
53.69
38.41
37.72
42.23
36.25
53.1
41.54
35.08
15.05
40.76
32.82
39.78
46.93
14.64
41.93
9.13
50.95
54.38
55.06
44.7
30.28
40.86
71.99
36.3
29.0
37.8
40.2
33.4
28.1
41.3
33.4
25.2
41.1
35.3
28.3
28.6
35.3
24.4
39.3
40.6
24.1
46.2
49.2
46.8
45.7
54.9
49.2
34.9
46.9
49.2
33.4
54.1
55.9
49.8
47.1
55.9
55.9
56.1
22.9
35.1
61.09
60.29
61.8
68.3
66.9
50.7
56.4
60.29
55.5
68.5
71.3
74.7
71.3
67.7
71.3
66.0
74.5
71.3
64.9
64.3
72.3
64.3
58.8
64.3
66.1
80.2
54.9
77.3
71.7
77.3
64.9
66.6
65.2
66.7
62.5
74.19
70.7
65.2
75.5
79.3
56.5
79.3
76.8
79.3
82.6
79.3
67.8
24.45
29.45
40.71
10.38
22.84
12.45
24.99
37.34
15.04
26.4
35.34
12.47
20.92
24.9
34.2
39.61
10.03
20.08
24.48
9.45
22.72
28.47
38.56
40.39
10.76
21.54
7.75
17.82
32.85
39.23
18.0
30.39
53.9
40.23
49.97
13.36
22.32
24.54
31.35
25.69
30.23
39.59
13.82
29.22
42.35
13.54
26.31
31.64
42.55
42.92
13.33
25.37
37.4
44.4
47.74
19.52
38.5
45.08
47.82
15.44
33.73
45.84
29.93
29.65
36.97
43.58
44.21
21.6
27.77
45.37
7.32
43.5
48.67
7.4
31.12
39.15
22.5
34.67
34.74
48.97
41.89
48.28
51.04
55.64
35.23
39.94
48.72
52.04
33.36
44.14
45.37
15.36
28.68
30.85
21.78
42.29
50.6
55.83
60.95
23.52
42.22
60.32
56.85
58.61
21.91
47.4
51.96
56.74
17.57
33.73
40.15
46.64
50.08
17.37
33.7
59.3
30.45
47.71
63.14
66.82
66.95
27.42
61.99
63.53
38.6
56.63
15.34
26.05
30.22
37.27
46.23
16.28
31.97
67.57
57.23
64.02
41.37
51.02
55.55
44.13
39.38
55.65
47.28
52.3
49.25
41.37
39.4
39.3
67.87
58.52
53.58
59.0
76.24
69.84
20.73
14.94
23.08
15.52
15.82
12.55
8.49
12.18
16.88
33.09
31.81
32.9
29.55
29.59
24.28
20.73
46.39
39.16
41.2
38.2
41.41
37.81
24.85
27.22
44.64
37.27
33.27
48.59
35.85
53.46
48.99
31.72
55.02
53.66
37.68
56.06
56.81
50.94
41.16
52.96
44.28
40.15
44.42
51.02
53.39
35.36
25.02
23.35
52.01
38.02
39.3
56.14
55.25
46.68
46.68
22.75
34.77
36.84
45.9
41.67
56.34
47.97
61.46
55.45
55.55
57.92
25.61
33.49
59.59
29.55
37.92
61.86
62.05
72.1
39.0
65.7
32.11
40.29
74.36
21.97
9.85
23.25
13.4
24.13
44.52
62.94
59.49
35.75
38.61
23.85
11.65
19.2
48.85
39.6
34.57
54.32
24.4
15.62
10.22
14.6
31.97
23.4
41.68
27.74
8.2
9.62
25.42
27.94
32.63
17.24
19.77
39.44
25.75
24.07
21.82
21.07
14.84
11.96
25.45
22.49
25.22
13.09
38.7
17.58
18.2
17.2
22.63
12.37
25.73
21.92
14.54
26.91
31.9
10.34
19.77
10.73
31.38
13.22
27.04
35.17
6.47
18.42
21.95
24.1
25.08
21.26
25.97
11.36
32.33
33.7
9.31
26.94
29.79
36.15
12.54
27.53
32.92
7.84
12.25
11.17
17.34
17.54
30.57
14.2
15.58
26.85
38.21
30.14
12.73
34.29
19.54
47.71
43.38
33.19
4.9
4.57
11.41
10.39
27.87
19.35
12.79
4.78
16.11
43.38
20.42
13.57
32.53
15.75
7.68
38.8
33.0
17.28
24.28
24.05
36.59
13.66
47.78
2.33
23.52
6.81
39.7
17.96
22.35
7.72
9.56
50.53
17.17
3.32
26.32
54.6
21.48
8.37
39.66
10.09
4.83
10.35
51.86
11.85
27.83
38.7
17.44
31.74
37.91
39.38
33.61
40.66
12.05
17.54
18.91
25.18
30.96
43.89
36.94
14.5
12.64
26.06
36.94
44.09
67.31
69.66
74.17
18.13
27.34
31.35
32.72
6.27
14.7
23.22
31.35
14.99
13.52
37.42
31.84
14.8
17.54
14.2
21.65
29.39
13.52
16.26
31.45
37.23
32.72
39.49
41.05
18.13
26.74
61.92
47.22
55.16
41.64
13.71
19.69
31.65
39.58
48.79
37.42
11.47
14.99
27.92
34.68
38.11
33.8
42.42
48.4
58.78
20.77
29.59
21.75
39.09
74.99
16.5
19.99
36.35
15.42
33.42
39.05
26.86
45.3
15.57
44.61
53.52
57.21
33.4
18.03
32.84
40.06
41.94
61.23
40.87
52.42
15.09
38.46
37.26
35.23
41.54
39.45
37.91
44.28
31.18
23.69
32.4
28.63
36.8
18.28
33.06
31.42
31.03
44.39
12.18
23.84
40.68
19.01
33.72
8.54
13.46
32.24
23.52
29.72
49.77
52.44
44.86
37.43
12.46
23.79
39.42
46.23
44.52
23.74
26.14
15.52
43.57
41.05
28.99
39.84
26.97
27.23
30.65
33.05
24.58
21.91
30.88
15.34
24.34
22.93
29.41
28.63
36.8
18.29
32.72
28.94
40.93
12.18
25.56
36.44
23.84
26.23
19.01
33.72
8.54
13.46
32.25
23.52
29.73
52.45
13.2
37.43
29.87
56.62
12.46
23.79
39.42
44.52
23.74
26.15
15.53
43.58
35.87
41.05
46.25
26.92
10.54
25.1
29.07
9.74
33.8
37.17
33.76
16.5
38.22
39.06
27.68
26.86
15.57
44.61
53.52
57.22
65.91
52.83
18.03
35.31
43.8
40.87
33.31
15.09
37.27
35.23
42.14
31.88
37.92
31.18
23.7
32.4
