0,1,2,3,4,5,6,7
,0.0,,,0.07763975155279502,,,
,,,,,0.3808139534883721,,0.739010989010989
,,,,0.0,,,
,,0.0,0.8482428115015974,,,,
,0.2643294379521425,,,0.0,,,
0.37442922374429216,,,,0.0,0.3808139534883721,,
,,,,,,0.0,
,,,0.560702875399361,,,0.5807827395885601,0.07417582417582418
,,0.0,,,,,
0.2009132420091324,0.528658875904285,,,,,,
,0.211463550361714,,,,,0.19066733567486205,0.07417582417582418
0.634703196347032,,,0.8482428115015974,,0.3808139534883721,0.19066733567486205,
,,0.0,,,,,
,,0.0,0.8482428115015974,0.0,0.3808139534883721,,
0.7431506849315068,,,,0.0,,,
,,0.0,,,,0.5341194179628699,
0.634703196347032,,,0.8482428115015974,,,,1.0
,0.0,,,,,,
,0.105731775180857,,,0.0,,0.19066733567486205,0.4917582417582418
,0.13216471897607124,,,,,,0.07417582417582418
,,0.0,,0.0,,,0.016483516483516484
0.4611872146118721,,,,0.0,,0.19066733567486205,1.0
,,,,,,0.5807827395885601,
,0.0,,0.8482428115015974,,0.3808139534883721,,
,,0.0,0.8482428115015974,0.0,,0.19066733567486205,
,,,,,0.3808139534883721,0.0,
,,,0.8482428115015974,,,,0.07417582417582418
0.5262557077625571,,0.0,0.8482428115015974,,,,
,,0.0,,,,,
0.3093607305936073,,,0.8482428115015974,,,,
0.7431506849315068,,,,,0.3808139534883721,,
0.3093607305936073,0.6608235948803562,,,0.0,0.3808139534883721,0.0,
,,,0.8482428115015974,0.0,0.3808139534883721,,
,,,,,,,
0.7431506849315068,0.13216471897607124,,,,,0.0,0.016483516483516484
,,,,,0.3808139534883721,,
,0.2643294379521425,,,,,,
0.5262557077625571,,,0.8482428115015974,,0.3808139534883721,0.0,0.4917582417582418
,,,,,0.3808139534883721,,
0.3093607305936073,,0.0,,0.0,,,
,,,0.560702875399361,,,,
0.22054794520547943,,0.0,,,,0.5807827395885601,
0.8515981735159817,0.0,,,,,,
0.22054794520547943,0.3683917640511965,,0.560702875399361,,0.5156976744186048,,
,,0.0,,,0.3808139534883721,,0.4917582417582418
,0.0,0.0,,0.0,0.4941860465116279,0.6437531359759159,0.005494505494505494
,0.528658875904285,0.0,0.8482428115015974,,,0.19066733567486205,
0.37442922374429216,,,0.8482428115015974,0.0,0.3808139534883721,0.19066733567486205,
0.547945205479452,0.105731775180857,,,,0.3808139534883721,,
,0.5826377295492489,,,,,,0.9862637362637363
,,0.0,,,0.3808139534883721,0.0,
,0.0,0.0,,,0.9273255813953489,0.5168088309081786,0.07417582417582418
0.6210045662100456,,,0.3857827476038338,,,0.40817862518815873,0.005494505494505494
,,,,0.26708074534161486,0.714825581395349,,
,0.29577072899276574,0.0,,,,,
,,,,,,,
,,,,0.2763975155279503,0.14854651162790722,,
0.4949771689497717,,0.0,,0.4440993788819875,0.14854651162790722,0.7185148018063219,0.005494505494505494
0.6844748858447489,,,,0.3540372670807453,,,0.005494505494505494
,,,0.34424920127795544,0.3602484472049689,0.417732558139535,,
0.5061643835616438,,,,0.3198757763975155,0.4119186046511629,,0.005494505494505494
,,0.0,0.25638977635782756,,0.9688953488372092,,0.005494505494505494
0.5949771689497718,0.5258764607679466,,0.34424920127795544,0.3602484472049689,,0.4059207225288508,0.005494505494505494
,,,,0.3478260869565217,0.5918604651162793,,
,,,,,0.417732558139535,,
,0.4924874791318865,0.0,,,,,0.005494505494505494
,,,0.19249201277955286,,,,
,0.7295492487479133,,,,,0.04465629703963869,
0.7374429223744292,0.29577072899276574,,0.25319488817891367,,,0.7353236327145007,
,,0.0,,0.577639751552795,,,
,0.2609905397885365,0.0,0.03833865814696491,0.7267080745341613,,,
0.8515981735159817,0.330550918196995,0.0,0.4736421725239617,,,0.47039638735574507,
,,,,,,,0.016483516483516484
,,,,0.5124223602484471,,,
0.6543378995433791,0.27017250973845297,,0.2883386581469649,,,,
,,,,,,0.751881585549423,
,0.5912632164718977,,,,0.14854651162790722,,
,0.263494713411241,0.0,,,0.4238372093023255,0.6475163070747618,
0.5061643835616438,0.7868670005564832,0.0,0.4952076677316295,,,0.16532865027596588,
,,,0.25638977635782756,,,0.027596588058203864,
,,,,0.3602484472049689,,0.4059207225288508,0.016483516483516484
,0.5589872008903729,,,,0.5918604651162793,,
,,,,,,,
,,0.0,,,0.417732558139535,,
,,,0.3857827476038338,,,0.40817862518815873,
,,,,0.26708074534161486,,,
,,0.0,,,,,0.07417582417582418
,0.2609905397885365,0.0,0.03833865814696491,,,,
,,,,0.2763975155279503,,,0.07417582417582418
0.7374429223744292,,,,0.5124223602484471,0.14854651162790722,,
,0.27017250973845297,0.0,,,0.14854651162790722,,
,0.29577072899276574,,,,,,
,0.5912632164718977,,0.2707667731629393,0.4440993788819875,,,0.07417582417582418
,,,,0.3602484472049689,,0.4059207225288508,
,,,0.25638977635782756,,,,
,0.5258764607679466,0.0,,,,0.4059207225288508,
0.4207762557077626,,,0.1829073482428114,0.3478260869565217,,,
,,,,,,0.28575012543903666,0.07417582417582418
0.5949771689497718,,,,,,0.4059207225288508,
,,,,,,0.04465629703963869,
0.7374429223744292,,,,0.5124223602484471,,0.7353236327145007,
,,,,0.577639751552795,,,
,,0.0,0.03833865814696491,,0.14854651162790722,1.0000000000000002,
0.8515981735159817,0.330550918196995,,0.4736421725239617,,,0.47039638735574507,
0.7374429223744292,0.29577072899276574,,0.25319488817891367,,,,0.15109890109890112
,,,0.2883386581469649,0.3757763975155279,,,
,,,,,,,
,0.29577072899276574,,,,0.14854651162790722,,
,0.4207011686143573,,,,,,0.15109890109890112
0.4207762557077626,0.5589872008903729,,,,0.5918604651162793,,
,,,,,,0.4059207225288508,0.15109890109890112
,,,,0.34472049689440987,,,
,,0.0,0.19249201277955286,0.6832298136645962,0.417732558139535,,0.15109890109890112
0.6210045662100456,,,0.3857827476038338,,,,
,,,,,,,0.24725274725274726
0.7374429223744292,,,,,,0.5260913196186656,0.24725274725274726
,0.2609905397885365,,,0.7267080745341613,,1.0000000000000002,
,,0.0,,0.2763975155279503,,0.47039638735574507,
0.8378995433789953,0.3260990539788537,0.0,,,,,0.24725274725274726
0.7374429223744292,,,,0.5124223602484471,,,
,,0.0,,,,,
,,,,,,,
,0.5912632164718977,0.0,,,,,0.24725274725274726
,,0.0,,0.3540372670807453,0.4238372093023255,,
,0.5258764607679466,0.0,0.34424920127795544,0.3602484472049689,0.417732558139535,,0.24725274725274726
0.6335616438356164,,,,0.49378881987577633,0.9688953488372092,0.027596588058203864,0.24725274725274726
,,,0.34424920127795544,,0.417732558139535,,
,,,,,,,0.24725274725274726
,,,,,0.417732558139535,,0.24725274725274726
,,,0.5127795527156549,0.34472049689440987,,0.28575012543903666,
0.6573059360730593,,,,,,,
0.5385844748858446,0.5258764607679466,,,,0.417732558139535,,
,,,0.5391373801916934,,0.4828488372093025,0.6931761164074259,
0.2748858447488584,,,0.5391373801916934,,,0.6931761164074259,0.03571428571428572
,,,,,,,
0.30091324200913244,,,,,,,
,,0.47276361819090457,,,,,
,,,,0.14285714285714282,0.42441860465116266,,
0.30091324200913244,,0.47276361819090457,0.6078274760383386,,,0.647767185148018,
,,0.5022488755622189,,,,,0.005494505494505494
,,0.5022488755622189,0.34984025559105425,,0.5970930232558138,,
,,,,,,,0.15109890109890112
,,,0.34984025559105425,,,,
,,0.6266866566716642,,,,,0.005494505494505494
,,0.6266866566716642,,,0.8401162790697674,,
0.2025114155251141,,,0.3218849840255591,,0.8401162790697674,,
,,,0.3218849840255591,,,,
0.2025114155251141,,,,,,,0.271978021978022
,,0.607696151924038,,,,0.46487706974410425,
0.2513698630136986,,,,0.17701863354037264,,0.46487706974410425,
,0.0,0.607696151924038,,0.17701863354037264,,,
,,0.607696151924038,,,,0.46487706974410425,
0.29223744292237447,,,0.5886581469648562,,,,
,,0.5912043978010995,,,0.6639534883720932,0.4129453085800301,0.07417582417582418
,0.0,0.5912043978010995,,0.14285714285714282,,,
,,0.6256871564217892,,,,,
,,,0.32028753993610226,,,,0.03571428571428572
,0.0,0.6256871564217892,,,,,
,0.0,,0.32028753993610226,,0.8345930232558136,0.5233316608128449,
0.20159817351598175,,,,,,0.5233316608128449,
,,,0.4369009584664536,0.13975155279503104,,0.46688409433015554,
,,,,,,0.46688409433015554,
0.1506849315068493,,,,,,,
,,0.8185907046476762,,0.17701863354037264,,,
,,,,,0.7491279069767445,,0.07417582417582418
0.1506849315068493,,,,0.17701863354037264,,0.46688409433015554,
,0.27295492487479134,,0.4784345047923322,,,0.48018063221274465,0.03571428571428572
0.25502283105022827,,,0.4784345047923322,,,0.48018063221274465,
,,,,,,0.48018063221274465,0.15109890109890112
0.25525114155251144,,0.12243878060969515,,,,,0.005494505494505494
,,0.12243878060969515,,0.20807453416149066,,0.48043151028600106,0.03571428571428572
0.25525114155251144,,0.12243878060969515,,,,,
0.25525114155251144,,0.12243878060969515,,0.20807453416149066,,0.48043151028600106,
,,0.5907046476761619,,0.18944099378881984,0.660174418604651,,
,0.0,,0.5862619808306708,0.18944099378881984,,0.4104365278474662,
0.291552511415525,,0.5907046476761619,,,,,
,,,0.5862619808306708,0.18944099378881984,,0.4104365278474662,
,,,0.5862619808306708,,,0.4104365278474662,
,,0.4702648675662169,0.5183706070287539,,,,
,,,,,,,
,,,,0.21739130434782605,,,0.15109890109890112
0.31073059360730587,0.0,,,,,,
,,0.4782608695652174,,,,0.6703462117410941,0.005494505494505494
0.33789954337899536,,,0.5239616613418532,,0.4531976744186048,,0.07417582417582418
,0.0,0.4782608695652174,0.5239616613418532,0.17080745341614906,,,
,0.0,,,,,,0.005494505494505494
0.252283105022831,0.0,0.5017491254372815,,,0.6011627906976744,0.7767185148018065,0.03571428571428572
0.252283105022831,,,,,0.6011627906976744,,0.07417582417582418
,,,,0.27018633540372666,,0.7767185148018065,
0.252283105022831,,,,0.27018633540372666,0.6011627906976744,,
0.25251141552511414,,,,0.3229813664596273,,,
,,0.5017491254372815,,,,,
0.25251141552511414,,,,,,,0.271978021978022
,0.0,,0.2971246006389776,,,,0.005494505494505494
,,,,,,,
,0.0,,0.2971246006389776,,,,0.15109890109890112
0.2511415525114155,,,,,,,
0.2963470319634703,,0.607696151924038,,,,,
0.2963470319634703,0.0,,,0.20807453416149066,0.7424418604651164,,
,0.0,,,,,,
0.34109589041095895,0.0,0.5912043978010995,0.5327476038338659,,,,
,,,,,,,0.07417582417582418
,0.0,,,,0.6610465116279074,,
0.34109589041095895,,0.5912043978010995,,,0.6610465116279074,0.4106874059207226,0.005494505494505494
,,,,,0.6610465116279074,,
0.34109589041095895,0.0,,,,,,
,,,,0.19875776397515527,0.6610465116279074,,0.271978021978022
,,,0.3817891373801916,,,,0.005494505494505494
,,,,0.23602484472049687,,0.4611138986452583,
,0.0,,,,,,
,,,,0.23602484472049687,0.7401162790697673,0.4611138986452583,
0.182648401826484,,,,0.2546583850931676,,,
,,,,,0.7511627906976748,,0.03571428571428572
,,0.6096951524237881,0.3865814696485623,,,,
,,,,0.2546583850931676,,0.468389362769694,
,0.12576516416249306,,,,,,0.271978021978022
,0.11741791875347804,0.6211894052973513,,,,,
,,,0.2915335463258788,0.3354037267080745,0.8133720930232555,,
,0.11741791875347804,,0.2915335463258788,,,,0.271978021978022
0.4301369863013698,,,0.36980830670926523,,,0.6798795785248368,
,,,,,0.465697674418605,0.6798795785248368,
,0.0,,,0.2919254658385093,,,
,,0.4807596201899051,,,,0.6798795785248368,
0.4301369863013698,0.0,,0.36980830670926523,,,,
,,,,0.3664596273291925,,0.706472654290015,0.005494505494505494
,0.0,,,0.3664596273291925,,0.706472654290015,
,,0.48675662168915546,0.3099041533546325,0.3664596273291925,0.5026162790697675,,
,,,0.39696485623003186,0.2763975155279503,0.4479651162790699,0.6653286502759659,0.005494505494505494
,,0.4777611194402799,,,0.4479651162790699,,
0.4422374429223744,0.0,0.4777611194402799,,0.2763975155279503,,,
0.3420091324200913,,0.49925037481259377,0.19408945686900947,,0.5959302325581395,,
0.3420091324200913,,0.49925037481259377,,,,0.7671851480180629,0.03571428571428572
0.3420091324200913,,,0.19408945686900947,,,,0.07417582417582418
0.3420091324200913,,,0.19408945686900947,,,,0.15109890109890112
,,,,,0.5430232558139534,,
,,0.49375312343828087,,,,,0.15109890109890112
,0.0,,,,,0.7400903161063723,
,,,,,,,
,0.0,,,,,0.7400903161063723,
,0.0,,,,,,
,,,0.19568690095846653,,0.5430232558139534,,
,,0.6251874062968515,0.17172523961661357,0.3726708074534161,,,
,,0.6251874062968515,0.17172523961661357,,0.8308139534883718,,
,,,0.17172523961661357,,0.8308139534883718,,
,,,,,0.8308139534883718,,
,0.0,,0.3011182108626198,,,0.4603612644254893,
,,,0.3011182108626198,,0.7343023255813952,,
,,,0.3011182108626198,,0.7343023255813952,,
,,,,,0.7343023255813952,,0.15109890109890112
,,,,,,,0.271978021978022
,0.0,,,,,0.4001505268439538,0.07417582417582418
,,0.5872063968015993,0.4233226837060704,,,,
0.25502283105022827,,,,,,,0.005494505494505494
0.2545662100456621,,0.8705647176411794,0.2619808306709266,,,,0.005494505494505494
,,,0.2619808306709266,,,,
,,,,,,,
0.39999999999999997,,,0.31070287539936103,,0.7578488372093024,,0.005494505494505494
,,0.12243878060969515,0.31070287539936103,0.3478260869565217,,0.4729051680883092,
0.39999999999999997,,0.12243878060969515,,0.3478260869565217,0.7578488372093024,0.4729051680883092,
0.39999999999999997,0.27212020033388984,0.12243878060969515,0.31070287539936103,,,,
,0.1519198664440735,0.6186906546726637,,,,,
,,0.6186906546726637,0.15175718849840258,,,,
,0.1519198664440735,,,,0.7985465116279071,,
,0.1496939343350028,,0.26996805111821076,0.29813664596273287,0.6200581395348834,,
0.2577625570776256,,,0.26996805111821076,,,,0.03571428571428572
,0.1496939343350028,0.6091954022988506,,0.29813664596273287,,,0.271978021978022
,,0.6201899050474763,0.2931309904153354,0.35093167701863354,,,
,0.0,0.6201899050474763,0.2931309904153354,,,0.5040140491721024,0.03571428571428572
0.2668949771689498,,,,,0.8072674418604655,,
0.2668949771689498,,,,,0.8072674418604655,,0.271978021978022
,,0.0,0.7412140575079871,,,,0.005494505494505494
,,,,,,0.42247867536377326,
0.6255707762557077,,0.0,0.7412140575079871,0.0,,,
,0.0,0.0,,,,,
,,,,0.0,,0.42247867536377326,
,0.0,,0.14536741214057503,,0.47965116279069786,,0.07417582417582418
,,0.0,,,0.9563953488372094,,
,,,0.584664536741214,,,0.09031610637230303,
,,,,,,,0.07417582417582418
,0.0,0.0,,,,,
,,0.0,,,0.15697674418604635,,
,0.0,0.0,,0.21428571428571427,,,
0.7947488584474884,,0.0,,,0.9401162790697679,0.048168590065228445,0.07417582417582418
0.6735159817351597,,,0.3610223642172523,0.6459627329192545,,,
,0.04869226488592098,,,,,,
,,,,,,,0.07417582417582418
0.2237442922374429,,,,,1.0,,
0.9452054794520546,,,,,,0.5218263923733064,
0.09817351598173513,,,,0.17701863354037264,,,0.07417582417582418
,0.3561491374513078,,,0.19875776397515527,,0.7150025087807326,
,,0.0,,0.18322981366459626,,,
0.33789954337899536,,,,0.29503105590062106,,,
0.8515981735159817,,0.0,,0.29503105590062106,0.7063953488372094,,
,,,0.305111821086262,,0.7558139534883721,,
,,,0.3210862619808308,,,,0.07417582417582418
,,,,0.2795031055900621,,0.15303562468640242,
0.14383561643835613,,,,,0.5947674418604652,0.7699448068238837,
,,,,,,,
,0.3611574846967168,0.592703648175912,0.46405750798722045,,0.5997093023255813,0.38334169593577516,0.005494505494505494
,,,,,,,
,,0.8670664667666167,,0.20186335403726705,,0.5005017561465128,
,0.25987757373400117,,,,,0.38283993978926256,
,0.0,,,0.3074534161490683,,0.5140491721023583,
0.2545662100456621,,0.8705647176411794,0.29872204472843444,,,,0.005494505494505494
,,,,,,0.40215755143000487,
0.14383561643835613,0.35754034501947696,0.6601699150424788,,,0.5953488372093023,0.38283993978926256,
,,0.592703648175912,,0.11180124223602483,,,
0.14931506849315068,,0.6426786606696652,,,,,0.03571428571428572
,,0.8670664667666167,,,0.5965116279069771,0.5005017561465128,
,,,,,,0.38283993978926256,
,,,,,,0.5140491721023583,0.03571428571428572
,,,0.5591054313099042,0.16459627329192544,,,0.03571428571428572
,,0.8705647176411794,,,,,
,0.0,0.7176411794102948,,,,,
0.14383561643835613,0.35754034501947696,0.6601699150424788,0.42571884984025554,,,0.38283993978926256,
,,0.592703648175912,,,0.5997093023255813,,
,0.36143572621035064,0.6426786606696652,,0.24223602484472045,,0.38283993978926256,
,,,,,0.5965116279069771,0.5005017561465128,
,,,0.33706070287539935,,,,
,0.25987757373400117,,,,,,
0.2116438356164383,0.0,0.5022488755622189,,,,,0.07417582417582418
,,,,,,,
,0.0,0.7176411794102948,,,,,0.15109890109890112
0.14383561643835613,0.35754034501947696,0.6601699150424788,,,,,
0.1735159817351598,0.3611574846967168,0.592703648175912,0.46405750798722045,0.11180124223602483,,,
0.14931506849315068,,,,,,,
0.16073059360730596,,,,,,,
,0.13939899833055094,0.8670664667666167,0.3434504792332269,,0.5965116279069771,0.5005017561465128,
0.14840182648401828,,,0.33706070287539935,,,0.4417962870045158,
0.20159817351598175,,,,,,,0.15109890109890112
,0.0,,0.5591054313099042,0.16459627329192544,,,
,0.0,,0.29872204472843444,,0.7052325581395347,,
0.2116438356164383,,,0.3865814696485623,0.23291925465838506,,,
0.34109589041095895,,,,,,,
0.14383561643835613,,0.7176411794102948,,0.0,0.5947674418604652,,
,0.35754034501947696,,,0.2515527950310559,0.5953488372093023,0.38283993978926256,
0.1735159817351598,,,0.46405750798722045,0.11180124223602483,,,
,,,,,,,
,0.03784084585420145,,,,,,
,,,,,,,
,,,0.33706070287539935,0.2453416149068323,,,
,0.25987757373400117,,,,0.5994186046511629,0.38283993978926256,
,,,,,,,0.271978021978022
,,,,,,,
,,,0.5678913738019169,,0.7052325581395347,0.40215755143000487,
,0.06677796327212021,,,,,0.29603612644254906,
0.7853881278538812,0.06677796327212021,0.3948025987006497,,,0.4825581395348837,0.29603612644254906,
,,0.3948025987006497,,0.3602484472049689,,,0.07417582417582418
0.7853881278538812,,,,0.3602484472049689,0.4825581395348837,,
,0.06677796327212021,0.3948025987006497,,,,,
0.7853881278538812,,0.3948025987006497,,,,0.29603612644254906,0.016483516483516484
,,0.3948025987006497,,,0.4825581395348837,,0.016483516483516484
0.7853881278538812,,,0.3210862619808308,0.3602484472049689,0.4825581395348837,,0.016483516483516484
,,,0.3210862619808308,,0.4825581395348837,0.29603612644254906,
0.7853881278538812,,,,,,,0.15109890109890112
,,0.3948025987006497,0.3210862619808308,,,0.29603612644254906,
0.6506849315068493,,,0.28115015974440905,0.43167701863354035,0.3982558139534884,0.6297039638735573,
,,,,,,,
,,,0.28115015974440905,,,,
,0.05564830272676684,,,0.3602484472049689,0.3982558139534884,,
0.6506849315068493,,,,0.4440993788819875,,,
,0.05564830272676684,,,,,,
,,,0.28115015974440905,0.3602484472049689,0.3982558139534884,,
0.5776255707762556,,,,0.4068322981366459,,,0.07417582417582418
,0.0528658875904285,,0.18530351437699677,,,,0.07417582417582418
,0.07234279354479689,0.6146926536731635,,,0.06104651162790686,,0.07417582417582418
,0.07234279354479689,0.6146926536731635,0.7044728434504792,0.12111801242236023,,,0.016483516483516484
,,0.6146926536731635,,0.12111801242236023,0.23546511627906996,,
,,0.6146926536731635,0.6325878594249201,,,,
,0.061213132999443524,,0.4488817891373802,,,,
0.7351598173515981,,0.6596701649175413,,,0.23546511627906996,,
,0.061213132999443524,,,,,0.39136979427997987,0.07417582417582418
,,0.6596701649175413,,,,,
,0.061213132999443524,0.6596701649175413,0.4488817891373802,,,,0.15109890109890112
,0.061213132999443524,0.6596701649175413,,,,,
,,,,,,,
0.228310502283105,,,,,0.4098837209302326,,
0.228310502283105,,,,0.05279503105590062,,,
0.228310502283105,0.030606566499721762,0.704647676161919,0.6725239616613419,,,,
0.4155251141552511,,,,,,0.5193176116407427,
0.4155251141552511,0.04173622704507513,,,,,0.5193176116407427,0.005494505494505494
,0.04173622704507513,,,,,,
,0.04173622704507513,0.704647676161919,,,,,
,,,,0.3385093167701863,,,
,,,,0.3385093167701863,,,0.005494505494505494
0.58675799086758,,0.704647676161919,0.25718849840255587,,,,0.016483516483516484
,0.0,,0.7683706070287539,,,0.3153537380832916,
0.42694063926940634,0.0,0.0,,0.0,,,0.24450549450549453
,0.0,,0.560702875399361,,0.405813953488372,,
0.6643835616438356,,,0.560702875399361,0.0,,,
,,,0.560702875399361,0.0,,,0.07417582417582418
,,0.0,,,0.3930232558139535,,0.24450549450549453
,0.0,0.0,,,,0.2965378825890619,
,0.0,0.0,,0.0,,0.6236828901154039,
,0.0,0.0,,0.0,,0.8805820371299549,0.016483516483516484
,,,0.560702875399361,,,0.8805820371299549,0.07417582417582418
,,0.0,,,0.37848837209302344,,0.016483516483516484
,,0.0,0.560702875399361,0.0,,,
,,0.0,0.560702875399361,,,,
0.310958904109589,,,,0.0,,,
0.2089041095890411,,,0.5103833865814695,,,,
0.35045662100456615,0.47384529771841966,,0.5103833865814695,,,0.3268941294530858,0.016483516483516484
0.3899543378995434,,,,,,,0.016483516483516484
0.2712328767123288,,0.0,,0.0,,0.3770697441043651,
,,0.0,0.5103833865814695,,0.6965116279069767,0.35198193677872536,
0.2317351598173516,,0.0,0.5103833865814695,,,,0.016483516483516484
0.6735159817351597,,0.0,,,,,0.016483516483516484
,,,,,0.8825581395348836,,
,0.9518642181413468,0.0,0.5103833865814695,,,,
,0.4095715080690039,,0.5103833865814695,,,,
0.48881278538812784,,0.0,0.5103833865814695,,,,
,0.5662214802448526,,,0.0,,,
,0.0,,,,,,
,,,,,0.8000000000000003,,
,,,,,,0.2767185148018063,
,,,,,,,
,,,,,0.5732558139534887,,
0.1824200913242009,0.7590428491930997,,,,,0.30180632212744607,
,,,,,,0.3268941294530858,
,,,,,,,
,0.9518642181413468,0.0,,,,0.20145509282488705,0.016483516483516484
,,,,,,,
,,,,,,,0.07417582417582418
,,,,,,0.4272453587556446,
0.5415525114155251,,,,,,,
,0.0,,,0.0,,,
0.3436073059360731,,0.0,,,,,
0.48881278538812784,,0.0,,,,0.23908680381334668,
,,0.0,,,,,
,,,,,,,
0.3899543378995434,,,0.5103833865814695,0.0,0.6145348837209301,,
,0.0,,0.6006389776357828,,,0.46914199698946324,
,0.0,,,0.0,,0.46914199698946324,
,,,0.6006389776357828,0.0,,,
,,,0.6006389776357828,,,0.46914199698946324,
0.5410958904109588,,0.0,,,,,
,,,,0.0,,,
,,0.0,,,0.48546511627906996,0.7300551931761163,0.005494505494505494
,,,,0.0,,,
,0.0,,,,,0.7300551931761163,
,0.0,0.0,,,0.48546511627906996,0.7300551931761163,
0.3059360730593607,,0.0,,0.0,,,
,0.0,,,0.0,,,1.0
,,0.0,,,0.48546511627906996,,
,,,,,,,
0.39954337899543374,,,0.5527156549520766,0.0,,,
,,0.0,0.5527156549520766,,,,
,,,,,,,
,,,0.5527156549520766,,,,
0.34703196347031967,0.0,,0.6086261980830672,,,,
0.34703196347031967,,0.0,,,0.48546511627906996,,
,,0.0,,0.0,0.48546511627906996,0.674862017059709,0.4917582417582418
,,0.0,,0.0,,0.5469141996989462,
,0.0,0.0,0.5686900958466454,,,0.5469141996989462,1.0
0.4680365296803653,0.0,,0.5686900958466454,,,0.5469141996989462,
,,,,,,,
,,,,0.0,,,
,,,0.5686900958466454,0.0,,,
,,,,,,,0.016483516483516484
,0.0,,,0.0,,,
,,,,0.0,,,
,,0.0,0.47284345047923315,0.0,,0.5995985950827898,
0.5091324200913241,,,,,,,
,,0.0,,,,,
0.3949771689497717,0.0,,,,0.8343023255813953,,
,0.0,,,,0.8343023255813953,,
,,,,0.0,,0.5042649272453588,
0.4520547945205479,,,,,,0.5042649272453588,
,,0.0,0.5127795527156549,,,,
,,0.0,,,,0.37882589061716,0.07417582417582418
,,0.0,0.5207667731629393,0.0,,,0.016483516483516484
,,,0.5127795527156549,0.0,,,0.016483516483516484
0.5662100456621004,,,,0.0,0.7238372093023258,0.4415454089312594,
0.2317351598173516,,,,,,0.09031610637230303,
0.12557077625570773,,0.0,,,,,
,,,,0.0,0.507558139534884,,
,,0.0,,,0.4569767441860466,0.5170597089814353,
,,,,,,,0.005494505494505494
0.0,0.4257095158597663,,,0.0,,,
,,0.0,,,,,
0.04703196347031963,0.5116861435726211,0.0,0.6525559105431309,0.0,,,0.07417582417582418
0.2237442922374429,,0.0,,,0.4779069767441859,,
0.014383561643835613,,,,,,,
0.014383561643835613,,0.0,0.6525559105431309,,0.3988372093023256,0.6397390868038133,
0.0319634703196347,,,,,0.3162790697674418,,
,,,,,,,
0.12557077625570773,,0.0,,,0.3906976744186048,,
,0.5564830272676684,,,,0.3674418604651164,,
,,0.0,0.6525559105431309,,,,
,,0.0,,0.0,,,0.07417582417582418
0.4246575342465753,0.5342237061769617,,,,,0.3105870546914198,0.005494505494505494
0.4641552511415525,,,0.6525559105431309,0.0,,0.09282488710486714,
,,,0.560702875399361,,,,0.016483516483516484
,,,,,,,
0.14794520547945206,,,0.6525559105431309,,,,
,,,,,,,0.07417582417582418
,,,,,,,
,,0.0,,0.0,,,
0.16210045662100453,,0.0,,,,,0.07417582417582418
0.2054794520547945,,,,,,,
0.3059360730593607,,,,0.0,,,
,,0.0,0.6525559105431309,,,0.6397390868038133,0.005494505494505494
0.12557077625570773,,,0.560702875399361,,,0.46964375313597606,
,,0.0,0.560702875399361,0.0,,0.3105870546914198,
0.2511415525114155,,,0.6525559105431309,,,,
0.2511415525114155,,0.0,,,,,0.24450549450549453
0.11643835616438353,,,,0.0,,,0.07417582417582418
,0.4368391764051197,0.0,,0.0,,0.3891118916206724,0.07417582417582418
,,,,,,,0.07417582417582418
,0.8494713411240958,,0.6525559105431309,,,,
,0.8494713411240958,,,,0.4720930232558138,,
0.2237442922374429,,0.0,0.560702875399361,,,,0.016483516483516484
,,,,0.0,,0.25112895132965396,
0.04703196347031963,,,0.6525559105431309,0.0,0.4569767441860466,,0.005494505494505494
,,,,0.0,,,
,,,,,0.3162790697674418,,0.005494505494505494
,0.3227601558152477,,0.560702875399361,0.0,,0.6593075765178125,
,,0.0,,,,,
,,0.0,,,0.4779069767441859,,
,,,0.560702875399361,,,,
,,,0.560702875399361,,,,
,,0.0,0.560702875399361,,,0.8758153537380833,
,,0.0,,,0.49651162790697656,,
,0.5116861435726211,,,,,0.5170597089814353,0.016483516483516484
,,,,,0.4720930232558138,,
,,,,,,,0.005494505494505494
,,,0.560702875399361,,,,
,,,,,0.6133720930232558,,0.326923076923077
,,,,,,0.5694932262920223,
,,0.0,,,,0.5694932262920223,
,0.0,0.0,,,,0.5694932262920223,
,0.0,,,,,,
0.5639269406392693,,0.0,0.560702875399361,,0.7412790697674421,,
,,,,,,0.5393878575012543,0.016483516483516484
,,,,0.0,,0.5393878575012543,
,,,,,,,
,,,,0.0,,0.5393878575012543,0.326923076923077
,,,0.5127795527156549,,0.9244186046511627,,0.07417582417582418
0.4429223744292237,0.0,,0.5127795527156549,,,0.4390366281986955,
,,,,,,,
,,,,,,0.45158053186151537,0.016483516483516484
0.9086757990867578,,,0.6246006389776357,,0.941860465116279,,0.005494505494505494
,,,,0.0,,,0.03571428571428572
,,,,,,,
,,0.0,,,,,0.07417582417582418
1.0,,0.0,,,,,0.24450549450549453
,,,,,0.941860465116279,,
,0.0,,,0.0,,,
0.5662100456621004,,,,,,,
,,,,0.0,,0.45408931259407925,
,,,,,0.47965116279069786,,
,,,,0.0,,,0.005494505494505494
0.6461187214611872,,,,0.0,0.47965116279069786,,
,0.0,,,,0.47965116279069786,0.4239839438033117,0.03571428571428572
,0.0,0.0,,,0.47965116279069786,,
,,,,0.0,,,
,,,0.560702875399361,,0.5145348837209305,,0.9862637362637363
,,0.0,,,,0.5795283492222778,
0.639269406392694,,,,0.0,,,0.07417582417582418
,,0.0,0.5127795527156549,,0.9011627906976742,,
,0.0,0.0,,0.0,,,
0.5410958904109588,,0.0,,,0.7790697674418605,,
0.4406392694063927,0.0,0.0,0.5047923322683707,,0.7790697674418605,,0.016483516483516484
0.4406392694063927,,,,0.0,,0.4390366281986955,
,,,0.5047923322683707,,,0.489212242849975,
0.4429223744292237,,,,0.0,0.8255813953488373,,0.016483516483516484
0.4429223744292237,0.0,,0.560702875399361,0.0,,,
,,0.0,,,0.8255813953488373,,
,,,0.560702875399361,,,0.5795283492222778,
,,,,,,,
,,,,,,,
,0.0,0.0,,,0.7151162790697674,,
0.5639269406392693,0.0,,,,0.7151162790697674,,0.07417582417582418
,0.0,,,,0.7151162790697674,,0.24450549450549453
0.5639269406392693,,,,,,,
,,,0.560702875399361,,0.7151162790697674,0.5318615153035624,
0.4566210045662101,0.0,,0.6485623003194889,,,,
0.9657534246575341,0.0,0.0,,,,,0.4917582417582418
,,,,,,0.04766683391871562,
,0.0,,,0.0,,0.04766683391871562,
,,0.0,,,,0.04766683391871562,
1.0,,,,,,,
,,0.0,,,0.9011627906976742,,
,,,,,,0.4766683391871551,
0.5410958904109588,,,,0.0,,0.40140491721023586,0.07417582417582418
,0.0,,0.5047923322683707,,,,
,,0.0,0.5127795527156549,,,0.4766683391871551,0.016483516483516484
,,0.0,0.5047923322683707,,,0.4766683391871551,
0.4748858447488585,,0.0,,,0.49127906976744207,,
,,,0.560702875399361,0.0,0.49127906976744207,0.6422478675363774,
,,,0.560702875399361,,,0.6422478675363774,0.9862637362637363
,0.0,,,,,,
,,,,,,,
,,,,0.0,,,
,,,,,,,
,,,,0.0,,0.04766683391871562,0.739010989010989
,0.0,,,,,,
,0.0,,,,,0.5168088309081786,
,0.0,,,0.0,,,
0.6735159817351597,,,,0.0,,,
0.8630136986301369,,,,,,0.3186151530356247,0.005494505494505494
,0.528658875904285,0.7396301849075463,,,,,0.07417582417582418
,,,,,,,0.07417582417582418
,0.0,0.8745627186406797,,0.5590062111801242,,0.6271951831409937,
0.4611872146118721,,,0.7364217252396166,0.18633540372670804,0.2732558139534884,,
,0.0,,,0.21739130434782605,,,
,0.41457985531441294,0.5797101449275363,,,,0.3161063723030608,0.07417582417582418
,,0.0,0.3690095846645367,0.3105590062111801,,,
,,,,,,0.2784746613146012,
,0.0,,,,,,
,,0.0,,,0.20058139534883734,,
,,0.0,,0.21739130434782605,0.06686046511627897,,0.07417582417582418
,0.0,0.7496251874062969,0.48083067092651754,,,0.33868539889613647,0.07417582417582418
,,,,,,0.2609131961866533,0.07417582417582418
,,0.7296351824087957,,,,,
,0.0,,,,0.2267441860465116,,0.07417582417582418
,0.0,0.6296851574212894,,,,,
,,,,,,,
,,,,0.3416149068322981,,0.46161565479177114,
0.5022831050228309,,0.0,,,,,0.07417582417582418
0.1415525114155251,0.0,,,0.4037267080745341,,0.6322127446061214,
,,,,,0.20058139534883734,,
,,,,0.18633540372670804,,,
0.4246575342465753,,,0.4408945686900958,,,,
,0.0,,,0.3416149068322981,0.22965116279069786,,
,,0.4297851074462769,,,,,
0.1324200913242009,,,,,,,
,,,0.464856230031949,,,,0.07417582417582418
,0.0,,,,,0.5494229804315103,
0.13013698630136988,,,,,,,
,0.2782415136338342,0.3898050974512744,,0.2795031055900621,,,0.07417582417582418
,0.2559821925431275,,1.0,,0.1511627906976747,0.25338685398896144,
,0.0,0.5647176411794104,,,0.5843023255813953,,
0.12100456621004568,,0.0,,,,0.25840441545408943,
0.1004566210045662,,,,,,,
0.4429223744292237,,,0.7923322683706071,0.3416149068322981,,,
,,,,,,,0.07417582417582418
0.1141552511415525,,,,,,,
,,,,0.24844720496894407,,,
0.10730593607305933,,,,,,,
0.4520547945205479,,,,,,,
,,0.6846576711644178,0.2891373801916932,,,0.5920722528850979,0.07417582417582418
,,0.0,0.4488817891373802,,,,
0.36529680365296807,,,0.584664536741214,,,0.34872052182639246,
,,,0.48881789137380194,0.21739130434782605,,,
,0.4702281580411798,,,,0.4825581395348837,0.12293025589563467,
,0.2810239287701725,0.3898050974512744,,0.3105590062111801,,,
,,,,,0.33720930232558155,,
,,0.0,,,,,
,,0.0,,0.09316770186335402,,,
0.09817351598173513,,0.6696651674162919,,,,0.5469141996989462,0.07417582417582418
0.0958904109589041,,,0.560702875399361,,0.03779069767441845,,0.07417582417582418
,,0.7146426786606697,,,,0.25840441545408943,0.07417582417582418
,,,0.5686900958466454,,0.22093023255813948,,
0.07534246575342468,,,,,0.4651162790697674,,0.07417582417582418
0.37442922374429216,,,0.4488817891373802,,,,
0.48401826484018257,,,,,,0.24084295032614156,
,,,,0.24844720496894407,,,0.07417582417582418
0.1004566210045662,,0.0,,0.09316770186335402,0.5377906976744184,,0.07417582417582418
,,0.9095452273863069,,0.4658385093167701,,0.7275464124435527,
,0.325542570951586,,,,0.4215116279069768,,
,0.0,0.5347326336831585,0.33706070287539935,0.4037267080745341,,0.4766683391871551,
,,0.0,,,,,
0.12100456621004568,0.511964385086255,,,,0.22965116279069786,0.2634219769192172,0.07417582417582418
,0.3728436282693378,,,,0.3575581395348837,,
,,0.0,,,0.5784883720930232,0.5870546914199701,0.07417582417582418
0.09817351598173513,0.0,,,,0.06686046511627897,0.6899147014550928,0.07417582417582418
,0.0,0.0,,,,,
0.12100456621004568,0.0,,,,,,
,0.5759599332220368,,,,,0.11038635223281479,
0.0776255707762557,,,,,,,
,,0.63968015992004,,,,,
,,,,,,,
0.12557077625570773,,,,,,0.2759658805820371,
0.10730593607305933,,,,,0.3895348837209305,,0.07417582417582418
,0.29215358931552593,0.9645177411294353,,,0.4767441860465116,,
,,0.8045977011494253,0.6325878594249201,0.21739130434782605,0.1366279069767442,0.18815855494229816,0.07417582417582418
,0.04173622704507513,,,,,,
,,,,0.21739130434782605,0.28197674418604635,0.10536879076768702,
0.1872146118721461,,,,,,0.07275464124435538,
,0.4952698942682249,,0.7923322683706071,,0.15406976744186052,,
0.3079908675799086,,,,,0.15087209302325588,,0.07417582417582418
,,,,0.24844720496894407,,,0.07417582417582418
,,,,0.2826086956521739,,,0.07417582417582418
,,,,0.24844720496894407,,0.5770195684897141,0.07417582417582418
,,0.5592203898050975,,0.2453416149068323,,,0.07417582417582418
,0.4034501947690596,,,,,0.23758153537380844,
,0.36894824707846413,,0.6269968051118211,,0.3343023255813953,0.3998996487706974,
,,,,0.3074534161490683,,,
,,,,0.24844720496894407,0.19244186046511658,,
0.10525114155251142,,,,0.5,,0.5923231309583545,
,0.0,0.6891554222888556,,,,,0.07417582417582418
,0.4026154702281581,,,,,0.5725037631710992,
,,,0.5878594249201279,0.15527950310559005,0.2738372093023256,,0.07417582417582418
,,,,,,0.29829402910185654,
,0.0,0.9260369815092455,,0.4844720496894409,,,
,,,0.614217252396166,0.3291925465838509,,,
,,,,,0.483720930232558,,
0.48150684931506843,,0.0,,0.29813664596273287,,,
,,,0.37140575079872207,,,0.5022579026593077,
,,,,,,,0.07417582417582418
,,0.6676661669165418,0.47124600638977654,,0.5188953488372094,,
0.1095890410958904,,0.0,,0.3695652173913043,0.779941860465116,,0.07417582417582418
,,0.0,,,,0.5225790265930759,
,0.0,,,,0.7162790697674422,,
,,,,,0.2215116279069771,,
,0.0,0.8280859570214892,,0.3105590062111801,,,
0.3748858447488584,0.3124652198107958,,,,,0.37757150025087816,0.07417582417582418
,,0.5657171414292854,0.45607028753993606,,0.19796511627906987,,
,,,,,0.5372093023255813,,
,,,,0.21739130434782605,,,
,0.4034501947690596,0.0,,,,0.23758153537380844,
0.09908675799086758,,,,,,,
,,,,,0.5776162790697676,0.5725037631710992,
0.07853881278538816,0.44963828603227607,0.6286856571714143,0.3977635782747604,0.3229813664596273,,,
,,,,,,,
,,,0.5335463258785942,0.20186335403726705,,,
,0.29243183082915974,0.40879560219890054,,,,0.2150025087807328,
,,0.5612193903048476,,0.31366459627329185,,0.1603110888108379,0.07417582417582418
,0.4955481357818587,,,0.5683229813664595,,0.2523833416959358,
,0.39732888146911527,0.5557221389305348,0.3674121405750801,,,0.14350225790265947,0.07417582417582418
,,,,,,0.32237832413447065,0.07417582417582418
,,,0.5463258785942491,0.20807453416149066,,,
,,0.0,,,,,0.07417582417582418
,,,0.35782747603833864,,,,
,,,0.41293929712460065,0.3385093167701863,0.23720930232558146,,
,,0.534232883558221,,0.18633540372670804,0.2250000000000001,,
,0.45687256538675575,,,,0.20058139534883734,0.45158053186151537,
0.6027397260273972,,0.0,0.555111821086262,,0.06773255813953494,,0.07417582417582418
0.34269406392694063,,,,,0.10029069767441845,,
0.14292237442922373,0.0,,0.4776357827476039,,,,
0.12237442922374425,0.6775180856983862,,,0.3322981366459627,,,
,,0.7316341829085458,0.6501597444089455,0.35093167701863354,0.08052325581395348,0.29026593075765184,
0.42305936073059364,,0.4692653673163419,,0.28571428571428564,,,0.07417582417582418
,,,0.45607028753993606,,,,
,,0.5627186406796602,,,,,0.07417582417582418
0.42557077625570766,0.33667223149693937,,,,0.3107558139534885,,
0.447945205479452,,0.5347326336831585,,0.34472049689440987,,0.3768188660311089,0.07417582417582418
0.13196347031963473,0.6956037840845855,,0.3722044728434506,0.3788819875776397,,,0.07417582417582418
,,0.0,,,0.1680232558139534,0.5840441545408932,
,,,,,,,0.07417582417582418
,,,,,0.5482558139534883,0.4889613647767186,
,,,,0.26708074534161486,,,0.07417582417582418
