0
24.0
34.7
36.2
27.1
16.5
18.9
15.0
18.9
21.7
18.2
19.9
23.1
20.2
18.2
19.6
15.2
14.5
15.6
13.9
16.6
14.8
21.0
12.7
14.5
13.2
13.1
13.5
18.9
20.0
21.0
24.7
34.9
26.6
25.3
21.2
19.3
20.0
16.6
14.4
19.4
18.9
24.7
19.6
18.7
22.2
25.0
33.0
22.0
17.4
20.9
24.2
21.7
22.8
23.4
24.1
21.4
20.0
20.8
20.3
28.0
23.9
24.8
22.9
23.9
26.6
22.2
28.7
22.0
25.0
20.6
28.4
38.7
43.8
33.2
26.5
18.6
19.3
19.5
19.4
22.8
18.7
18.3
19.2
20.4
19.3
22.0
20.3
20.5
18.8
21.4
16.2
18.0
14.3
23.0
15.6
17.4
17.1
17.8
14.0
14.4
13.4
11.8
13.8
14.6
15.4
19.6
15.3
17.0
13.1
41.3
24.3
27.0
50.0
50.0
50.0
22.7
25.0
50.0
23.8
23.8
22.3
17.4
19.1
22.6
29.4
23.2
24.6
29.9
37.9
32.5
26.4
29.6
29.8
37.0
30.5
36.4
31.1
29.1
50.0
33.3
34.6
34.9
24.1
22.6
24.4
24.4
20.0
21.7
19.3
22.4
28.1
25.0
28.7
21.5
23.0
26.7
21.7
27.5
30.1
50.0
31.6
46.7
24.3
41.7
48.3
29.0
23.3
22.0
20.1
22.2
17.6
18.5
24.3
20.5
24.5
24.8
29.6
42.8
21.9
20.9
50.0
36.0
33.8
43.1
31.0
36.5
22.8
30.7
50.0
43.5
21.1
25.2
32.4
32.0
33.2
33.1
29.1
45.4
35.4
50.0
22.0
23.2
28.5
37.3
23.9
28.6
20.3
29.0
24.8
22.0
26.4
28.4
33.4
22.8
20.3
16.1
22.1
19.4
23.8
16.2
17.8
19.8
21.0
18.5
25.0
24.6
23.0
22.2
19.3
19.4
22.2
20.7
21.1
19.5
20.6
19.0
18.7
23.9
17.5
24.5
26.6
22.9
24.1
18.6
30.1
18.2
20.6
17.8
21.7
22.7
22.6
25.0
20.8
27.5
21.9
23.1
50.0
50.0
13.8
13.8
15.0
10.2
10.9
11.3
12.3
8.8
10.5
11.5
23.2
13.8
13.1
12.5
5.0
6.3
5.6
12.1
8.3
8.5
5.0
11.9
27.9
17.2
27.5
15.0
17.9
7.0
7.2
8.8
16.7
11.7
8.3
10.2
10.9
11.0
9.5
14.5
14.1
16.1
14.3
11.7
13.4
9.6
8.7
8.4
12.8
10.5
17.1
18.4
11.8
14.9
12.6
14.1
13.4
14.9
14.1
14.9
20.0
17.7
20.2
21.4
19.0
19.1
20.1
19.9
19.6
23.2
29.8
13.8
12.0
21.4
23.0
21.8
19.1
20.6
15.2
7.0
8.1
13.6
20.1
21.8
18.3
17.5
16.8
20.6
23.9
22.0
