0
0.11
0.78
2.61
3.76
7.16
20.11
32.75
0.04
0.17
0.37
0.66
1.06
1.59
3.29
4.61
7.11
11.99
21.09
35.01
0.29
0.86
2.94
4.21
5.54
8.25
13.08
21.4
33.14
50.14
0.2
0.35
0.65
1.37
1.97
2.83
3.99
5.19
12.86
0.2
0.35
0.65
0.93
1.37
1.97
2.83
12.86
33.97
50.36
0.26
0.43
0.69
1.09
1.67
2.46
3.43
4.62
11.56
20.63
34.5
54.23
0.28
0.7
2.23
3.09
4.09
5.82
8.28
12.8
32.34
47.29
0.2
0.38
0.97
1.36
1.98
2.91
4.35
5.79
8.04
12.15
0.15
0.55
0.86
1.76
2.49
12.76
21.99
35.64
0.11
0.24
1.28
1.96
2.88
4.14
5.96
9.07
14.93
24.13
0.4
1.83
2.77
5.41
7.87
12.71
21.02
34.58
51.77
0.5
1.28
1.9
2.68
3.76
8.76
14.24
23.05
35.46
51.99
0.08
0.24
0.45
0.77
1.19
1.76
2.59
5.27
7.74
12.4
20.91
33.23
49.14
0.08
0.46
0.75
1.57
2.17
7.84
14.11
24.14
37.95
55.17
0.1
0.23
0.47
0.76
1.15
4.41
7.51
23.96
37.38
0.05
0.17
0.35
0.63
1.01
2.05
2.73
13.96
25.18
62.42
0.03
0.4
3.35
5.06
7.14
15.25
34.62
0.15
0.34
0.63
1.13
1.85
2.84
4.34
6.2
8.62
20.41
32.46
50.94
0.16
1.37
1.94
2.62
3.7
9.45
16.31
27.34
60.85
0.09
0.24
0.78
1.85
2.62
13.73
23.55
37.14
55.87
0.01
0.16
0.39
0.73
1.24
1.96
3.04
4.46
6.31
8.68
20.14
31.77
47.13
0.04
0.17
0.36
1.02
6.0
8.47
12.27
19.59
