0
0.27
0.47
0.78
1.82
11.93
32.75
0.37
0.66
1.06
1.59
7.11
11.99
21.09
35.01
51.8
0.09
0.29
0.56
0.86
1.99
2.94
4.21
5.54
8.25
13.08
21.4
33.14
50.14
0.2
0.93
1.37
1.97
2.83
3.99
5.19
21.51
33.97
50.36
0.2
0.35
0.65
0.93
1.37
2.83
3.99
8.03
12.86
33.97
50.36
0.12
0.43
0.69
1.09
2.46
4.62
6.86
11.56
20.63
34.5
54.23
0.28
1.07
3.09
4.09
5.82
8.28
12.8
20.41
32.34
47.29
0.2
0.97
1.36
1.98
4.35
5.79
8.04
19.18
30.09
0.32
0.55
1.24
1.76
2.49
3.45
4.83
7.37
12.76
21.99
53.07
0.11
0.24
1.28
1.96
2.88
4.14
5.96
9.07
24.13
55.44
0.07
0.4
0.7
1.83
2.77
5.41
7.87
12.71
51.77
0.08
0.83
1.28
2.68
5.57
14.24
23.05
51.99
0.08
0.45
0.77
1.19
1.76
2.59
3.85
5.27
7.74
20.91
33.23
0.08
0.46
0.75
1.11
2.17
2.98
7.84
14.11
24.14
0.23
0.76
1.15
1.65
2.28
4.41
7.51
13.77
23.96
0.05
0.17
0.35
0.63
1.01
1.43
2.05
3.87
7.19
13.96
25.18
41.34
0.03
0.73
1.3
2.16
3.35
5.06
7.14
10.36
15.25
34.62
51.5
0.06
0.34
0.63
1.13
1.85
4.34
6.2
8.62
12.49
20.41
32.46
0.16
0.32
0.59
0.92
2.62
3.7
16.31
27.34
41.77
0.09
0.24
0.47
0.78
1.85
2.62
3.69
5.07
7.95
13.73
0.16
0.39
0.73
1.24
1.96
3.04
8.68
31.77
0.04
0.17
0.36
0.64
1.02
1.62
2.63
4.15
19.59
30.48
46.66
