0
0.3080143
0.4941508
0.47021765
0.5274397
1.1177628
0.67938936
0.57751393
0.5414034
1.2299687
1.3044195
0.61655414
0.62526405
0.37683645
0.88741744
0.46601328
1.3441938
0.8123628
0.5844687
0.8702878
0.58426
0.8528549
1.1956055
0.6927277
0.6034648
1.1264575
0.8110738
0.16067132
1.160541
1.0504133
0.22132653
0.5769521
0.35994712
0.28333816
1.3459305
0.6782263
0.8165461
0.7052802
0.9917524
0.78589654
0.85680825
0.9841204
0.6088704
1.1949203
0.6676196
0.4154319
0.5071085
0.1598116
0.64135
0.70760226
0.1963065
0.3881637
0.39646366
0.610505
1.0908929
0.6861857
0.26131916
0.73648214
0.8809572
1.2203113
1.3424423
0.6081658
0.8056081
0.6575367
0.5912703
0.6452021
0.4902981
1.2048732
0.59321576
0.8158633
1.2085505
1.0935504
0.70179844
0.2714011
0.7950721
0.5860668
0.44544464
0.58316326
0.90976304
1.0457684
0.89839244
0.41251925
1.1686622
0.34716132
0.8983241
0.6880749
0.9052896
0.48907375
0.69617015
0.5584165
0.697885
0.4780002
0.4245335
0.89823043
0.4041198
1.1713728
1.0250167
0.74079823
1.0474024
0.6494906
0.55120546
0.7938414
0.7601286
0.92326194
0.9430906
0.58502245
0.79822
1.0571889
0.40101153
0.3987518
0.8324806
0.94017214
0.24862364
0.3537345
0.746233
0.6743873
0.78008235
0.8127552
0.56133926
1.1400137
1.1121948
0.60018003
0.2031581
0.42800665
1.3042058
0.8087204
0.11150369
0.49782285
0.74926287
0.39999834
0.597341
0.4120028
0.8596645
0.64853317
0.873045
0.74732363
0.40956187
0.6216163
0.70752937
0.9265378
0.8447421
0.7700157
0.9574731
0.5014225
0.4702652
0.65946996
0.51167417
0.7188371
0.8882011
0.5880229
0.49442288
0.9731858
1.008544
0.4498331
0.69524527
0.80435467
0.5564501
0.32106614
0.42240152
0.56865364
0.31834045
0.40712944
0.74940825
1.1188766
0.96083045
0.91451156
0.61308306
0.9414879
0.733255
0.9280068
0.8397928
0.5993365
0.8928202
0.61974156
0.8381257
0.4382793
0.65899646
0.62381107
0.90160424
0.9322418
0.9152011
0.7967316
1.1049122
0.6023944
0.4344347
1.0629879
0.7418913
0.9822008
0.68244344
0.9897006
0.2290936
0.3996061
0.71827805
0.49394926
0.8634418
1.0998737
0.8416136
0.6715535
0.30477095
0.66106474
1.0976437
1.0776854
0.7975152
0.71686685
0.8671301
0.6706109
0.5784162
0.79551685
0.6147861
0.7291289
0.60453314
0.51738614
1.0596886
0.9645076
1.0035037
1.2569511
0.7938267
0.9705712
0.79202235
0.8555813
0.6653965
0.46353605
0.7754949
0.78943
0.4275229
0.9105262
0.8668005
0.77199006
0.5311715
0.928981
0.9111569
0.78115064
0.73452944
0.7470367
1.166004
0.59512895
0.78680384
0.9062335
0.97043705
0.95797503
1.3147557
0.9660605
0.8573905
0.78150237
0.83765155
0.5653811
0.8587738
0.5464861
1.1841933
0.9096388
0.6403589
0.51570106
0.7343071
0.38167337
0.6512661
0.45816898
0.5683373
0.2871616
0.6482334
1.0329549
0.7664671
0.72283596
1.1542768
0.8281868
0.5642145
1.013822
0.31822336
0.59611666
0.65689445
0.8877884
0.7840397
1.0743182
0.6659223
1.1774014
1.066586
0.83908767
1.0390646
1.1679409
0.7183151
0.5351814
0.7525162
0.89633936
1.0271676
0.52683514
0.6011848
0.65523124
0.5257536
0.76283425
0.5584374
0.43153158
0.22612403
1.2221563
0.5627926
1.0520974
0.6696705
0.59378827
0.16979256
0.26659992
0.47532085
0.7657892
0.60039437
0.4002371
0.62585485
0.6938259
0.5878484
0.974343
0.74209446
1.1688268
0.50047994
1.1123595
1.1106323
0.83381957
0.90983135
0.5969643
0.69166327
0.77961206
0.56987226
0.3360514
0.2348438
0.49365342
1.18692
0.9141408
1.2177849
0.9740084
0.9271536
0.35599855
0.4983403
0.3115998
0.24354668
0.80876887
0.47610658
0.18135922
1.3972869
0.78154796
0.59005487
1.1463599
0.5442533
0.3819691
0.8287742
0.5470894
0.74105644
0.43117774
0.40999147
0.4388916
1.1603264
0.48954517
0.7239176
0.88641435
0.77453434
0.83393574
1.269432
0.31703088
0.45327273
0.6380006
0.62206954
0.43583697
0.3939847
0.61578315
0.7927925
0.6269387
0.99877024
0.7172072
1.2968801
1.266429
0.94609356
0.630346
0.95944417
0.7161174
0.23245408
0.96871316
0.63472086
0.5607714
1.2851845
0.88171715
0.46940732
1.088503
0.5914789
0.87695056
1.0343916
0.87710434
0.4576951
0.99520123
1.3133337
0.65319335
0.45614123
0.5795682
0.5656316
0.88799244
0.6526807
0.9348832
0.61941856
0.54180443
0.22353621
0.42508483
0.47986385
0.62768763
0.61541677
0.3552725
0.9579422
0.49727774
0.34780636
0.3599458
1.0951096
0.91700506
0.38260758
0.46805444
0.30261403
1.0133572
0.44299883
0.47539723
0.6412766
0.6511345
0.94149524
0.7069952
0.30971473
0.70902103
0.61484456
0.72007716
0.42585316
0.889175
0.6373245
0.52453303
0.671088
1.0836962
0.63839966
1.2254775
0.4480724
0.80366147
1.2222701
0.763124
0.42365187
0.5923039
0.759924
0.58686167
0.5416468
0.63992643
1.088646
0.8097227
0.18407744
0.6490903
1.1708466
0.6378805
0.36856726
0.61182827
1.1836339
0.8399238
0.72207457
0.59972334
0.91439223
0.61561996
0.8243356
0.7809702
1.0039834
0.64783573
0.64451593
0.15098573
1.0106128
0.6116517
0.39997032
0.65115714
1.1948948
1.0340469
0.7998346
0.8103151
1.055129
0.26795286
0.8679555
0.93375117
1.0372928
0.5628304
0.7794633
1.1057568
0.36196002
0.5823867
0.5587262
0.5621836
0.5535236
0.60791665
0.8190627
0.54594916
0.87929183
0.8607799
0.7735744
0.7386222
0.8067223
0.6109517
0.5677752
0.7606085
0.437125
0.5765638
1.24186
0.46349528
0.37904316
0.25544953
0.3373814
0.7823203
0.56617534
1.1556772
0.87668985
0.8272259
0.7591762
0.26348877
1.1092381
0.33578587
0.6519521
0.6650666
1.2287791
0.870446
0.77204484
0.55014753
0.66963893
0.4811524
0.9230373
1.1698569
0.42877096
0.29625985
0.5795139
1.270525
0.74114454
0.7405462
0.92652726
1.3523134
0.85700345
1.1583052
0.7286637
0.25297594
0.42160285
0.19718486
1.2781274
0.4146247
0.64340013
0.92751473
0.67087805
0.42412975
0.48688215
1.019819
0.5269575
0.43510935
0.9201063
0.72031873
0.60707015
0.4056756
0.9843767
0.6126952
0.9438689
0.7887242
0.23006631
0.78563213
1.1585393
0.5759474
0.5446467
0.93286365
0.5978719
0.5715
0.3011592
0.27264556
0.62068903
1.0066019
0.93501043
0.31114706
0.7206635
1.0318416
0.63637406
0.56626225
0.467526
0.7007387
0.4448348
0.84515566
1.1035963
0.5637193
0.90132415
0.753879
0.72271085
0.38831952
1.2993852
0.7101955
0.3614853
0.7885833
0.9444823
0.9909825
0.60803866
0.946418
0.42137298
0.9352524
0.5517126
0.97491354
0.8932175
0.34195057
0.63026655
0.39439783
0.78533757
0.51611304
1.109282
0.69748354
0.9641183
0.8272933
0.8963998
0.23818038
0.9643683
0.8639535
1.170648
0.4602945
1.0418086
0.5189249
0.88571507
0.598295
0.2030271
1.0506309
0.89158064
0.65066797
0.44055292
1.1698256
0.38530475
0.51715165
0.93945825
0.5523924
0.6506507
1.2122632
0.33357278
0.44367668
0.7659511
0.7117196
0.7389082
0.21243484
0.67492783
1.1088233
0.30567932
0.93659264
0.5895201
0.53061783
1.0821121
0.5810537
0.5468409
0.65063334
1.047745
0.9200949
0.61730605
0.57719064
0.95243824
0.47134906
1.3970091
0.51652366
1.0338823
0.87712073
0.63169897
0.7633527
0.69504553
0.6699399
0.90683347
0.7493599
0.8858083
0.2894507
0.7468918
0.8059792
0.18312788
0.57628787
0.50434506
0.35653543
0.95473534
0.2572578
1.048235
0.77917105
0.7447845
0.42071888
0.7048058
0.6251147
0.23842084
0.47418794
0.53968924
0.20830932
0.6735571
0.5813309
0.7929474
0.61979926
1.1683718
1.0162213
1.3820534
0.77484363
1.1584408
1.082562
0.41287953
0.3909872
0.29086536
0.7697662
0.17848799
0.7291241
0.25467947
0.8552652
0.56345767
0.7871216
0.4109973
0.5877354
0.3983011
0.953334
0.78453964
1.0252533
0.10694003
0.29955694
1.1269213
0.95909816
0.7147946
0.6945479
0.85493875
1.1165181
0.21424098
0.48612002
0.8580246
1.1354147
0.7618848
0.45357034
0.6261442
0.8658644
1.1229057
1.019381
1.2664456
1.1105931
0.6143785
0.7053353
1.2293384
0.466194
0.7471339
0.5849391
0.068149514
0.30849054
1.1028627
0.73120916
0.4204708
0.685434
1.2697686
1.2467566
0.9012256
0.8254154
0.8598248
0.5827872
0.5918515
0.91254175
0.5040954
0.2341893
1.0343033
0.83814996
0.5684388
0.76782537
0.6415786
0.7054704
0.6718581
1.0047269
0.35590222
0.8989354
1.2664585
0.4138831
0.67223895
0.7235579
0.41852957
0.9307509
1.4585207
1.0511091
0.7721742
0.54979753
0.454554
0.7096237
0.74663526
1.0165801
0.6661768
0.51991564
0.92826635
0.5130283
0.39383703
0.52689457
0.5531718
0.4156305
0.36338773
1.1099719
0.57779974
0.9377839
0.45024025
0.8108216
1.0204495
0.75026584
0.97773445
0.39747018
0.5014779
0.21537367
0.37254408
0.90632683
0.80295163
0.86114615
0.56898844
0.6755079
0.31012595
0.35641256
0.52229583
1.2773688
1.1176224
1.1310697
0.15871339
0.4416755
0.8722843
0.76133317
0.6244756
1.1504856
0.29117554
0.46583277
0.78811556
0.6967401
1.1402621
0.96695805
0.69374716
0.6360072
0.87559366
0.46465296
0.6059795
0.42419177
0.3668124
0.74469197
1.0773317
0.6533733
0.5154744
0.24927057
0.95413107
0.79377866
1.2251343
0.8567486
1.0654175
1.0262014
0.27999747
1.183295
0.6195012
0.18480717
0.5968651
0.675337
0.9411642
0.925413
0.89198935
0.663622
0.68079793
0.2982094
0.71105736
0.5290016
1.2463042
0.3654537
0.75711316
0.98775697
0.39846268
0.86158097
0.53554595
0.80701405
0.8102547
0.74605864
0.6838404
0.83378595
1.2054181
1.0288801
0.49595755
0.8874417
0.47635624
0.70291686
0.4904124
0.60262674
0.67499644
0.46694824
0.4110971
0.42520198
0.4849967
0.76419127
0.22795318
0.6703296
0.5795577
0.61470157
0.69337094
1.0146068
0.46180612
0.6590355
0.65409553
0.42559215
0.5708619
0.71243817
0.7751011
0.28285524
1.2178643
0.50295687
0.52405083
1.1374166
0.9969922
0.13272493
0.587407
0.48942968
0.23213594
0.7883007
0.5396936
1.2046167
0.87131095
0.24782944
0.7873927
1.117376
0.44777575
0.3476875
0.7331323
0.84709287
0.8220531
0.16451249
0.70116246
0.9322381
0.82989496
1.0552896
0.68391734
0.36672238
0.64825386
0.47549123
0.5718628
0.36061156
1.0394276
0.71089894
0.55566865
0.94187206
1.1633672
1.2561086
0.5016288
0.48710167
0.4969158
1.074587
0.3972447
0.14619656
0.541735
0.95131546
0.9910927
0.738113
0.7627137
0.9670497
0.7229313
0.7087132
1.0773814
0.57056946
0.34167814
0.654056
0.25287718
0.6549722
0.16701134
0.36667824
0.79291266
0.89850724
0.72831404
0.32130656
0.9441679
1.2011648
0.37471926
0.7592078
0.6650457
0.8544806
0.6191499
0.57679343
1.2023962
0.79099464
0.9585752
1.0427572
0.9322204
1.2465138
0.19536658
0.74873245
0.59365076
0.56218183
1.0878847
0.5013021
0.46612358
0.66636705
0.52990854
0.71152467
0.5673719
0.9049767
1.2229548
0.9618443
0.406648
0.6867942
0.47085416
0.3475343
0.8101883
0.6469335
0.33377585
0.8286717
0.5949921
0.70013034
1.1855936
0.4358767
0.7623053
0.52226067
0.65908664
0.9622283
0.5441801
0.8211444
0.8949476
0.93527466
1.0226423
0.472756
0.61482847
0.5846267
0.95725775
0.79948986
0.8680387
0.69168407
0.68188095
0.29265675
0.8933603
0.2712386
1.0418127
0.94822013
0.06600566
0.8218312
0.4051782
0.31072
0.68515474
0.30888823
0.9430975
0.42230698
0.9876791
1.0434529
0.79771346
0.28081998
1.0644625
0.5480794
1.0207262
1.1722164
0.53043765
0.3433527
1.0594946
0.66969025
0.71206087
0.5983646
0.44466132
0.8822087
1.0508792
0.9964997
0.5775237
0.7077984
0.54002553
0.8196876
0.721373
0.38168845
1.1098638
1.1884682
0.46824855
0.4701185
0.7563714
0.7665948
1.0270841
0.4497433
0.8944203
0.44059932
1.1715637
0.67096055
0.34549055
0.71818084
0.93832034
1.1093647
1.2331558
0.7978313
0.659685
0.9158048
0.90196735
0.47354352
1.2056344
1.0537919
0.5946276
0.8048486
0.7902553
0.58978987
0.8746438
0.4159844
0.66697884
1.067883
0.8137367
0.51755995
0.4207498
0.61709625
0.52628726
0.4615696
0.843137
0.6760872
0.79824364
0.9204108
1.0491978
0.65632623
0.56687164
0.9722909
0.7402878
1.0859526
0.9367077
0.81528187
0.49661776
0.6741177
1.0898824
0.7555172
1.1021733
0.82370496
0.63425404
0.7988151
0.95547664
0.79963785
0.09439389
0.70775133
0.85573447
0.45142666
0.8211641
1.1136525
0.6179294
0.80768675
0.33078957
0.60730124
0.99583274
0.613819
1.0111786
1.0779619
0.973382
1.011331
1.218512
1.1428732
0.616382
0.6108967
0.3826902
0.5314914
1.0843945
0.6618555
0.7399112
0.61571664
0.42139187
0.33977914
1.2928892
0.37259328
0.3128584
1.1034458
0.43478632
1.0795296
0.5496668
0.5289184
0.5196635
0.70472544
0.84134936
0.54213494
0.8010018
0.63537675
0.66744775
0.68420964
0.83066285
0.5315466
0.56828266
0.530907
0.31027943
1.0911547
0.987459
0.9260298
0.44181326
0.72273517
1.2818063
0.38608927
0.6259461
0.5656833
0.7509424
0.6182993
1.0143684
0.9433541
1.0116019
0.3461122
0.98830247
0.9816237
0.93773824
0.6576076
0.59768045
0.83769643
0.6478175
0.7640713
0.52748334
0.8260234
0.69977456
0.79281676
0.6380794
0.5600798
0.35920525
0.7266982
0.7077235
0.9020325
0.31602573
0.729628
0.41428545
0.47813335
0.48489502
0.44810066
1.0322661
0.67812437
0.7994381
0.9611336
0.7060663
0.7104122
0.58109677
0.5217566
1.1455384
1.102894
1.1220769
0.81294525
0.59815806
0.3842635
0.8745084
0.3812259
0.45544493
0.34767866
0.2826546
1.1346922
0.66050684
0.65662575
0.28312263
0.35254833
0.90253335
0.8117586
0.9012991
0.67667335
1.0352567
0.3722477
0.9018094
1.1225595
0.5100466
0.39695337
0.7196073
0.386222
0.715891
0.8657591
0.37276343
0.78317136
1.3149153
0.6102315
1.2261887
0.69339174
0.5632266
0.66147935
1.24753
0.8460674
0.45633033
0.80378276
0.5233271
0.53492683
1.3362288
0.8608732
0.6387749
0.38590464
0.43075666
0.67790824
1.1148281
0.962044
0.5050556
0.7304643
0.40652838
0.66706866
1.0205381
0.34896356
0.8995758
0.54273516
0.59065664
0.3194571
0.55617756
0.95035315
0.6577217
0.41540498
0.7393863
1.4500372
0.44247225
1.1073042
0.8005843
0.7182989
0.15274785
1.1723866
0.46325114
1.1790667
0.7331684
0.58696175
0.801859
1.0614157
0.18615353
0.7637374
1.0532128
0.6164935
0.9567097
0.5426049
1.0167378
0.7598225
0.49708515
0.30033636
0.27451816
0.74767876
1.1706841
1.1098832
0.4504971
0.5497137
0.5742776
1.0039485
0.90768105
0.7611828
1.1471168
0.38880068
0.57779574
1.0328431
0.34676212
0.5261601
1.0850317
0.9979661
0.77748066
0.6717108
0.7454885
0.62805754
0.49740624
1.0548464
1.2385491
0.4721118
0.6494246
0.3459731
0.38712928
0.9114802
1.0123926
0.80179244
1.0471679
0.5482722
0.6960545
0.49508157
1.125809
0.8259335
1.0468284
0.4891931
0.62366617
0.542338
0.7123759
0.7474582
0.8925075
0.65098715
1.0893421
0.75890267
0.70676726
1.2041053
0.8624791
0.7843047
1.0165396
1.0908974
0.6417854
0.6732288
0.7061465
0.99559367
1.1605148
0.6590007
0.4891276
0.66565186
0.55837077
0.82658964
0.5858793
1.0018253
0.71236646
0.7002076
0.22547475
1.1539943
1.0731559
0.7385769
0.37944567
0.704714
0.85945123
0.7167996
0.30095577
0.6813036
0.85878974
0.71814245
0.9581453
0.40269715
0.8797084
0.35810426
0.37637892
0.93380105
0.9746602
0.25940382
0.9172867
0.5964002
0.7078495
0.6081333
0.8721508
0.9398897
0.7228714
0.35886353
0.96496785
0.7820676
1.2847029
0.5711746
0.4743721
1.0893021
0.9265975
0.3618758
0.83696723
0.7815458
0.5652489
0.7691346
0.6805541
1.0300484
0.84929615
0.5447504
0.7751637
0.7544666
0.9449576
1.1276495
0.55978227
1.0556146
0.26973325
0.14810543
0.89413804
1.2627687
0.48862115
0.7852628
0.82484084
0.9677182
1.1913472
0.5959395
0.6225587
0.44374093
0.63169855
0.7155725
0.9939916
0.20132603
1.0583007
0.42455748
0.5196135
0.85726947
0.42035338
1.0657501
0.49809632
0.6245101
0.4378001
0.79832107
0.4731075
0.8053578
0.27074456
0.85487586
0.60778856
0.21713229
0.36086556
1.005482
0.6006097
0.8012814
0.49875736
0.38337478
0.3915393
0.9939601
0.92293906
0.45168313
0.47564295
0.6741221
0.7299264
1.0231308
1.3049788
0.95787436
1.2295521
0.8054493
0.67762923
0.25662833
0.5881364
0.2974694
1.1613417
0.89621305
0.79005814
0.41743815
1.0247692
0.6478661
0.2618039
1.3062996
0.86631876
0.47380018
0.38600737
1.1158166
1.298101
0.5028234
0.47480157
0.9981808
0.76538765
0.5737637
1.0741503
0.6926577
0.93980473
0.59036565
0.41055816
0.9182384
0.89896566
1.1694067
1.1162575
0.9189988
0.67368984
0.5973346
0.9249808
0.85443074
0.37943482
0.9174483
0.7497464
1.1422789
1.3841176
1.3939595
0.5165303
0.69002837
1.0003532
0.52385676
1.0631579
0.8463936
0.86326253
0.7390192
0.42273933
1.0679774
0.80605984
0.4379535
0.7063585
1.2717094
0.78714854
0.8329118
0.46345007
0.49739772
0.39878237
1.0608046
0.8094521
0.6915821
1.0346051
0.9399844
1.111293
0.8537106
0.80672246
1.0310661
0.6906626
0.67774725
0.90607035
0.6776564
0.6815093
0.77831244
0.7235082
1.2258888
0.39149067
0.28955653
0.562397
0.71025485
0.8695042
1.2320597
1.0965672
0.6663824
0.2571459
0.4338402
0.8090648
0.4020215
0.5509773
0.7962284
0.60241
0.49365455
1.2020736
0.5480653
0.53692985
0.8323131
0.2725711
1.1279027
0.89943105
0.51369375
0.6850217
0.92762613
0.79725605
0.7205472
0.523873
0.39046237
0.8962811
0.38701448
0.74353933
0.6308529
0.74509275
0.5407128
0.42139968
1.1724333
0.4467282
0.5861622
0.8285073
0.4698771
0.83041143
0.6991581
0.49273822
0.2368248
0.85569006
0.6900708
0.6099431
0.8847882
1.0754808
0.83494914
0.59653234
0.65457475
0.4865536
1.0840313
0.8929208
1.2891885
0.79526347
1.0803636
0.12814435
0.6629564
0.98693246
0.5735949
0.55210507
0.22453752
0.6586533
1.0187188
0.9007592
0.25467426
1.2426848
0.65480477
0.80691844
0.12013921
0.8999441
0.45880505
0.41208923
1.1135889
0.17617354
0.46640068
1.2540745
0.36589193
1.0362902
0.86619836
1.0910538
0.7106622
0.38556796
0.33446792
0.8484504
0.8232416
0.6776982
1.0737875
0.46513066
0.5237881
0.35324118
1.1869947
0.83795077
0.29659817
1.2020413
0.9139351
0.8726775
0.15844157
0.7663575
0.8459274
0.6572544
0.8922051
0.7008156
0.53042865
0.9133466
0.69376224
0.7033552
0.71765405
0.58656174
0.899864
0.35308212
0.56994915
0.3093565
0.9673921
0.91028905
0.94189566
0.42639074
0.7939209
0.73411536
1.2693467
0.6054634
0.88996994
0.6482361
0.5858415
0.6158289
1.1156116
1.2089361
0.41318476
0.32868466
0.15425903
1.014097
0.32813135
0.6779534
1.0176018
1.1073658
0.9094319
1.1213332
0.86047435
0.3389679
0.978992
0.7418285
0.84299994
0.3615002
1.0391442
0.87166744
0.90873474
0.3377861
0.7015173
0.41326398
0.89540523
0.7250806
0.515394
1.3332433
0.3182401
0.5637708
1.2672647
0.49058956
0.48814332
0.44928023
0.9088173
0.8556217
0.60367864
0.7311877
1.0112455
0.5407377
0.6230325
0.2613854
1.1731604
0.3321766
0.5017307
1.0202377
0.38634348
0.6743242
0.35473433
1.1716337
0.35774866
0.934428
1.3295017
0.46127892
0.47116274
0.7994095
0.867125
1.1100827
0.9789417
1.1234787
1.1004621
0.3402443
0.61154485
1.1177396
0.43017364
0.48445395
0.7036257
0.83738554
0.51702154
0.7895683
0.6974266
0.30987412
0.71066576
0.43454292
0.7130067
1.1376688
0.84428525
0.35653082
1.0099248
1.2022568
0.6649466
0.8970237
0.58906615
1.1655356
0.8194611
0.3346411
0.20276237
0.5466848
0.25904912
0.70744056
0.98346823
0.3630314
0.67837286
0.8919725
0.67715377
0.63178635
1.0588963
0.5497528
0.5546384
1.204725
1.0940638
1.2249483
0.7925203
0.20549954
0.56460905
0.38057774
0.4595635
0.810586
0.69495386
0.62673765
0.6538374
0.35015693
0.84704876
0.7056802
1.0951754
0.74863744
0.53661877
0.6852626
1.096852
0.06460914
0.48566642
0.9918592
0.9869839
1.0019594
0.8132781
0.66755986
1.022824
0.95414793
0.8425417
0.70823175
1.0420632
0.525355
1.0080903
0.3901116
0.21463358
0.593935
0.4916744
0.5661953
0.2875827
0.63796896
0.68782854
0.6819973
0.6718588
0.496045
0.97331756
0.61003387
0.93919426
1.1050824
1.1944718
0.2859389
0.74233466
0.5531098
0.32913196
0.33077294
0.9620833
0.6821231
0.89033824
0.7026466
1.0082746
1.21317
0.4799465
0.5494866
0.8048183
0.36440614
0.46637785
0.511132
0.38279524
0.77780354
1.01429
0.3862398
0.6520839
0.9784397
0.9290703
0.46777228
0.6176517
0.9013654
1.0497682
0.26940253
0.3888138
1.1800252
0.82656777
0.44935888
0.61999667
0.48833874
0.9581607
1.1694897
0.30111822
1.1014618
0.79315525
0.9821621
0.20930304
1.1637506
0.7880348
0.36689222
0.63911265
0.21274605
0.40478578
1.1954874
1.341381
0.8722048
1.0450054
1.0917242
0.69568264
0.97805274
0.6552084
0.97251487
0.69596547
0.8912561
0.8553174
0.7040479
1.3175235
0.9372396
0.8109041
0.39204624
0.6527458
0.82353055
0.26097202
1.025765
0.33530074
0.92757314
0.60520023
0.6149568
0.17182851
1.0043505
1.1824306
0.93156666
0.7327198
0.9679573
0.96186155
0.37729862
0.8473123
0.923924
0.70998806
0.56847554
0.31622523
0.9616538
0.52375346
0.8804706
0.89985394
0.8630294
0.7030643
1.1106251
0.37779123
1.1096653
0.76959723
0.6933647
0.18541715
0.8951602
0.94801503
0.564078
0.6914381
0.8803869
1.1973298
0.76775664
0.8329309
0.4541986
0.8167802
0.5547089
1.0266442
0.49299738
0.6207301
0.43961966
0.55037886
0.8331707
0.53036845
1.3249556
1.0140225
0.64564073
0.9519246
0.7088277
0.7884298
0.94091076
0.29091352
0.79619557
0.46667945
1.1670756
1.0042937
1.0159066
0.344083
0.44091156
0.70800775
0.5265462
0.9957501
1.0321954
0.92240363
0.88710093
0.6681388
0.5650983
0.8010184
0.73109984
0.2362886
1.2064441
0.59730643
0.92148566
0.43703017
0.47977757
0.50977176
0.32105532
0.9127368
0.45816427
0.6758722
0.25824654
1.4529015
0.8205709
0.6208316
0.665204
0.60928184
0.66431206
0.5416298
0.5007641
1.1325623
0.8131956
1.0892004
0.5944342
1.1251647
0.99561745
1.1935157
1.041113
1.0005933
0.8461375
0.25693733
0.7352383
0.5472784
0.7999782
0.9968979
0.57290155
0.9212737
0.7049244
0.49420798
0.37676215
0.47157663
0.714351
0.56664354
0.9552149
0.71002865
0.7699211
1.0722557
0.47953984
0.94792384
0.6361144
0.791275
0.6373033
0.88564134
0.5692097
0.7200356
0.6653068
0.42883113
0.75251657
0.46186388
1.0665421
0.47246298
0.5944589
0.91055894
0.8696659
0.10760581
0.46265906
0.6535335
1.260771
0.817651
0.64116734
0.94296837
0.4936846
1.2586823
0.5541597
0.6935223
0.69201577
0.45341963
1.2935323
0.52179646
0.5654332
0.77236587
0.90991634
0.52424604
0.88853765
0.9582525
0.6444076
0.76990515
0.49218085
0.47587746
0.8302298
0.49005532
1.1926965
1.0149527
1.2079302
0.4314732
0.7160214
0.43310645
0.9994809
1.1158521
0.4646461
0.48517692
0.71146125
0.60204625
0.85409063
0.87904024
0.68727976
1.042332
1.0924693
0.7287382
0.32734382
0.30378026
0.84831685
0.5227131
0.59949034
0.881838
0.38120124
0.55161035
0.2697686
0.73739505
0.57085514
0.79373986
0.6740278
0.31431007
1.0989563
0.33026925
0.48234138
0.81369704
0.36977464
0.4887953
0.8273074
0.50049055
0.60213006
0.6891193
0.9065546
0.9186579
0.4105224
0.82993025
0.6343144
0.866387
0.16098619
1.1433501
0.762171
0.6150932
0.71710545
0.54600036
0.96316665
0.3752485
0.61174995
0.35654232
0.56899947
0.9381981
0.6892743
0.4204036
0.6163362
0.77745163
0.66909605
0.38937017
0.9824209
0.8551806
1.0725822
0.98681915
0.28821233
0.9775423
0.9021267
0.81619984
0.43562874
1.1206577
0.93556607
0.6691492
0.6561159
0.504468
0.56813854
0.9008199
0.38635808
0.88783175
0.27924773
0.7374995
0.7985881
1.1784402
1.364819
0.2321108
0.68611115
0.38498685
0.7877615
0.4000424
1.0435716
0.51923347
0.95108885
1.0160044
0.9316828
1.2371976
0.8100571
0.90800536
0.7505003
1.1311823
0.7189614
0.61626834
0.69866025
0.61302483
0.45914692
1.0733234
0.516942
1.0908893
0.9338885
0.710355
0.5123024
0.04016538
0.39796916
0.22892302
0.8133824
0.9441578
0.41909918
0.6092829
0.6690931
1.3699476
0.3329005
0.71781737
0.780566
0.36980227
0.8668146
0.6222423
0.76728624
0.7302694
0.6585154
0.6026054
0.41444287
0.92545086
1.128548
0.5504785
0.75306076
0.47816545
0.53964806
0.38249287
0.5348908
0.8053051
0.6102346
0.6338762
1.1806821
0.5884912
1.0494541
0.5467198
0.81454635
0.74074984
0.75850946
0.73237175
0.8472717
0.9785485
0.78234076
0.7097243
0.7400493
0.62562436
0.64862394
0.28170794
0.58321244
0.20618494
0.6219267
0.3714584
0.36130932
0.6728362
0.6705145
1.0515842
0.6552661
0.47152773
0.81244034
0.48139605
0.86027324
0.67000556
0.21071687
0.4313713
0.40633485
0.38453266
1.156361
0.90318817
1.0729443
0.42944705
0.40039715
1.0060753
0.84221363
0.5702164
0.33160934
0.85341835
0.7873924
0.873781
0.82324106
1.0631598
0.63508624
0.7533317
0.4199429
0.4123355
0.76998204
0.9658255
0.8875943
0.7371379
0.20367739
0.70357084
0.7667828
0.64321053
0.8359051
1.127997
0.3001021
1.0014956
0.8783997
0.56237054
0.3687493
0.6089795
0.2593938
0.7642887
0.68329954
1.1981239
0.96831274
0.40783226
0.6157073
0.46280175
0.993761
0.53147167
0.28443626
0.6683808
0.7395498
0.6521967
0.9384769
0.77413404
0.99351156
0.7084098
0.9557275
0.7675431
1.3162597
0.4418886
0.6809108
1.3238347
0.69509655
0.67076
0.5944541
0.5816028
0.90439737
0.9821841
0.77110934
1.1620152
0.513458
0.8554692
0.5319832
0.6645202
0.7976189
0.764037
0.6691037
0.8566373
1.2589355
1.0255682
0.36898163
1.0169203
0.6958817
1.0202566
0.6785587
0.68366337
0.6135234
0.8833175
0.1598685
1.1240987
0.37045836
0.7693523
0.44175458
0.73473656
0.72941315
0.6115331
0.6221808
0.5417818
0.7693598
0.78973764
1.0891083
1.25279
0.71546793
0.68860006
0.83022934
0.73893374
0.9840742
0.6694596
0.8519361
1.0847589
0.6863116
0.42264956
0.96129555
0.9305579
0.48759964
1.1686304
0.54853153
0.416729
0.9271862
0.8789053
0.85567564
0.98975056
0.719822
0.88117087
0.5901909
0.72780657
0.6828165
1.0050658
0.5486128
0.76649964
0.73006487
0.90207696
0.9784371
0.4261525
0.50636935
0.63882905
0.8779567
0.4136217
0.8254705
0.7878225
0.2521126
0.62477607
0.38646978
0.8341229
0.89694244
0.665798
0.34017342
0.7983942
0.3663049
0.46472126
0.36577892
0.5368731
0.71884584
1.005631
0.45745185
0.92689466
0.99018025
1.1063867
0.50610006
0.16352855
0.94293475
0.5306766
0.4680317
0.84794223
0.06322076
0.7639898
0.33055338
0.31938493
0.68441767
0.6295385
0.725912
0.5614694
1.0236411
1.1030223
0.78472364
0.8606368
0.49080917
0.3734482
1.0464504
0.7773978
0.2922735
0.8296264
0.7604357
1.3293418
0.8921165
0.95430064
0.47857106
0.81318855
0.9177121
0.14417459
0.8214376
0.30752963
0.85475665
0.9340195
0.6595288
0.12822118
0.55347043
0.52415764
0.90570855
0.83580583
0.72713745
1.0480835
0.62948066
0.36266595
0.44042802
1.0461849
0.70993936
0.77226335
0.7134061
0.96788037
0.44642764
0.6504769
0.40569234
0.53618795
0.68456817
0.5317413
0.8825498
0.90798146
0.7317769
0.96484077
0.70190436
0.3351836
0.44013694
0.43416315
0.27578825
0.72509146
1.2943494
0.32899946
1.0365186
0.6029896
1.106425
0.48795465
0.81014234
0.5420703
0.72969806
0.68610895
0.4448068
0.47764364
1.0381753
0.27924573
0.6472539
0.80581135
0.7024271
0.82912666
0.608511
0.36730582
0.9548187
0.47187558
0.6629899
1.0998756
0.28968132
0.45164308
0.18530974
0.7295041
0.6273875
0.56506807
0.4869778
0.96960896
0.5985004
0.4754285
0.6751032
0.80306983
0.7932376
0.51941264
0.5484969
0.81992453
0.6540397
0.78756744
0.67623675
0.67249715
1.0844195
0.91226745
0.7618781
0.37846535
1.142452
0.73962075
0.5795393
0.2544073
0.33624068
0.62641567
0.46657148
0.71332496
0.6344994
0.8344056
0.7241607
0.8003552
0.9748098
0.586175
0.51896095
0.7492584
0.8182117
1.1109992
0.42643407
1.0607294
0.8805883
0.56703967
0.5571118
0.565851
1.4259905
0.47797537
0.8181048
0.9884355
0.37007183
0.7686473
0.76040876
0.5897048
0.51590616
0.6515849
0.57481664
0.8135606
0.74638116
0.20645943
0.73017216
0.8454123
0.7458439
0.50088686
0.70481086
0.624455
0.8734534
0.5042119
0.4847657
0.4435088
0.860092
0.27427614
1.0795379
0.8744113
0.5461499
1.188584
0.7661466
1.0083371
0.63641846
0.60365015
0.920532
0.84890705
0.5282468
0.26474306
0.68785155
0.93954253
1.0392873
0.4031803
0.35475153
0.35449615
1.0102572
0.7891796
0.41659278
0.9498768
0.7795328
0.59624404
0.60489875
0.90734094
0.74229294
0.83565515
0.9418381
0.11944426
0.5225206
0.25303212
0.9223118
0.97064143
0.8753629
0.61916745
0.80503595
0.5043785
0.07041755
0.73680866
0.39421403
0.88027257
0.2865326
0.76506317
1.3514117
0.8007396
1.2377554
0.17750002
0.5928855
0.78919375
0.57693654
0.6989089
0.8177159
0.67312884
0.9819632
0.61773574
0.4501683
0.6223589
1.1798246
0.67953074
0.89489776
0.49648103
0.5309901
0.8848548
0.7083897
0.7767787
0.834351
0.8789088
0.5465235
0.6798256
0.74323815
0.5267199
0.8745343
0.7869885
1.083311
0.84012944
0.79255575
0.52446073
1.1457953
0.57203835
0.8213044
0.75839853
0.24656335
1.0694357
1.0222588
0.67468786
0.40822026
0.63492227
0.2954641
0.7649878
1.0209732
0.8208541
0.94074637
0.7200908
0.7739203
1.074513
0.36760247
0.39785984
0.7396822
0.53714055
0.8336224
0.7139848
0.89663935
0.30204615
0.5399395
1.0786844
0.67295533
0.8210272
0.7359187
0.74766743
1.0660428
0.7737654
0.3427289
0.5974673
1.0353695
0.8831149
0.9550615
0.7421351
0.6269245
0.82931936
0.9998264
1.2026713
0.6633171
0.5510829
0.77275264
0.73475957
0.6155413
0.55530196
1.0329385
0.9692027
0.5085357
0.9237763
0.58732116
1.3015803
0.53995275
1.1934248
1.2821186
0.32416
0.5807856
0.40373555
0.6422958
0.7086107
0.8923216
0.6530089
0.56467223
0.9660464
0.8028108
0.41305968
0.8447613
0.4040287
1.0214092
0.75755453
0.2812843
0.2994905
0.783276
0.841722
0.4048937
1.0725687
0.43279195
0.83477813
0.9241839
0.7374068
0.72635376
0.48691252
0.7313405
0.672415
0.50539047
1.315164
0.4508487
0.6572729
0.50604033
0.49962428
1.0770242
0.24803916
0.40805995
1.1865318
0.7696097
0.5965355
0.5669658
0.61796016
0.7439119
0.61135733
0.8250757
1.3088982
0.25492662
0.48668188
0.5769541
0.83746904
0.6031286
0.8638801
0.9196693
0.68669635
0.4827973
0.7021179
0.5815791
0.26825702
0.5493209
1.0268432
0.60317177
0.42173418
0.31607068
0.98179287
0.46844292
0.4395559
0.88392615
0.5541371
1.1657228
0.8080879
0.5275315
1.1576785
0.17893213
1.1149843
0.7807758
0.5679017
1.0937848
0.8458582
0.17374767
1.2727038
0.22811134
0.6297073
0.8323139
0.7204751
0.92932475
0.89359087
0.4510652
0.19352864
0.5147403
0.4862683
1.1418028
0.75647265
1.2607316
0.8191098
1.0448773
0.3780598
1.2155871
0.91770554
0.23852558
0.7235896
1.0714481
0.5074043
0.7351328
0.7692755
0.63940734
0.49108022
0.9785543
0.9411769
0.7804937
0.44004616
0.8436546
0.72655046
0.5238748
0.8329912
0.8931351
0.7210406
0.9337179
0.76369995
0.72147965
0.36121
0.8488918
0.8456194
0.68057215
0.44161218
0.92263556
0.9458886
0.60029566
0.9081487
1.2838719
0.42692947
0.3294056
0.3505241
0.2584699
0.89490414
0.765544
0.8745017
0.83638674
1.0260341
1.269203
0.5702306
0.63243425
0.8260018
0.32872346
0.77894455
0.8595733
0.5433678
0.8187152
0.74045736
0.70276356
0.6835653
0.54682726
0.487336
0.6403689
1.337187
0.5781101
0.92946565
1.1335824
0.6623745
0.20426624
0.8902933
0.29356587
1.0890726
0.5065337
0.77906007
0.85873014
0.9548951
0.63528836
0.42857942
0.3684301
0.43198842
0.4366102
0.68190885
0.42483446
0.95981705
1.1375746
0.4263038
1.351611
1.0618541
1.07634
0.8723966
0.36068332
0.5630094
0.5932034
0.60807544
0.4821313
0.15191665
0.43594378
0.37921026
0.7802611
0.6730877
1.0797595
0.6457911
0.8977708
1.1705655
0.725641
0.8174406
1.144604
0.29771915
0.7459716
0.11251361
0.94929194
0.8008312
0.6781934
1.1381685
0.65716004
0.87927634
0.79628193
0.28473774
0.5976943
0.7125562
0.40402216
0.44864264
1.0760627
0.21039721
0.67046136
0.61216617
0.41031665
0.5722894
0.5519496
0.84853476
1.0046065
0.65478224
0.44943398
0.9337787
0.72904754
0.22843921
0.60255283
0.35649166
0.27293956
0.46922445
1.0212401
0.5503949
1.1354682
0.42587435
0.8263825
0.66623884
1.0575835
0.6686178
0.37834132
0.95226693
0.6095158
0.5837137
0.72046155
0.5151102
0.8599633
0.78301185
0.36663955
0.41047513
0.49075663
0.71312696
0.5084502
0.11952791
0.4561575
0.7354536
1.0776135
0.24145238
0.68215185
0.96511704
0.5833414
0.31753466
1.1177474
0.56969273
0.61223745
0.89423364
0.527297
0.52713037
0.89283365
0.8861278
0.8121635
0.3646934
0.75381166
0.673608
0.42668548
0.6697261
0.36808324
0.69562745
0.66998905
0.38936716
0.6802119
0.3744032
0.52063745
0.6199613
0.48375392
0.9079689
0.40181568
0.75859
1.017077
0.4591226
0.83969784
0.2813257
0.74381644
1.0877144
0.54763556
0.18377057
1.238043
1.0580844
0.7758472
0.2065089
0.23697174
0.61845785
0.42807668
0.66812295
0.7007072
0.75285476
0.37170154
0.620145
1.1276346
0.47690344
0.7364176
0.60941297
0.83327264
0.3689616
0.61204046
0.5922509
0.78163487
1.0290664
0.618015
0.5000456
0.7540045
0.82311636
0.76227266
0.37498865
0.5917527
0.73498553
0.74930316
0.71727806
0.65256494
0.28106344
0.7574985
1.0104437
1.1114255
0.744536
0.72353804
0.6002549
0.9375741
0.4408672
0.40059963
0.6163514
0.56450665
0.82350147
0.6927666
0.30678067
0.6242832
0.7574779
0.6397597
1.0236208
0.21113782
0.75001717
0.46944445
0.95673543
0.27407998
0.6845557
0.7833136
0.6265896
0.3263947
0.5449099
0.78066164
1.3726606
1.2204059
0.77972335
0.7417796
1.0040163
1.0235445
0.71524686
0.87625
0.9852103
1.0510174
0.5630974
0.60147935
0.56595045
0.79326725
0.48899335
0.68477273
0.4528368
0.88524914
0.29511663
0.44421077
0.77374846
0.53993213
0.4644085
0.96294326
0.18421756
1.0186313
0.50837123
0.68624794
0.37240222
1.256319
0.6332763
0.94716394
0.59089786
0.30455554
0.8690275
0.57946116
0.73284477
0.8568836
0.53023064
0.98708445
0.605402
0.75430006
0.6154313
1.0248996
0.32959756
0.25082645
0.43966043
0.4923814
0.82366025
0.6499962
0.7523126
1.129286
0.88394743
0.9294934
0.7643011
0.53027594
0.9699774
1.0962874
0.50463873
0.60247123
0.3971516
0.34665552
0.67430395
0.74267054
0.7844527
0.6040598
0.76670164
0.7067514
0.8229964
1.2506521
1.1360972
1.1923939
0.8250145
0.82124895
0.6796905
1.0303979
0.89133304
0.9917482
0.6082234
0.59371006
0.8896826
1.3882997
0.46252632
0.245245
0.6888451
0.700411
0.9197008
0.32850498
0.66866404
0.9274119
0.5369044
0.81867
0.8170594
0.90533197
0.8247549
0.6332905
0.50732565
0.8030528
0.9431781
0.40646878
0.8513533
0.29676017
0.6470403
0.87249416
0.75563335
0.51337093
0.9027171
0.71526456
0.832904
0.41776308
0.5917354
0.6439215
0.78244376
0.6720807
1.3238454
0.7041609
0.8728978
0.33429182
0.46156102
0.51891935
0.5206996
1.3120422
0.7434703
0.95218
0.9159199
1.101706
0.76949877
0.66971374
0.61698556
0.17686445
0.9781812
1.0330601
0.0423273
0.5067024
1.0715221
0.2859378
0.56558007
0.41850913
0.1413705
0.6377207
0.41065848
1.1464483
0.8776487
0.45902988
1.1523879
0.55968523
0.45782274
0.6866749
0.63581777
1.0453433
0.85266197
0.7158901
0.08953284
0.48937035
0.9996591
0.31986582
0.5786004
0.40879032
0.82587403
0.78783673
0.5931127
0.6758551
0.65188813
1.2636813
0.7909353
0.6543232
0.5930231
0.6676361
0.7421491
0.6131197
1.3692629
0.552231
0.39192817
1.1100496
0.96595746
0.59200686
0.32116002
0.47187808
1.0085917
0.7674227
0.94972396
0.8304487
0.8705079
0.3720332
0.6965602
1.1641846
0.8082408
0.98936313
0.52369905
0.696349
0.889277
0.25816715
0.5285822
0.81072253
0.5132568
0.58504945
0.11625889
0.44683397
0.79353344
0.74126494
0.65197974
0.5717113
0.542346
0.46501514
0.70193344
0.8082346
0.60238606
0.56569767
0.58790326
0.24611786
0.55602384
0.8098098
0.90076333
0.1975594
0.7846061
0.7023406
0.5128562
0.5309752
0.7286794
0.862628
0.28257772
0.14220235
0.5639048
1.0614785
0.9818322
0.7872419
0.5247495
0.92324775
0.7530779
0.9950709
0.6635159
0.6714158
0.8536248
0.9662128
0.33100387
0.56443024
0.8480432
1.0978955
0.66115546
0.24267574
0.4274627
0.9917701
0.40886652
0.58287334
0.39653784
1.2268333
0.68813264
0.78082705
0.57942194
0.36959094
0.28433058
0.9546375
0.55228597
0.7912495
0.7503304
0.59026814
0.6476661
0.6238141
1.1580694
1.1046587
0.4475697
0.95069873
0.56546754
0.550822
0.84303814
0.36888686
0.31151035
0.7987089
1.0319517
0.48436934
0.9507106
0.8725163
0.9777084
0.24410835
0.73839825
0.36598748
0.46757245
1.2972779
0.6831695
0.6349112
0.7152874
0.8352213
0.41848674
0.6321901
0.9102987
0.46498504
1.1440411
0.2999586
0.6700633
0.7663508
0.73885137
1.2101775
0.65901744
1.2782674
1.232506
0.31687924
0.5832001
1.0815363
0.6451234
0.6182037
0.79718894
0.90126485
0.32756355
0.5600709
0.7102192
0.94572055
0.7742914
1.3565147
0.8543666
0.56461984
0.685493
0.9654717
0.8112426
0.67830795
0.7922505
0.69188637
0.70794255
0.4186602
1.0068682
0.79676586
0.74190444
0.7205458
1.0449029
0.7159125
0.74373966
0.6285891
0.45303458
0.5692647
0.88354874
0.9503146
1.0265133
1.1588303
1.0693738
0.8303962
0.4191206
0.47557247
1.0264508
0.9782716
0.58093435
0.98537934
0.9879141
1.029516
1.0206416
0.49891087
0.79357094
0.4503992
0.7437568
0.37220275
0.7919905
0.34868246
0.67767495
0.8877282
0.57439774
0.36680862
0.90135056
0.84967434
1.0170414
0.7785485
0.19861439
0.37256715
0.18296885
1.242832
0.8144024
0.5280323
0.56530845
1.0606276
0.40826583
0.71299
0.9953184
1.2873226
0.75687534
0.66345185
0.52624196
0.33269584
0.6794884
0.30209506
0.5334656
0.79787534
1.1920503
0.38816807
1.0982846
1.0318971
1.2416304
0.8858715
0.8679192
0.6305163
0.43256557
0.6249314
0.1292041
0.6283536
0.6310476
0.87044007
0.75727963
0.18731928
0.8033777
0.4702875
0.25499317
0.8444839
0.51541626
0.8275196
1.1058348
1.0341341
0.5748583
1.1330076
0.6305475
0.22181898
0.42851043
0.70291716
0.70881575
1.0887926
1.0209202
0.89204144
0.5129118
0.34587938
0.8847368
0.796943
0.6075778
0.73284906
0.6429307
0.97337836
0.7772315
0.19624321
0.779508
0.27810454
0.8807139
0.6574456
0.76071095
1.3190197
0.8562318
0.78286046
0.47666326
0.9042549
1.0274773
1.2359896
0.95151883
0.35458094
1.1103437
0.6913677
0.32452253
0.6144827
0.8328477
0.6362119
0.37036887
0.2444812
0.4356844
0.83570296
0.65874827
0.8187144
0.93383515
0.6524307
0.7017279
0.75830024
0.47571427
0.8346469
0.8388727
1.0998187
0.596515
0.8745658
0.7617184
0.707773
0.6251573
0.8194874
0.7449585
0.7063436
0.43599188
0.45837215
0.8456758
0.565406
0.75477797
0.81073934
0.5319966
0.6241251
0.6803739
0.4111581
0.30567455
0.46127722
0.37649798
0.16905428
0.45662877
0.9004249
0.6082252
1.1285068
0.7727409
1.2115252
0.83241117
0.8211366
0.29577607
0.9826395
0.6087558
0.5512404
0.68909496
0.87324756
0.10264252
0.8126353
0.6658735
0.88809085
0.9498019
0.817583
1.1414286
0.771839
0.9341156
0.7672007
1.1163962
0.59132063
0.87575036
0.66939044
1.0305908
0.7170823
0.36331514
0.6220438
0.3140088
0.36046565
0.7255466
0.68648237
0.16881284
0.29748902
0.49489978
0.33045518
0.9833931
0.39351442
0.3974025
0.44009018
0.6091043
0.19052324
0.5999939
0.62371117
1.2106957
0.9198346
0.51554143
0.8610999
0.66713023
0.5809389
0.5775688
0.87906224
0.6238546
0.8154544
0.622403
0.53951037
0.83366215
0.5953642
0.4911969
0.5048097
0.52256924
0.63408655
0.6853003
0.7063882
0.6481561
0.94898236
0.96412885
0.7680349
0.50995755
0.59125185
0.18281955
0.6702338
0.38250062
0.85937345
0.18761602
0.7116313
0.5900936
0.8524305
0.49519846
0.70551777
0.29314247
0.74688566
0.8710449
1.060114
0.46588412
1.0126877
0.5974234
0.6777523
0.3785508
0.7234178
0.52522856
0.7509432
0.6410981
1.0141749
0.91657037
0.7419982
0.7848624
0.77256024
0.30843028
0.25905937
0.93345416
1.179359
1.163392
0.9562701
0.33747894
0.35914856
1.1280377
0.666718
0.45844212
0.743983
0.873771
0.66707915
0.8330635
0.6838844
0.74781495
0.6391035
0.75886846
1.0297123
0.8395659
0.85270274
0.8928633
0.6756997
0.38709363
0.7224644
0.6467023
0.54438096
0.74044985
0.74341416
1.063778
0.9897567
1.0033016
1.209159
0.3390012
0.66981167
0.7934843
0.9489024
0.42579067
0.62771606
0.76188856
0.25563172
0.3023236
0.87545043
0.58953816
0.8219976
0.7490362
0.49095324
0.74204946
1.0149095
0.91426194
0.73967934
0.7654125
0.9794405
0.64906913
0.1188555
1.1792866
1.0259436
1.0369562
0.7252562
0.3305032
0.45182624
0.6983646
0.38600153
0.6418352
0.38695773
0.66569674
0.451444
1.1860183
0.5845942
0.6333351
0.82326424
0.50284326
0.2387948
0.40344152
0.5639418
0.64100116
0.97909015
0.5311005
0.6047187
0.9614887
0.554066
1.1727026
0.30667514
0.960966
0.50863844
0.67174137
0.5392304
0.41851598
0.67172027
0.86045694
0.7234956
0.6758172
0.6593668
0.6707365
0.35346013
0.6547028
0.5953887
0.8943526
0.66004217
0.60164213
0.39315972
1.0411493
0.5669124
0.67272156
0.7133352
0.7817148
0.7620032
0.84507453
0.9005745
1.0330367
0.9531164
0.5045568
1.0677087
0.7864824
0.6924697
1.074395
0.71148586
0.98719376
0.43702164
0.6770843
0.7774014
0.79102176
0.772824
1.0594591
0.81870544
0.52163523
1.0328538
0.68040663
1.0380427
0.48640895
0.27181333
0.25862706
0.63940126
0.7440038
0.762876
0.70417863
0.6876517
0.823803
0.52695626
0.3506199
0.48106974
0.3971267
0.4914562
0.5341103
0.69799215
0.8624983
0.6649045
0.7594437
0.49396062
0.88719505
0.7883834
1.1428958
0.6675175
0.99073774
0.8660537
1.2437873
0.95915514
1.1661242
0.5954034
0.56925076
1.20456
0.99151397
1.2018456
0.8787147
0.9877322
0.6219253
0.9807783
0.40218303
0.7865635
0.40850776
0.5040795
0.57247156
1.1727103
0.37931448
0.6823175
0.50734794
0.816347
0.70922136
1.1055644
0.94867915
0.5419563
0.5922842
0.57116127
0.6038743
0.4493518
0.49340326
0.9276281
0.43436098
0.44849986
0.5021911
0.2848942
0.7426097
0.60402066
0.8285079
0.92952543
1.029165
0.8104176
0.9168495
0.7014753
0.42809308
0.88108623
0.3478329
0.36382395
0.84831434
0.44015127
0.63079834
1.0134504
0.59923714
0.4048126
0.6526503
0.63053477
0.48416737
0.50247633
0.8972639
0.7298969
0.40007198
0.59614706
1.2343321
0.7630787
0.92446154
0.67590696
0.44741073
0.8352842
0.6406728
0.843872
0.95732343
0.6130013
0.861395
0.6821026
0.6106591
0.6419418
0.45124984
0.37653852
0.8564206
1.0116286
0.2258801
0.79524326
0.93235904
0.9054532
1.06635
1.0460306
1.229231
1.1703944
0.826549
0.71942735
0.39448074
0.3365483
0.67731917
0.66170794
1.1817707
0.85093033
0.59078133
0.45848444
0.2800581
1.0387195
0.56049705
1.0774068
0.7118312
1.1000334
0.37758327
0.50874454
0.47845855
0.822773
1.1652168
0.50639814
0.76137507
0.61759377
0.81851953
0.40758377
0.47738394
0.77000326
0.48771822
0.37909922
0.59768605
0.51145506
0.8413544
0.6563005
0.5093227
0.52977246
0.6311124
0.9556257
0.51404923
0.3894243
0.30006957
0.68687254
0.8284909
0.5484297
0.39350975
0.951634
0.42592168
0.76016605
0.6506317
0.63348615
0.2998864
0.38379103
0.555071
0.9298602
1.0102198
0.38253006
0.62638927
0.77144164
1.1155595
0.26245034
0.76911175
0.93010736
0.88387066
1.1059521
0.6142571
1.1122235
0.3056797
1.0449085
0.67937094
0.54198146
0.49132955
0.6268624
0.96686774
0.19796535
0.9182338
0.7521828
0.8229864
0.7121673
0.348628
0.51476663
1.0056645
0.5253702
0.22524348
0.57259357
1.0102184
0.9258309
1.1170563
1.1753811
0.4259126
0.7668614
0.8501674
0.32858184
0.9618104
0.96028644
0.6485266
0.4755539
0.35545567
0.34553567
0.44666848
0.28341746
0.39015976
0.41374806
0.36680564
0.8728937
0.5719783
1.0073946
0.46092734
0.9295678
0.6465978
0.5000906
0.7566209
0.651571
0.6230408
0.17025547
1.0975521
0.83611566
0.5352892
0.81265354
0.71935225
1.1076553
1.1064383
0.33981052
0.8775443
0.80026627
1.0219688
1.0458277
0.5948889
0.40358832
0.80013686
0.9279831
0.78196007
0.9866133
0.61296386
0.5743786
0.6222194
0.9344924
0.5509905
0.45281067
1.0390153
0.75819695
0.9038568
0.86607987
0.6965972
1.0012681
0.42341083
0.7193158
0.6963061
0.7421442
0.27717254
0.5436287
0.41942385
0.37269548
1.0204113
0.70052075
0.17537636
0.5578315
0.42374256
0.7157883
0.98722726
0.53112835
0.84512186
0.65979767
0.6625337
1.0090896
0.30291066
1.0457028
0.98202586
1.0491284
0.8851582
0.81818277
0.9956285
0.63765985
0.5897571
0.933933
0.99342793
0.9552359
0.52584666
0.3567615
0.66622573
0.8641434
0.8130307
0.70749956
0.82468027
0.686682
0.8840884
1.059467
0.81229895
0.5750421
0.7952931
0.6877454
0.52482176
0.5374987
0.8627423
0.9063796
1.2100555
0.73783237
0.78923357
0.24526012
0.78652984
0.8704586
0.9724563
0.7099183
0.9228636
0.7897355
0.39870688
0.7269608
0.49099115
0.6539195
0.53202087
0.3446324
0.5046651
1.0980704
0.6777189
0.86153895
0.2517014
0.97951007
1.0565131
1.1452186
0.5341713
0.6516836
0.4799538
1.09844
0.91857016
1.017179
0.60995054
0.6290436
1.0400819
0.6126559
0.9438506
0.59198713
0.7698169
0.62631387
0.6497706
0.44784632
1.3030297
0.99044347
0.97730255
1.1216166
1.0427659
0.54714763
0.5774379
0.8905837
0.38984594
0.76379806
0.67179924
0.8678521
0.6112923
0.9365436
0.7731809
0.2975318
0.8618561
1.2607516
0.5491044
0.32558402
0.5404822
0.73897237
0.5817106
1.227511
0.3528298
0.43792295
0.7986831
1.0288877
0.69692427
1.1039118
0.3438912
0.91682464
0.6596342
1.1253719
0.70403093
0.41683593
0.80613977
0.23976687
1.1576779
0.78095406
0.9231117
0.7750027
0.9765188
1.237745
0.86360925
0.9622447
0.5804598
0.5896294
0.9385466
0.98488635
0.97100925
0.61521876
0.9391761
0.66346604
0.6264626
0.52751905
0.91899383
0.23563503
0.95516163
0.7728027
0.15327431
0.9869849
0.94536984
0.55975986
1.0495504
1.1743954
0.880765
0.47264135
0.93878335
0.6066307
0.7568934
0.88168395
0.8344097
0.51805985
0.92715013
1.2050781
0.67499304
0.87129104
0.5322259
0.6318588
0.49864998
0.6100383
1.048341
0.51332945
0.57917523
0.072656855
1.1198653
0.57108676
0.64529705
0.8894584
0.355526
1.1234072
1.0020164
0.7631757
0.82893276
0.9742421
0.714248
0.7595878
0.44375616
0.43819678
1.0943809
0.6270777
0.8753298
1.068027
0.52059877
0.76056015
0.51080084
0.7448026
0.72012675
0.5100081
0.54906315
0.7034925
0.53036594
0.7742381
0.4290442
0.8414999
1.0537751
0.41978267
1.0327007
0.67220116
0.42582998
0.76625085
0.4910439
0.7419314
0.6838617
1.1884959
0.773243
0.45317736
1.1546258
0.44813743
1.0744219
1.0846986
0.7941313
0.70067316
0.46278158
0.5727755
1.0503412
0.59800416
1.0233073
0.5793454
1.0162852
0.76134145
0.56534904
0.43531793
0.71615595
0.68914133
0.72184813
0.9410082
0.67481226
0.42920142
0.85378486
0.7593121
0.4818825
0.9634994
1.0105007
0.6044782
0.7255612
0.9779764
1.2041066
1.1296726
0.9855408
0.5416092
0.42708197
0.30194345
0.98462224
1.1020799
0.49277565
0.80664766
0.8763139
0.80013484
1.1019871
0.8503438
0.6175756
0.5340723
0.8143663
0.682243
0.67001283
0.85937655
0.5247109
0.34770453
0.8465055
1.0748603
1.084835
0.79751045
0.6322619
0.51627904
0.88246864
1.0275571
0.34035268
0.51051825
0.35506693
0.42965463
0.76834106
0.7394987
0.36356142
0.91234314
0.6573665
0.7297555
0.8939887
0.48997816
1.0000865
0.49228942
0.9180609
0.8308511
0.7738876
0.54039943
0.87944865
0.35647622
0.42026842
0.32979298
0.51015323
1.1844482
0.52595866
0.40368336
0.5607287
0.5361185
0.34352866
0.43064073
0.58544123
0.6819875
0.8292024
0.28946543
0.37085053
0.7959871
0.6301966
0.34116256
0.7742636
1.3999811
0.80118024
0.72383106
0.46518287
0.52736956
0.8967283
0.80506253
0.67482823
0.92620397
0.33581597
0.3435763
0.7113884
1.1187994
0.5155305
1.0746497
0.6840976
0.84451276
0.73846185
0.7827474
0.48559827
0.6235282
0.38113576
0.4727608
0.8913295
0.7146998
0.8838637
0.97714686
0.784612
0.29474366
0.87665224
0.49880576
0.74148977
0.718676
0.7070659
0.7441934
0.39204213
1.0016956
0.58148015
0.58333415
0.5739592
0.6490162
0.63555187
1.2117991
1.2773077
0.5256567
0.7478859
0.47007316
0.67328393
0.63845944
0.5218361
0.5040602
0.6822158
0.46870387
0.79437566
0.46325696
0.46212232
0.40268847
0.4693087
0.4824532
1.0142201
0.62760085
0.49189857
0.70762414
0.5880695
0.41654068
0.99779415
0.6531854
0.2605373
0.8961346
1.0290132
0.33407903
0.6361595
0.51300585
0.64254445
0.5591675
0.59281194
0.4871551
0.44143695
0.3757378
0.6750256
1.0346758
1.2568649
0.7455515
0.81789994
0.7724041
0.83566505
0.6784786
0.83179855
0.3366992
0.7060018
0.9568106
0.85303205
0.21996507
0.8383936
0.942679
0.96884835
0.6687538
0.63145995
1.0028716
0.68089986
0.6944338
0.7899689
0.6001806
0.29501772
0.6740748
0.79003
0.57783604
0.6823616
0.59498864
0.20381843
0.3331094
0.45334142
0.64490473
0.9987637
0.8573016
0.19093862
0.7432048
0.8760433
0.45097545
0.46212354
0.57127357
0.6820243
0.25645846
0.9334911
0.9565784
0.93531567
0.52571934
0.9362615
0.49095514
0.67726135
0.64449275
0.31103578
0.71723986
0.75152844
0.33265108
1.0235136
1.103547
0.6118482
1.1341903
0.59442616
1.1288209
0.2906101
0.62185
0.9582111
0.85938156
0.9681731
0.25085127
0.38608468
0.38890123
0.33731535
0.3777793
0.9554414
0.79759556
0.43349677
0.49945074
0.5422753
0.7157419
0.62531674
0.6030115
0.8401362
0.578477
0.8867015
1.0991838
0.7862964
0.5171008
0.24925508
0.39735946
0.4942708
0.4925839
0.51366115
0.92376083
0.69734484
0.8765356
0.7443674
0.5995771
0.53810644
0.9916753
0.7312328
0.81504136
0.48538083
0.9309994
0.5534025
1.3236927
0.72405916
0.13748994
0.45791987
0.5577604
0.85010946
0.7326655
0.43269655
0.6521917
0.41239884
0.56770694
0.5610788
0.94316465
0.29453912
0.81457883
0.2104888
0.9116086
0.46113586
1.0675247
0.63580525
0.7013818
0.22145303
0.94613284
0.913207
0.5692181
0.57374895
0.21349107
0.5933547
0.756071
0.31807774
0.2096707
0.8651248
0.68021595
0.62268424
0.6934614
1.0241145
0.7737401
1.3171804
0.61903024
0.7086412
0.6116269
0.884104
0.57398826
0.94181687
0.86823624
0.8489984
1.0057243
0.41838288
0.5637161
1.0907863
1.0549514
0.74137044
0.9087196
0.29169247
0.92818546
1.2254924
0.30578712
0.60157967
0.8740247
0.39126536
1.1809585
1.0733157
0.47613794
0.9544493
0.9910002
0.90164334
0.9584391
0.7590845
0.7451587
0.6719279
0.7477674
0.8731704
0.68378925
1.1653928
0.54824805
0.78754455
0.46685246
1.0868706
0.60951126
0.25269574
0.54343474
0.41175336
0.5897602
0.6183294
1.105752
0.6650317
0.26915497
0.7165723
0.87743735
0.2719802
1.1443065
0.89133346
0.6875668
0.5332788
0.7847587
0.56925786
0.62941134
0.45302257
0.9628945
1.0139134
0.24184643
0.59712994
0.62014985
0.6082809
0.8507235
1.0700743
0.74493665
0.35194787
0.7364386
1.0266666
0.70563686
0.7059929
1.0060188
1.3608441
1.0198709
1.0232425
0.43680122
0.77910733
0.43552858
0.8539482
0.8585138
0.77261907
0.28604925
0.6614751
0.76638526
0.5844285
0.7178314
0.2553988
0.47673908
0.37163502
0.84982324
0.7993402
0.7280655
0.74631613
0.7399299
0.7806167
0.5001869
0.8752005
1.3807817
0.6018114
0.5867247
0.52278346
1.0754453
0.53725606
0.9873679
0.59051555
0.12844966
0.38594675
0.6686367
0.5491175
0.44426468
0.6646183
0.76790434
0.49784386
1.0036383
0.4528956
0.8060653
0.7101362
0.66945636
0.7402789
0.5821644
0.30425847
0.8294082
0.84381217
0.92562485
1.0459976
0.9889292
1.0306381
0.703336
0.33151418
1.0163425
0.94331604
0.58999985
0.73227495
0.8491098
0.26977786
0.8568233
0.6255134
0.7960087
1.0150054
1.0241724
0.86688066
0.72824436
0.7539301
0.2799486
0.939669
0.78817666
0.9654005
0.3411769
0.84379256
0.55018395
1.3876107
0.50971997
1.2804631
1.1696074
0.4362557
0.4317638
0.5643153
0.70761895
1.0349249
0.68194586
0.5324512
0.956938
1.0647813
0.65781677
0.492803
0.41164398
0.24556497
0.93226117
0.4149813
0.9081228
1.1073704
0.2288507
0.52357596
0.5730146
0.75048983
0.41101176
0.96063495
0.7462831
0.46750075
1.0549974
0.7621531
0.46135008
0.70806575
1.3856386
1.0019298
1.323456
0.17299677
0.9555212
1.122084
0.93988186
0.70876086
0.95335
0.54897976
0.46902904
0.5851807
0.90308064
1.0195994
1.158437
0.9383223
0.42507288
0.8087417
0.84627026
1.0390602
0.87745064
0.7383829
0.96109384
0.20932387
0.2400066
0.38481575
0.99682635
0.8556341
0.7477332
1.1741291
0.94193304
0.53553283
0.44470537
0.90375435
0.6416109
0.40253082
0.78667694
0.55808806
0.4708006
1.054428
0.7160519
0.5311476
0.87640136
0.7713921
1.0572804
1.1881838
0.6796555
1.2791926
0.7256411
0.68320566
0.20394123
0.76676744
0.7304963
0.9657167
0.75898373
0.73849
0.84616244
0.70803225
1.1922517
0.4135328
1.1976657
1.237785
1.080576
0.5782272
0.60003024
1.0432342
0.28660443
0.48442596
0.8660326
0.6586876
0.9770722
1.0703437
1.1757714
0.98185956
0.2690778
0.9746228
0.742183
0.43252683
0.9188728
0.794983
0.7263192
1.0521215
0.71842414
0.8122204
0.5450667
0.31069717
0.47313133
0.95621115
0.5916154
0.93751764
0.621909
0.39387184
0.3921664
0.85985756
0.8077015
0.7097669
0.8720139
0.8122074
1.0158246
0.874182
0.63297486
0.8645371
0.57454395
0.4939527
0.85457355
0.33314553
0.56543326
0.6311676
0.8934153
0.4865889
0.52473944
0.66460264
0.7717163
0.70971906
0.20938624
1.01928
0.61596996
0.56240946
0.25243333
0.6101754
1.100055
0.65144885
0.53565544
0.72690576
0.7265631
0.77979463
0.98599
0.71146625
0.679783
0.6584716
0.57395375
0.84457594
0.93279624
0.5205158
0.3211526
0.88479096
0.9346783
0.8817824
1.1939847
0.48126826
0.7530036
0.98837817
0.65877604
0.29201987
0.8497263
1.0233705
0.81462395
0.4748707
0.39600778
0.21405211
0.8909056
1.0837008
0.668901
0.46486798
0.9751779
0.12184821
1.3142273
0.5518074
0.50281334
0.7306852
0.83102334
0.43756893
0.68747824
0.7490206
0.6635233
0.53318393
1.2725664
0.7617088
0.62725383
0.30627593
0.68947697
0.37381998
0.9999126
0.34112015
0.90200746
0.95122874
1.288341
0.44239756
1.238331
1.0608479
0.6507109
0.5503645
0.40071806
0.81557155
0.6353415
0.8952895
0.693748
0.49673906
1.0660064
0.47182304
0.5848107
0.40377057
0.87996054
0.6728409
0.75569826
0.5730766
0.7813242
1.2744012
0.40780848
0.5932322
0.698046
0.62957925
0.7229393
0.26948014
0.6543384
0.8421769
0.6870687
0.54459506
0.5744698
0.23783004
0.53373694
0.8956118
0.6185171
0.6823249
0.6220577
0.60388845
0.9596519
0.33675432
0.77533126
1.0986663
0.9019966
1.0669221
0.15775147
0.5298693
0.1754243
0.7419566
0.7788757
0.69396394
0.65486294
1.2683005
0.7283364
0.26592433
1.2691371
0.9997329
0.74292654
0.483289
1.0506046
0.5224347
1.1692061
0.5663456
1.11272
0.20367727
0.817394
0.8286828
0.12695774
0.5933575
0.35464528
0.67154914
0.90616244
0.8564485
1.0513515
0.43854412
0.46562824
0.6771713
1.2602504
0.8092993
0.85622084
0.5731847
0.54073024
0.35479563
0.43553272
0.72524446
0.5028623
0.7481078
0.5954044
1.1420956
0.9158088
0.56762505
0.61450523
0.41420382
0.8895179
0.7287714
0.8169307
0.8287648
0.70957726
0.39066672
0.61070645
0.52158016
0.18820906
0.8612092
0.48858458
0.6436993
0.48227936
0.55426615
0.4363645
0.5663321
1.0089197
0.64382917
0.7764896
1.0409532
0.48442298
1.0887837
0.4271241
0.57103235
0.6198771
0.84120506
0.90994745
0.5855977
0.58843267
0.30262297
0.77102464
0.46892935
0.40193388
0.55188495
0.6410896
0.68466705
1.1749845
0.77442175
0.9276021
0.79937494
0.6191781
0.76642275
0.6922028
1.130174
0.6591932
1.202071
0.8008806
0.7507668
1.0877697
0.95333123
0.5401676
0.2718581
0.38590625
0.3619972
0.8676718
0.8432406
0.31736395
0.99253505
0.89531183
0.5672748
0.6493306
0.34369266
1.0799443
0.44758922
0.57189685
0.95531994
0.685763
0.93092495
0.634188
1.13005
0.4697302
0.53181964
0.91261035
0.826185
0.7371668
0.6875811
0.52287537
0.33004394
0.986734
0.49713093
0.74664575
0.62628114
0.31261873
0.5534087
0.6428497
0.54603976
0.99801195
0.42148963
0.8088926
0.40411982
0.32146624
0.6175872
0.9768884
0.36749214
0.93104106
0.97964144
0.21947254
1.2764617
0.71660715
0.98695415
0.80871844
0.8662748
0.694831
0.85895735
0.41759825
0.34775665
0.7002289
0.34022418
0.3384933
0.9099537
0.8253255
1.0319914
0.8885812
0.4916198
0.80566907
0.9448924
0.39784616
0.84984916
0.60978794
0.5232103
1.148343
0.18691187
0.47865123
0.42268756
0.8051432
1.3402954
0.45731187
0.41360196
0.50840443
0.94980705
1.2634968
0.82751995
1.0477357
0.68148345
0.62105805
0.9528176
0.31568524
0.71609956
0.64192116
1.1755403
0.6355667
1.2091835
0.56374127
0.8036926
0.52951425
0.61725575
0.36790812
1.1755284
0.82416993
0.8519833
0.7022769
0.65833056
0.73072356
0.9481916
1.093481
0.90415204
0.88674766
0.55421793
0.7206372
0.9109474
0.33781487
0.33931473
0.30626535
0.73391217
0.26637995
0.4827685
0.500424
1.2004812
0.6772853
0.7349639
0.5677985
0.25089458
0.9103107
0.92525595
0.8145014
0.85033613
0.90687495
0.91480744
0.6688723
1.1979676
1.0016177
0.85032564
0.6545717
0.76650214
0.6293121
0.96291506
0.83505124
0.6872062
0.95591176
0.8228662
0.844646
1.0316974
0.7009607
0.448315
1.2286052
0.75656956
0.62663597
0.98839176
0.82110053
0.75531596
0.61029583
0.68806946
0.63223165
0.6194004
0.77893615
1.338981
0.6151128
0.3716393
0.58567005
0.5414876
1.1955001
0.6217765
0.9676011
0.53955126
0.61705834
0.49792483
0.82759553
1.007268
0.38488233
0.5854257
0.3133976
0.6258593
0.37810436
0.9068213
0.6474994
0.26781407
0.51872015
0.7485941
0.9521476
1.1875052
0.48414278
1.0961281
0.45987222
0.7620576
0.6935937
1.0068066
0.68338007
1.1765237
1.023698
0.76703024
0.7099751
0.82166153
0.8371664
0.5388506
0.76784164
1.0946678
0.5115916
0.88450944
0.7702215
0.39293423
0.21101426
0.78885084
1.0990194
0.96283567
0.5321867
0.82269424
0.83735174
0.99553055
0.8931377
0.72054327
0.9310452
0.48501223
0.42979097
0.5617646
0.76659954
0.2938595
0.8253585
0.46909893
0.61689633
0.24786103
0.32290024
0.88906753
0.38088453
0.9012471
0.65598166
0.73244363
0.7138879
0.9250933
0.97236717
0.34879354
0.41770685
0.72821605
0.80475223
0.36102858
0.7854955
0.9012223
1.2001702
0.877982
0.4115641
0.89151204
0.6410364
0.924389
1.0481709
0.31761438
1.0757045
0.78775936
0.89123553
0.594957
0.79395497
0.83173656
0.74127847
1.1724439
0.83672214
0.8253524
0.46763763
0.36610633
0.82073426
0.38535598
1.1679363
0.5483121
0.5603362
0.7836696
0.4496375
0.27634075
0.34060934
0.9209797
0.75489473
0.55921775
0.69125766
0.4162197
0.6322557
0.71573156
0.85040563
0.8255042
1.0917286
1.168353
0.8785572
0.83521485
0.59740955
0.8502677
0.5007282
0.929021
0.5843773
0.84816414
0.62876767
0.56321216
0.8279848
0.81035787
1.0782983
1.0697371
0.91520435
0.9833613
0.6204714
0.56420636
0.78268814
0.7936138
0.72700375
0.4972637
0.344336
0.7583366
0.58057535
1.0227151
1.1060168
0.83561623
1.2022216
1.1253365
0.2340375
0.8193166
1.2007319
0.4026765
0.27309674
0.41272977
0.5568799
1.1565505
1.1301818
0.51631236
0.34301165
0.4837438
0.68533915
0.8778612
1.3816404
0.058099885
0.87955016
0.807334
0.57335305
0.49940842
0.55000424
0.9913733
0.80309534
0.8825697
0.37684947
0.61921024
0.6189356
0.65402687
0.8512295
0.5826756
0.8649691
1.0432523
1.0108726
0.7086172
0.5993454
0.6591958
0.7525146
1.0908598
0.55184644
0.44570044
0.6311566
0.95193094
0.37535352
0.85307443
1.1315935
0.90463495
1.005318
0.81978214
0.7777055
0.8514719
0.9538764
1.0449495
0.40885267
0.35593456
0.90231067
0.91553736
0.81133366
0.67991006
0.62603414
0.5331082
1.2060943
1.1609474
0.8915204
0.6474927
0.1604754
0.3185422
0.7155482
0.16324873
1.2101238
0.9356743
0.74076855
1.2089376
0.6276377
0.6338303
1.1672586
0.93896794
0.56194305
0.54142076
0.63883406
0.27961978
0.9909139
0.97817725
0.72979057
0.7578198
0.18477628
0.89734596
0.8227208
0.6893763
0.7376873
1.1484278
0.98964924
0.7003046
1.1281745
0.7863998
0.5570713
1.0472863
0.69132733
0.22716738
0.60478145
0.20963213
0.66915953
0.9011248
1.053487
0.5054214
0.5318486
0.19210647
1.3716935
1.1090615
0.48948696
0.4143779
0.59758484
0.7294239
0.6305064
0.6040326
1.0613596
0.82758826
1.0952066
0.5907371
0.3991106
1.06334
0.32282674
0.6446762
0.8332597
0.6544322
0.73708695
0.8954576
1.028618
0.9178207
0.6471187
0.4172036
0.7634882
0.6997219
0.81319517
0.96033096
0.84716433
0.11423503
0.8546941
0.6699047
0.49025652
0.3119083
0.32395223
0.21129327
0.81919926
0.77496547
0.60861176
0.46295783
0.45249966
0.67916
0.8819568
0.4736902
0.44626454
1.1828219
0.43279427
0.71334493
0.60496354
1.3904763
0.9240455
1.0263501
0.5244844
0.17299981
0.14453834
0.38110363
0.8289648
0.49512294
0.7578703
0.4079975
1.0052344
0.39652696
0.9501553
0.65487355
0.4217876
0.5510246
0.41354817
0.4543153
0.73410153
0.41845274
0.7344291
0.7367632
0.5986827
0.5944404
0.91064453
1.1098568
0.75352126
0.74628454
0.42683658
0.5609796
0.52308273
0.7758408
0.12261533
0.65318364
0.47190768
0.86822194
0.8592569
0.6982848
1.0420214
1.1044064
0.9570407
0.67710906
0.36623368
0.58123523
0.36780292
0.9703266
0.93697685
0.71159357
0.68079793
0.42493752
0.43913913
0.67840195
0.7779385
0.10081018
0.8878422
0.74082154
0.19120085
0.3129508
0.35929474
0.6702843
0.9736238
0.42506164
0.84172267
0.56438524
0.89877164
0.6936147
0.8050181
0.4764442
0.19106412
0.24284916
0.49814284
0.86770886
0.6206475
0.44538614
0.6587652
0.9436609
1.0262904
0.85055923
0.56222194
0.7385296
0.4996798
0.69843876
0.6091808
0.39330068
0.6151238
0.75440246
0.8923304
1.0604584
0.45911387
0.8502037
0.82734144
0.14233536
0.49316707
0.8587688
0.92564654
0.6706679
0.9402739
0.7728126
0.51708263
0.87408155
0.6062324
0.5860244
0.47939792
1.1123015
0.7608105
0.16444068
0.7930084
0.6591465
1.0898701
0.5772831
0.9831384
0.654872
0.2390782
1.0025415
1.1421564
1.0340395
0.92250496
0.8864004
0.88190675
0.27793065
0.82568157
1.0617826
0.23634224
0.62081534
0.6511875
0.92145365
0.8453069
0.59601915
0.87528074
0.80622816
0.65369964
0.6557524
0.43346125
0.6164661
0.5496399
0.62620085
1.1771502
0.8166784
0.7927708
0.75852364
0.44437292
0.35117412
0.9665735
1.1635774
0.51749283
0.7581272
0.8706496
0.7637983
1.1408788
0.9824025
1.1585792
0.57389754
0.65290946
0.6047989
0.8212769
1.2682108
0.47454453
1.0957797
1.0959901
0.41266334
0.38635644
1.1164306
0.42549744
0.52806544
0.46426946
0.67143536
1.1585631
0.6625756
0.5570594
1.1618339
0.66162866
1.095952
0.43712837
0.47878554
0.7573478
0.417067
1.2506206
0.44530058
1.1341662
0.35297316
1.1239884
0.76399267
0.8319324
0.90605557
1.1555711
0.7627015
1.1588314
0.33781067
0.49402887
0.616931
0.8794973
0.9434587
0.46657723
0.92881095
0.7418695
0.5852159
0.7273131
0.7874038
0.24124426
0.91508824
0.7945963
0.83521783
0.8544192
0.66234565
1.1518869
0.72486067
0.6375433
0.70543605
0.53811824
0.8078552
0.51473296
0.5924153
0.5000464
0.9312017
1.015312
0.33222756
0.74175984
0.7820691
0.282646
0.33534282
1.0463294
0.4260186
0.8111823
0.37013277
0.27002147
0.9614084
0.54739136
0.20159209
0.7383076
0.9227561
0.74701005
0.517047
0.8346241
0.98554415
0.54344755
0.44803894
0.7509725
0.221589
0.54996073
0.48794562
0.4758297
0.88313437
0.82936215
0.70340306
0.58211416
0.9656198
0.54065377
0.6240073
0.65305495
0.74598616
0.8012145
0.86517406
0.93646395
0.83861405
1.2491891
0.91720426
0.18338807
0.8707091
0.9828817
0.7212139
1.0208791
0.48609293
0.696752
0.80388767
0.8879585
0.4968526
