0
480.48
445.75
438.76
453.09
464.43
470.96
464.0
428.77
484.31
435.29
426.25
480.66
460.17
453.13
461.71
471.08
473.74
448.56
427.28
441.76
474.71
438.67
485.66
452.16
442.85
433.59
433.04
458.6
435.14
443.2
477.9
445.26
447.42
462.28
441.81
454.16
437.24
440.89
440.0
431.35
456.32
432.98
429.41
464.95
481.91
432.43
441.03
468.91
432.46
430.07
437.78
483.12
462.19
457.71
438.32
434.35
475.88
479.28
446.85
434.99
455.14
431.26
437.76
464.63
462.58
483.27
438.51
431.03
431.64
439.46
467.23
447.15
442.0
481.28
437.54
436.76
446.08
474.35
481.96
479.66
454.14
455.76
449.47
445.76
473.57
437.96
438.59
458.85
435.68
445.43
453.96
463.93
465.82
471.6
468.54
434.08
454.57
489.79
481.78
457.9
472.16
470.33
486.68
472.68
466.58
436.99
470.87
457.77
448.15
442.87
477.93
459.06
456.18
454.39
453.31
436.37
458.87
470.67
475.54
432.72
441.41
472.9
457.83
462.05
445.3
435.94
472.71
464.5
435.04
472.47
459.31
434.62
435.34
430.64
447.16
470.41
483.59
432.74
484.75
445.82
452.47
459.76
445.3
486.9
454.89
440.5
435.04
472.16
442.16
442.49
471.42
463.34
433.97
487.0
480.19
479.56
470.03
429.57
435.62
443.84
447.26
430.3
475.01
445.11
446.14
439.04
438.46
468.57
461.55
468.02
447.18
444.69
474.1
425.18
436.21
460.3
484.78
452.17
434.47
459.76
468.81
454.29
442.8
447.43
477.03
456.57
440.03
440.21
457.81
433.34
485.19
450.96
446.05
469.31
479.01
432.46
458.59
442.9
432.43
455.07
431.99
439.22
433.14
483.95
478.29
453.08
463.14
460.38
437.19
478.02
456.07
434.01
476.99
435.31
432.85
453.8
431.69
488.05
429.13
464.09
472.32
487.57
449.08
474.16
454.25
462.98
434.04
437.42
457.12
457.49
443.41
487.33
434.43
439.96
442.58
436.88
441.94
438.62
470.55
441.76
450.88
482.89
458.67
466.52
444.16
475.01
471.43
455.24
445.49
475.0
474.22
445.71
437.87
467.44
437.14
447.2
478.12
445.65
445.83
449.36
452.99
431.72
433.08
463.03
430.91
430.34
449.66
436.38
452.07
467.46
442.48
462.6
448.46
434.11
439.29
473.2
495.23
442.75
480.74
489.54
477.61
474.93
447.89
481.02
440.92
453.38
482.37
443.39
449.93
438.9
446.72
461.54
444.53
479.61
453.76
430.28
474.57
466.33
433.72
432.85
439.37
488.8
445.1
433.01
473.09
441.53
479.15
469.25
460.01
454.01
481.08
460.57
478.24
431.83
442.77
467.42
447.8
436.19
447.28
450.7
432.78
438.23
438.44
473.43
450.86
435.12
477.05
432.6
432.43
486.46
468.14
429.08
477.65
442.65
478.44
447.18
472.67
461.6
447.85
473.31
482.31
447.67
434.45
446.33
466.24
445.92
472.06
439.13
485.58
456.57
483.83
429.31
443.87
476.9
464.58
445.56
434.97
475.72
431.18
469.79
467.97
475.5
467.1
483.77
438.5
465.24
469.15
472.14
437.44
477.27
439.31
479.32
445.84
449.76
444.96
457.15
429.28
431.66
440.86
465.29
467.0
452.0
448.51
474.72
482.39
478.45
466.88
485.61
487.71
476.69
450.4
439.39
439.13
435.7
441.5
434.14
450.3
464.27
481.41
457.64
437.35
474.03
454.06
425.35
430.46
435.75
452.82
464.07
448.77
429.86
447.03
434.91
443.81
430.15
452.8
432.19
442.19
432.92
449.45
468.74
474.6
454.53
435.94
481.89
454.09
484.42
456.97
481.92
437.55
428.87
445.89
457.81
456.77
472.2
455.16
454.2
452.84
430.32
443.85
449.16
463.67
460.59
444.69
448.11
433.71
447.86
478.98
479.13
439.51
478.34
458.8
440.1
460.2
475.23
459.84
444.78
489.8
465.35
431.73
436.53
469.25
447.73
435.23
437.46
440.8
426.53
458.41
479.83
456.4
455.32
449.34
449.54
475.87
483.43
430.9
446.4
434.53
431.72
476.42
467.08
487.17
481.37
450.02
466.85
434.64
442.5
443.93
473.67
466.45
432.18
463.5
434.24
438.64
450.23
485.1
470.84
450.25
432.52
429.92
474.27
472.7
435.46
436.47
430.81
435.53
463.35
447.83
467.22
438.69
452.75
441.22
452.0
440.07
468.29
438.73
472.28
469.06
453.79
460.64
462.67
437.67
427.2
438.41
446.98
483.04
468.37
455.53
442.45
475.86
477.51
439.16
445.51
449.11
462.55
462.21
440.75
437.72
469.13
446.58
444.05
455.5
472.04
432.49
441.2
447.84
442.13
441.77
464.81
482.31
483.62
431.16
428.24
453.28
467.61
449.48
435.56
482.34
448.58
475.46
463.17
476.97
446.62
446.63
447.85
466.2
449.66
454.47
438.82
443.61
447.05
461.58
464.79
466.24
483.66
447.06
437.65
438.09
455.51
438.95
477.32
475.08
475.51
430.79
448.56
432.44
447.26
442.47
466.15
478.37
469.53
442.23
474.45
440.97
445.82
443.88
441.08
476.92
448.84
440.45
447.26
467.96
471.49
473.33
477.22
441.66
440.52
440.74
438.2
431.17
430.8
469.62
435.1
472.55
443.62
433.71
475.33
430.48
445.09
480.84
470.82
436.51
482.63
440.0
431.0
467.23
465.67
443.72
451.11
458.5
465.93
435.51
477.22
459.06
430.42
466.08
436.16
479.64
443.58
430.05
448.65
442.69
442.96
483.12
472.46
481.46
480.38
477.74
484.21
436.02
463.03
436.75
433.1
434.88
472.45
477.8
467.05
471.05
439.14
436.95
441.45
446.17
451.94
446.05
442.88
452.5
445.44
470.82
458.66
440.3
428.42
434.75
472.36
426.69
451.01
438.83
432.35
433.89
483.3
437.55
446.87
471.91
426.9
426.46
438.22
430.12
455.63
429.15
441.68
454.2
436.7
474.97
465.8
463.29
453.5
481.51
428.88
473.76
436.9
444.71
458.94
445.35
454.44
425.48
432.82
477.49
434.76
436.96
447.28
470.88
471.19
463.09
454.14
467.96
445.77
434.43
478.31
476.67
468.87
446.7
449.59
466.75
458.26
471.55
471.46
464.5
460.95
443.67
433.09
430.7
478.66
446.37
445.21
468.94
458.18
431.23
447.06
484.19
433.35
474.17
443.93
429.99
439.84
464.81
442.25
448.27
480.38
455.79
472.11
466.73
430.72
465.64
430.81
450.25
452.11
427.21
469.5
483.56
437.9
450.33
440.75
436.36
442.18
475.9
429.38
476.71
443.06
435.66
431.47
444.71
484.96
464.12
457.92
465.64
464.07
479.95
435.36
457.89
459.23
433.99
442.03
431.97
477.38
440.58
446.04
436.25
447.28
432.88
478.06
439.81
434.01
444.64
452.21
429.02
428.87
477.52
441.99
471.73
477.62
447.49
446.22
473.59
478.02
451.94
444.82
443.02
447.12
459.1
449.87
456.87
477.38
488.63
471.97
480.07
464.66
437.14
474.67
462.58
437.75
469.52
450.98
473.26
488.36
457.66
485.24
467.44
433.15
486.15
466.79
456.57
449.54
443.82
435.06
483.08
432.09
456.21
432.25
452.96
443.55
463.0
477.8
438.79
452.57
437.41
431.26
463.44
454.13
437.95
458.59
463.47
470.77
479.88
433.4
438.99
451.08
485.95
431.09
464.33
444.86
435.14
474.24
441.92
438.24
435.97
440.1
448.83
460.97
455.52
466.71
437.16
465.99
444.19
464.95
464.59
431.53
461.61
444.5
436.6
439.35
456.28
476.49
431.18
464.62
472.79
439.56
447.78
447.01
442.2
449.73
433.75
451.9
430.58
454.4
441.93
474.97
437.42
436.58
466.05
432.13
477.26
438.52
443.04
438.15
449.96
437.17
436.17
437.39
466.34
441.36
482.46
443.01
470.92
438.43
445.61
443.01
473.32
473.51
445.19
466.36
436.89
468.84
433.25
440.74
449.84
436.33
462.54
439.14
461.34
450.48
474.29
465.81
484.51
470.98
459.77
444.98
453.27
437.47
466.05
425.98
488.03
440.79
441.21
478.94
475.77
461.86
495.35
439.33
436.92
480.99
469.57
469.68
464.93
483.39
431.36
475.09
438.28
470.9
455.31
446.88
435.9
446.62
457.28
484.33
430.19
430.31
464.91
481.44
468.63
485.7
453.9
448.69
460.33
474.75
475.14
456.41
452.86
454.66
450.53
437.63
433.45
481.18
452.28
436.44
439.84
438.25
458.19
452.24
470.82
469.93
449.01
445.29
460.1
460.97
430.37
438.17
465.32
472.04
485.49
471.89
483.94
433.34
481.66
466.99
436.0
440.96
460.35
466.27
446.75
468.87
464.13
445.22
440.69
453.54
465.41
429.62
454.72
430.12
432.84
473.75
444.28
431.96
447.7
451.8
430.88
435.57
445.44
437.93
429.64
477.23
482.57
443.75
444.19
488.2
467.32
446.23
453.58
431.59
471.41
433.39
446.44
486.06
452.56
469.23
464.23
473.66
442.48
453.56
440.22
462.03
434.73
446.5
465.87
452.93
467.53
449.26
453.66
471.32
482.98
453.08
455.28
427.61
462.1
477.17
457.01
451.62
475.51
444.66
483.17
436.62
472.01
477.0
470.39
434.21
444.88
440.66
453.12
441.18
480.59
492.39
451.21
442.27
444.49
481.88
439.63
445.6
463.72
443.99
478.03
480.38
479.48
432.93
490.02
490.57
476.87
470.88
454.1
438.63
457.8
446.33
466.59
470.59
461.73
486.76
464.38
473.05
444.44
444.61
469.32
433.13
444.14
436.12
436.62
442.5
475.61
438.04
430.55
439.91
444.53
474.28
438.26
467.32
447.06
478.05
441.13
463.11
482.0
453.87
434.72
442.6
456.4
441.08
437.49
431.28
447.69
480.38
453.64
437.28
452.64
440.02
429.2
452.77
475.59
477.67
434.1
437.32
447.58
444.6
430.55
484.5
446.31
476.87
437.82
458.53
436.29
439.9
432.51
436.99
440.04
451.05
491.23
438.61
451.06
476.49
463.97
469.8
480.97
435.47
434.0
485.67
481.58
485.73
474.91
437.8
426.98
431.69
474.79
430.82
485.27
433.49
491.37
463.57
449.6
448.09
447.93
431.93
430.54
456.72
434.24
474.57
478.8
450.18
486.84
442.76
480.59
466.01
452.5
449.61
446.46
431.27
440.81
451.97
482.3
469.6
446.05
473.22
443.94
436.92
447.31
430.85
488.54
463.1
463.65
443.31
430.28
446.05
472.41
471.61
469.12
437.21
464.14
437.04
466.24
430.14
467.4
438.73
442.78
436.71
469.44
427.83
427.69
440.86
442.19
459.98
435.26
440.58
466.17
464.68
452.89
430.39
442.56
429.97
438.73
436.29
454.34
435.94
448.61
477.78
478.52
464.26
459.6
430.42
449.18
443.53
449.55
487.45
453.32
457.66
484.03
444.91
485.98
443.06
461.7
430.66
468.35
430.62
450.05
443.12
438.41
440.96
440.96
467.79
434.65
459.8
448.72
453.1
447.13
435.9
480.36
448.32
442.35
450.67
461.73
448.92
461.55
446.55
456.13
468.49
475.02
459.69
457.14
434.83
485.26
437.9
427.9
446.17
441.75
467.91
455.96
450.0
476.99
442.7
450.07
430.73
441.29
484.55
445.58
472.11
468.88
433.73
482.71
426.82
437.96
438.5
436.94
446.33
429.5
440.04
494.87
464.86
447.88
456.08
469.33
436.82
440.43
461.27
473.99
464.5
444.48
487.63
469.37
435.9
433.89
466.7
464.74
487.71
476.12
464.36
473.63
489.86
453.03
478.43
466.22
467.83
445.18
462.48
463.69
474.25
490.34
469.86
434.93
475.02
457.11
474.99
454.94
468.4
468.67
433.31
447.16
451.81
440.51
430.8
428.0
436.89
436.56
483.61
462.87
444.78
464.72
460.84
470.84
477.99
465.45
464.25
442.38
491.81
435.82
446.96
450.88
440.99
435.56
434.27
444.57
433.31
440.29
488.98
468.8
429.25
435.59
476.37
468.47
436.08
495.24
431.18
484.42
443.61
470.04
465.24
489.95
442.81
473.01
447.95
440.31
436.27
475.7
448.93
465.89
440.43
450.05
432.67
434.66
482.36
463.65
472.62
481.56
471.26
477.02
462.32
462.08
435.66
435.47
448.1
445.0
438.42
456.59
463.37
480.14
444.4
448.73
484.08
488.92
440.57
434.09
437.11
456.17
467.33
461.31
478.21
464.62
480.04
431.84
470.44
428.27
451.5
472.95
454.4
469.34
452.52
431.21
471.44
466.83
458.04
430.41
431.92
428.44
433.48
443.65
431.77
477.23
450.09
445.76
440.23
483.56
445.68
454.99
467.81
466.17
439.33
479.22
467.28
438.5
455.8
450.33
453.39
440.51
449.01
442.3
440.68
466.05
480.62
482.02
490.41
434.95
450.62
436.24
465.09
425.66
432.13
439.24
448.22
438.97
448.75
462.11
442.84
430.49
461.96
441.78
476.0
459.79
484.9
460.56
466.67
433.45
436.23
440.08
441.99
461.8
458.12
443.94
466.68
474.07
486.18
465.89
464.77
477.94
441.04
455.5
474.81
481.44
472.84
474.79
475.06
431.54
476.75
444.54
477.34
446.28
464.72
443.73
474.88
448.54
438.47
429.96
448.52
478.53
440.56
434.82
432.06
468.45
445.65
457.74
454.78
480.49
434.91
478.58
431.62
465.78
470.86
460.87
479.18
440.6
433.44
486.08
435.76
438.26
452.82
441.53
436.7
468.09
441.64
469.69
444.74
480.05
450.38
463.6
448.15
439.38
441.17
439.46
469.17
468.63
449.06
460.07
427.51
450.96
463.78
425.82
436.36
440.59
432.91
435.23
432.29
446.23
474.47
479.18
484.21
447.29
478.69
447.62
434.8
479.3
470.22
481.88
452.84
492.06
473.89
483.17
480.69
444.0
485.6
437.03
438.36
435.6
481.96
464.58
433.97
431.33
464.7
448.25
463.4
470.37
449.65
441.4
474.61
459.61
442.92
465.85
440.12
451.52
431.57
438.25
462.94
480.71
476.7
479.66
491.17
450.01
441.9
440.5
456.68
477.18
462.6
468.27
476.64
468.63
446.74
466.38
459.83
469.27
494.39
473.84
451.38
461.07
469.73
470.39
473.84
458.69
475.58
428.9
479.78
442.58
464.6
435.02
479.32
476.72
441.99
462.69
447.07
458.08
445.82
442.49
454.51
437.73
435.96
445.37
447.1
425.72
473.87
488.13
464.82
453.76
459.89
470.67
470.36
485.92
471.79
475.24
446.84
481.15
430.37
435.15
470.27
430.46
446.11
438.96
429.21
435.05
430.47
433.3
435.4
459.64
462.4
459.62
435.79
435.13
434.78
450.6
441.92
430.82
461.64
435.51
483.03
437.26
444.44
463.77
440.78
451.77
472.45
469.41
438.89
437.1
479.53
479.03
434.64
448.33
472.77
447.03
435.29
465.78
481.52
486.39
474.57
479.24
433.43
444.05
471.09
450.53
438.29
457.8
433.25
438.47
473.28
456.84
434.65
471.0
436.68
478.13
451.82
466.01
429.97
466.2
456.61
430.63
467.41
433.27
427.11
488.7
476.5
440.2
464.3
479.86
436.43
490.81
448.04
458.66
460.49
481.46
481.46
482.05
471.13
480.41
456.18
430.67
441.35
441.6
448.22
479.89
467.02
433.14
470.95
447.42
444.64
459.96
438.76
450.37
427.91
458.46
426.97
429.86
487.48
435.59
444.15
428.52
448.91
442.23
451.64
441.54
451.95
454.43
467.37
444.05
447.41
446.3
430.53
453.84
426.1
475.66
440.35
476.89
452.57
434.2
433.28
437.91
471.08
480.05
451.28
472.41
455.94
480.54
465.13
438.28
487.36
436.82
455.86
459.18
427.39
465.14
426.96
442.02
430.57
452.46
440.52
442.39
437.59
478.68
439.8
465.72
481.95
439.59
461.16
475.47
487.03
434.98
483.43
463.27
437.62
462.51
486.14
468.02
451.2
456.87
456.84
439.73
438.11
437.7
428.06
430.34
469.67
450.04
435.21
485.76
441.91
431.14
465.82
439.06
433.25
431.32
436.04
428.85
465.43
457.72
459.78
444.17
482.83
450.53
471.8
454.51
443.87
465.41
451.0
440.6
459.73
489.4
443.27
468.13
463.13
447.71
465.08
448.79
440.88
427.45
471.24
444.85
438.23
432.79
465.46
436.51
473.3
441.12
473.73
470.8
459.9
462.37
473.76
470.37
480.01
439.67
432.68
443.45
482.38
481.95
468.83
473.88
432.21
468.86
471.95
431.02
466.56
483.79
432.38
454.75
434.95
475.49
425.55
431.26
447.21
438.01
436.29
474.4
442.75
434.85
441.43
443.95
448.85
461.05
488.5
460.61
484.97
425.34
433.76
449.75
432.47
447.82
449.88
431.19
468.86
426.5
482.74
433.54
479.64
433.11
467.03
462.29
469.54
443.22
438.23
430.38
441.03
473.55
449.94
438.38
465.89
442.87
466.02
433.35
446.93
438.01
445.59
462.3
453.99
475.58
466.69
467.04
437.26
464.93
472.27
461.97
451.7
441.86
436.83
434.85
473.56
474.03
471.84
446.05
453.13
455.61
440.48
437.58
461.58
483.5
465.74
428.69
464.7
449.59
485.57
471.43
474.07
436.67
458.47
437.29
456.54
472.19
448.71
447.81
460.86
449.22
459.09
455.52
437.78
439.11
453.0
427.91
466.8
430.5
441.65
441.32
465.74
452.75
461.29
464.0
453.99
472.9
431.92
466.29
492.12
436.51
455.44
432.28
445.49
456.84
484.12
468.3
440.58
479.98
446.71
435.99
451.13
476.1
451.13
445.6
471.96
433.08
438.5
462.39
481.64
454.26
446.15
438.53
444.7
442.85
434.01
479.61
479.68
479.42
478.81
437.18
456.25
454.25
460.19
441.05
426.35
473.68
431.96
445.22
427.1
480.29
430.16
433.06
442.56
460.07
438.31
476.12
434.83
478.16
434.09
442.31
463.82
447.74
489.96
435.09
433.75
444.95
486.94
447.89
477.57
449.25
428.94
472.22
444.56
440.93
482.77
442.9
447.34
445.98
468.23
432.07
444.34
488.69
458.29
429.73
436.95
441.13
453.86
452.64
446.76
448.87
447.16
473.46
433.04
483.27
448.04
445.37
480.39
463.88
451.05
432.2
489.1
475.51
431.7
428.79
470.63
472.99
442.54
432.92
448.39
494.84
430.54
473.98
445.61
474.49
431.96
457.33
448.83
431.22
445.03
483.63
463.3
453.77
466.78
437.07
450.65
449.48
459.15
465.64
469.25
483.18
460.95
462.5
438.55
470.17
462.51
430.36
471.71
464.27
464.16
452.65
456.55
439.51
468.64
431.39
464.03
439.3
447.83
433.9
479.32
430.8
439.9
470.9
448.65
454.94
434.68
434.5
433.44
477.52
449.6
444.85
492.92
444.06
434.43
462.27
429.59
432.82
473.36
436.91
440.49
463.89
442.53
441.49
431.26
467.98
466.7
433.29
443.26
474.45
466.72
436.88
426.58
469.28
470.39
464.61
442.7
459.26
466.6
450.38
441.28
462.11
467.57
473.31
453.24
454.19
455.49
438.49
438.54
447.07
466.81
447.77
465.6
435.01
455.7
472.18
462.28
438.85
432.46
470.57
453.22
468.55
466.06
449.74
485.01
436.3
464.31
462.54
432.94
447.34
470.11
437.37
457.37
438.72
453.34
443.57
468.8
437.41
435.58
438.55
478.04
442.42
445.67
452.79
445.54
457.01
434.7
436.06
467.14
467.3
444.63
439.78
451.87
434.23
441.66
460.51
442.14
480.49
483.27
451.35
461.21
464.37
432.69
449.91
434.99
467.77
483.54
435.48
466.86
452.66
468.01
472.17
439.43
441.08
446.0
443.13
430.61
470.23
443.98
433.81
445.93
436.21
458.75
437.57
430.82
453.46
470.05
458.72
427.76
463.4
430.53
439.28
445.07
474.75
439.14
464.67
442.83
438.24
448.98
479.45
470.8
430.55
469.57
446.46
429.47
447.03
453.77
434.94
436.79
457.74
429.52
429.18
449.81
436.65
464.88
436.32
438.42
445.19
435.66
434.99
481.69
446.1
474.8
464.76
434.91
466.15
461.36
486.01
469.0
432.03
465.28
437.55
471.42
480.74
466.39
474.27
436.75
456.94
437.31
493.16
468.37
465.73
442.9
458.1
440.53
443.35
463.81
453.05
435.25
440.58
442.0
444.9
440.9
436.16
437.58
459.1
490.5
432.75
460.14
455.37
471.6
456.7
435.95
486.84
435.54
468.4
435.2
452.82
444.66
463.07
446.16
469.63
465.23
480.05
477.91
457.5
455.32
464.46
447.06
485.36
444.55
447.3
430.35
453.99
456.91
487.79
460.42
449.59
455.38
481.05
434.97
457.51
428.98
452.55
462.58
438.09
474.77
471.56
475.73
439.51
466.53
441.0
442.9
466.87
465.81
440.17
442.04
455.34
456.02
464.7
467.93
464.07
447.04
476.04
474.9
444.48
477.14
444.9
452.7
444.93
474.03
465.82
443.78
443.66
463.51
473.88
449.33
467.81
481.03
471.99
444.13
447.36
438.0
468.45
442.13
432.52
487.3
475.13
457.88
433.24
455.42
441.16
469.3
460.46
464.25
463.62
484.22
434.12
458.36
460.66
442.37
452.03
433.39
427.98
467.89
437.38
469.23
474.09
448.5
486.3
457.1
455.69
441.33
437.26
464.17
443.87
427.65
478.19
430.75
431.77
437.98
433.07
454.36
449.23
456.56
446.77
478.45
463.71
441.73
484.64
446.4
462.4
450.55
440.67
442.28
432.11
469.9
437.65
481.23
434.47
430.19
444.69
425.91
463.99
479.21
431.79
465.63
464.03
431.25
443.78
479.78
440.44
468.75
449.22
437.35
439.39
434.89
435.74
435.66
480.62
486.36
465.5
446.34
432.89
443.43
478.37
460.21
436.23
440.26
473.08
441.31
489.66
486.07
434.11
439.66
482.52
435.53
444.36
429.66
470.41
440.09
475.88
460.0
435.72
442.75
482.8
442.27
445.54
444.06
438.96
435.08
452.85
445.12
454.23
479.65
445.32
462.94
478.34
440.63
444.03
463.08
463.06
487.19
451.06
484.09
459.46
459.91
440.05
431.35
488.81
456.04
480.58
431.74
436.42
467.5
468.88
442.2
434.6
479.15
430.57
461.81
465.6
452.09
457.26
466.39
447.3
447.96
455.39
440.46
469.17
434.51
469.92
482.79
446.32
437.03
442.6
451.58
444.23
449.04
443.03
449.82
436.17
441.01
450.24
466.75
454.25
439.45
463.88
457.85
459.16
471.42
426.52
455.81
450.54
456.64
421.57
435.67
432.89
474.59
443.1
457.99
449.8
440.15
450.07
448.64
467.6
445.27
451.03
443.68
450.6
483.36
478.1
454.39
433.95
457.09
440.62
481.34
442.71
459.59
470.22
481.03
451.42
450.19
456.16
476.28
471.42
434.1
449.63
455.58
445.34
479.08
457.55
471.32
436.24
463.5
460.76
435.78
477.18
465.53
430.29
469.02
444.88
429.81
449.82
431.32
484.98
433.94
479.02
458.49
452.19
478.82
451.24
450.14
441.85
462.96
457.6
456.81
476.04
485.18
483.38
465.2
468.01
425.3
436.67
453.88
474.79
476.31
467.23
456.25
438.5
483.16
475.48
442.98
456.2
477.61
457.76
471.3
464.25
438.88
480.83
460.91
439.52
444.34
452.67
465.62
432.3
445.0
449.95
470.91
442.65
471.8
434.08
440.98
473.48
460.77
477.5
448.82
465.42
470.76
430.91
484.03
435.41
443.23
438.84
435.03
479.08
464.38
431.7
439.12
438.12
473.97
461.36
436.94
433.01
438.99
452.5
469.37
449.98
440.92
434.76
470.49
462.52
486.7
467.48
459.63
442.94
446.02
442.28
484.13
473.09
456.8
449.54
488.32
465.58
442.73
433.21
470.49
444.19
465.14
450.81
487.8
460.54
459.12
481.61
471.26
450.22
476.83
451.41
460.75
446.92
462.38
478.27
441.37
484.51
430.44
489.04
434.83
438.6
438.49
434.54
466.06
446.79
452.32
462.64
446.3
429.31
436.33
447.04
473.45
428.62
454.36
432.84
465.0
431.19
439.32
470.48
450.26
483.11
457.74
448.13
432.65
426.13
456.91
446.64
468.19
465.7
434.32
465.24
454.47
433.62
463.1
466.89
441.62
470.71
439.6
433.47
457.45
426.93
434.56
433.45
474.93
462.42
463.83
427.06
447.25
458.96
428.89
482.55
478.48
469.13
440.8
471.16
433.59
432.07
444.19
445.73
425.75
436.64
464.56
447.07
441.23
487.09
464.27
454.18
484.71
445.46
429.29
443.75
463.06
479.69
437.31
476.02
434.5
448.55
437.7
452.31
430.32
444.57
432.24
445.41
447.96
459.19
450.22
463.02
462.25
476.99
483.88
468.41
444.01
459.75
449.74
452.77
448.21
452.31
467.54
439.11
446.97
447.85
444.55
430.09
473.51
447.57
453.92
477.03
461.06
467.22
478.81
428.68
475.36
458.26
433.88
476.03
491.4
449.65
448.01
468.35
448.88
438.73
444.69
467.43
439.77
441.74
446.76
473.66
457.17
449.01
432.78
460.19
457.98
439.03
432.62
463.6
459.06
433.31
467.2
446.75
480.87
482.16
469.81
432.0
461.99
444.06
450.89
441.4
435.96
468.43
476.27
438.08
427.01
434.16
446.58
462.54
461.33
479.44
485.43
432.34
435.28
473.66
436.69
449.26
443.31
445.31
484.42
438.62
439.77
441.97
454.21
479.23
447.16
434.01
427.42
487.72
454.86
462.92
450.26
486.14
433.25
455.87
471.36
447.61
445.44
451.38
490.5
437.13
450.76
442.4
445.98
486.33
476.91
461.44
459.81
453.94
441.51
433.83
473.56
433.73
482.83
472.59
432.6
440.0
430.33
489.62
473.47
481.77
435.03
488.57
448.4
425.29
425.61
443.66
445.8
435.02
477.68
452.1
435.84
438.8
434.07
446.82
467.46
435.9
454.12
457.08
429.99
467.99
438.01
464.4
436.36
459.39
451.49
469.23
435.13
476.55
449.26
475.8
430.33
471.38
478.37
456.29
458.31
430.9
472.08
433.07
438.44
433.18
449.02
466.1
466.99
481.45
450.54
463.46
444.84
465.9
454.59
436.71
436.5
465.2
463.39
477.07
432.45
454.35
435.79
469.9
470.66
489.18
448.98
462.16
486.8
463.65
474.57
461.02
436.7
468.84
437.47
469.18
445.25
454.03
451.31
437.97
436.28
455.85
471.93
460.2
467.42
444.52
465.22
451.47
489.64
484.94
447.96
464.35
435.49
451.41
438.78
449.57
428.63
452.94
436.17
443.24
466.37
464.44
465.62
439.84
453.05
443.54
441.92
453.66
438.32
440.04
451.5
452.15
446.7
479.4
472.94
443.15
438.52
456.18
461.52
462.69
475.44
441.54
463.0
448.65
482.22
467.25
477.16
447.2
483.74
447.09
447.36
431.64
451.66
464.17
429.25
446.47
445.33
449.66
487.25
468.1
447.14
466.0
441.83
437.48
434.45
484.66
469.43
432.28
442.46
479.32
482.79
440.75
483.8
441.71
487.85
491.4
439.25
442.0
465.82
461.0
450.14
460.02
480.38
459.59
460.82
467.16
469.13
436.72
436.04
458.59
434.64
450.75
464.37
454.84
465.95
485.57
434.29
476.12
480.25
482.38
446.83
434.67
429.33
460.51
447.16
457.43
446.62
467.54
489.25
450.44
445.17
476.45
432.07
453.29
432.17
474.35
478.07
430.12
456.42
456.31
431.38
437.62
435.85
477.84
472.45
439.31
434.01
434.47
435.7
449.4
461.16
472.54
440.87
474.61
483.71
469.65
469.42
442.23
467.51
464.79
436.3
469.04
477.57
435.91
432.6
452.41
441.15
454.47
433.57
488.65
449.74
454.72
474.58
467.01
450.53
456.33
435.02
442.75
443.69
456.54
431.79
446.66
461.9
452.58
460.53
448.32
478.82
426.0
456.61
434.73
439.88
449.05
425.17
430.51
435.56
465.94
456.56
477.34
451.28
443.86
476.81
445.3
464.93
471.83
439.79
483.19
429.48
439.36
434.09
455.15
468.88
453.84
456.34
457.26
483.8
479.35
467.06
473.56
444.13
443.39
453.36
443.55
439.91
477.62
465.74
475.48
437.47
440.4
435.21
457.09
444.77
465.61
453.12
474.52
434.92
428.48
443.5
439.83
435.75
467.68
440.17
460.25
454.98
440.97
481.59
464.72
452.85
454.97
471.64
437.67
470.13
441.9
442.12
450.26
446.33
485.89
455.76
432.81
442.73
456.4
434.89
426.25
434.47
433.15
430.23
468.76
489.59
463.09
459.94
459.48
488.82
453.62
434.74
475.42
438.31
487.94
430.65
460.11
445.4
442.0
437.27
440.09
441.91
479.85
436.97
442.18
468.53
441.31
458.74
453.17
437.83
476.28
438.46
474.49
463.69
427.56
438.57
448.08
463.1
476.18
469.34
431.0
449.5
475.73
440.31
473.54
467.21
437.99
446.67
436.19
440.76
462.13
432.67
495.21
467.47
453.24
478.07
436.39
440.75
465.75
434.15
466.56
440.55
461.54
475.64
439.19
426.18
472.65
441.51
460.38
463.33
453.33
475.01
440.01
441.52
426.47
433.55
438.1
457.45
439.91
475.89
457.11
447.83
445.54
440.99
438.8
437.88
446.86
436.16
440.64
465.97
443.79
467.28
474.09
431.93
433.0
434.56
428.88
462.84
435.27
469.52
472.52
474.93
458.56
470.92
436.55
443.9
439.72
479.53
433.94
449.98
447.16
468.8
441.78
436.72
468.72
453.03
441.99
446.09
457.12
457.67
442.87
445.56
485.6
468.87
477.78
472.12
461.14
431.28
440.28
448.17
476.72
442.23
436.95
454.85
441.26
456.63
480.21
442.47
432.56
445.57
459.48
472.76
439.97
456.2
475.13
448.43
466.42
473.84
469.83
442.26
474.99
477.05
443.45
449.67
462.73
441.61
442.51
437.57
446.18
437.24
426.14
440.15
437.75
434.18
465.57
443.29
432.51
468.75
448.51
482.69
436.85
482.17
456.65
434.51
430.07
483.0
453.87
462.56
437.33
452.13
432.41
467.7
464.37
432.01
431.01
450.23
480.56
470.93
437.03
433.85
446.04
436.92
458.92
474.36
455.6
439.82
437.42
474.4
432.46
452.86
445.18
450.07
470.63
428.34
431.37
459.81
455.25
480.68
447.3
475.59
439.43
488.75
446.94
473.78
444.74
460.29
445.5
455.22
439.33
451.4
454.04
436.69
436.32
451.64
432.84
461.73
458.87
465.88
445.12
480.87
442.48
495.76
447.67
437.24
449.63
428.12
446.27
426.48
451.42
475.02
485.78
443.33
474.28
442.1
430.98
467.24
437.83
466.68
464.11
459.69
442.18
468.51
460.06
483.82
472.98
465.05
454.06
428.05
444.81
486.52
472.69
437.61
482.78
454.21
452.66
439.08
478.87
473.22
461.18
446.93
437.5
479.2
463.64
470.17
459.97
466.77
455.09
427.49
451.49
442.88
433.5
433.02
443.51
460.47
443.41
458.67
488.53
433.64
477.14
454.46
431.29
453.4
432.5
438.38
451.87
464.27
475.13
430.48
466.83
442.86
429.38
431.58
444.59
441.33
433.57
429.41
435.6
475.37
474.49
427.82
432.75
450.28
457.09
431.31
450.86
442.78
435.75
470.68
461.54
465.66
447.91
467.05
437.0
457.03
430.26
492.22
441.2
440.7
430.62
441.9
430.0
442.44
437.06
471.78
449.65
462.7
478.88
474.73
433.02
466.2
484.16
448.45
461.5
445.01
442.89
450.86
450.5
446.48
459.6
462.09
468.96
468.53
472.81
437.18
425.36
450.84
456.36
444.12
432.38
450.07
425.27
436.64
488.2
430.14
440.31
464.41
427.83
434.94
444.16
470.75
432.79
437.47
438.09
461.56
474.17
443.92
436.19
455.07
449.7
437.83
435.68
432.21
429.58
461.06
445.72
431.07
431.48
449.43
439.3
434.14
457.8
435.75
473.79
444.9
475.37
478.35
475.34
431.24
453.47
436.67
477.65
472.16
433.89
438.43
443.43
478.02
455.64
439.12
448.42
445.33
471.27
431.87
463.9
436.94
453.74
440.79
461.15
446.95
430.53
442.85
431.97
442.64
441.51
488.17
442.83
438.54
479.28
459.85
486.79
481.7
440.26
481.03
435.75
425.11
450.66
466.26
473.12
437.93
427.22
463.87
451.44
464.36
435.99
435.99
465.51
448.32
439.75
463.75
441.58
447.54
430.06
462.56
444.89
457.91
483.94
476.41
468.98
476.0
430.89
430.26
430.98
440.53
461.37
446.23
447.95
464.26
468.8
437.25
455.05
438.93
446.33
459.83
464.56
436.33
467.08
484.2
454.01
431.27
467.85
442.45
473.92
476.8
446.95
425.14
453.8
440.68
450.16
475.65
442.43
469.47
484.25
470.84
465.86
434.54
474.16
430.11
469.52
439.49
475.61
440.62
440.06
443.54
456.08
428.67
478.69
488.85
433.16
445.86
428.49
456.55
481.02
480.98
466.85
463.4
440.11
451.84
434.22
466.36
453.3
463.05
428.35
469.06
475.14
466.49
433.44
439.76
460.75
455.33
455.29
437.9
489.02
439.42
441.71
443.73
432.79
480.06
444.9
453.28
472.4
442.75
431.96
474.26
432.06
469.94
479.91
448.82
442.82
489.1
440.79
445.49
447.64
479.8
484.85
438.12
471.05
482.26
453.49
434.77
467.8
439.29
458.62
470.98
434.38
471.44
429.12
437.98
429.57
436.45
425.41
463.37
494.9
442.69
476.54
433.74
467.41
440.93
466.75
460.43
439.25
455.57
460.44
472.54
466.73
467.3
474.81
470.39
430.22
433.03
474.76
457.01
455.14
439.14
434.44
432.25
430.32
449.27
452.0
471.07
490.68
458.34
473.44
432.64
431.12
432.56
488.53
439.93
435.86
456.77
451.4
436.37
443.59
475.03
467.18
467.12
482.58
446.51
437.55
437.07
462.72
438.36
459.14
458.41
445.71
489.44
457.75
452.94
450.08
429.93
448.17
466.38
474.26
440.87
483.82
474.2
436.77
460.31
428.26
429.46
455.17
439.2
426.64
441.3
465.72
465.35
441.24
470.19
443.44
429.64
429.85
470.42
471.08
473.01
440.28
463.98
462.72
432.49
481.94
484.55
469.03
439.82
440.13
466.47
430.53
437.06
472.86
427.62
451.86
436.31
459.72
443.04
480.32
447.1
467.6
443.98
462.66
439.12
444.42
462.19
435.27
467.99
443.44
445.31
450.86
439.65
466.04
448.71
432.33
452.52
467.06
436.16
434.68
442.94
469.27
440.39
456.08
439.74
446.88
467.19
467.8
482.9
475.69
444.79
462.12
432.02
469.49
439.69
448.89
453.42
442.71
432.43
436.02
489.36
468.49
457.94
478.79
445.33
444.5
473.0
459.84
468.64
444.35
447.76
459.14
479.62
436.44
476.96
440.07
426.61
441.54
482.22
463.53
459.96
479.6
463.2
490.47
490.92
477.41
455.56
450.81
461.96
458.91
469.93
460.76
463.31
444.4
435.99
461.07
465.57
485.08
452.02
448.31
467.22
471.82
438.4
474.55
452.39
486.6
469.75
470.14
450.04
454.64
452.6
447.84
434.96
463.49
437.73
454.15
446.7
465.89
435.98
445.34
473.9
441.29
436.74
462.21
443.13
451.71
428.6
462.73
467.8
460.2
440.64
428.75
438.36
472.33
437.65
426.56
442.83
443.65
455.53
434.9
437.82
449.41
448.28
467.95
478.25
447.42
430.98
430.3
449.57
432.05
441.07
447.46
484.05
437.13
490.96
481.83
475.19
440.26
452.94
455.27
475.41
436.16
430.62
452.56
444.43
465.74
437.72
447.75
435.95
444.51
439.55
444.09
458.78
486.92
482.82
436.66
448.83
479.61
486.41
470.9
469.35
454.14
446.77
450.5
433.28
437.99
446.15
428.1
448.49
440.22
455.24
475.96
474.04
477.06
456.09
449.03
481.27
445.32
453.26
436.05
444.58
448.15
442.7
445.79
463.06
464.59
440.3
467.41
435.59
435.27
484.54
434.77
451.44
467.98
442.78
479.17
485.02
479.92
456.11
484.14
447.25
478.5
459.53
440.16
439.74
493.87
450.4
448.58
473.82
425.21
444.8
482.17
434.66
450.33
436.69
477.3
439.02
474.07
446.9
470.89
444.59
458.67
432.26
451.98
457.28
482.8
463.14
444.81
465.77
462.59
441.1
430.91
437.27
477.86
456.07
456.41
463.28
485.86
435.35
482.09
437.58
439.45
472.22
437.57
433.73
468.61
434.54
432.83
464.67
459.42
435.2
447.09
478.21
479.02
444.66
437.27
461.93
455.79
439.66
433.69
430.27
450.67
437.76
466.46
477.12
452.33
445.23
463.04
431.77
438.09
443.86
449.82
437.05
431.82
479.68
473.73
438.39
440.25
469.12
483.49
446.48
443.79
435.02
490.81
448.26
469.57
471.28
435.91
466.62
437.08
470.96
473.55
465.89
434.1
469.63
441.14
479.81
456.11
480.26
436.14
483.2
439.26
440.55
452.37
442.47
463.09
478.05
489.96
438.15
432.88
480.86
445.35
481.27
439.02
448.76
429.28
442.5
443.09
440.47
472.31
485.75
435.82
431.18
456.44
473.6
490.07
435.46
477.52
486.07
451.84
463.93
435.2
445.52
444.01
436.75
441.45
441.46
433.71
446.56
464.13
452.68
427.53
435.93
434.7
437.01
441.27
440.6
478.88
452.53
471.19
428.41
437.44
451.63
437.49
436.55
444.99
440.03
442.07
435.2
464.15
435.72
439.96
433.97
468.8
455.25
439.36
448.1
473.94
432.0
467.69
439.06
440.75
456.78
449.62
442.13
467.44
468.8
451.42
469.75
430.22
435.89
458.4
452.82
448.02
445.05
472.53
437.49
437.12
467.74
473.74
439.43
471.79
430.89
441.52
455.2
456.18
474.13
443.94
460.26
477.99
484.54
461.78
459.06
463.49
453.8
432.44
456.48
444.97
437.43
446.91
472.54
481.24
434.82
492.96
481.18
473.23
447.69
438.78
449.6
440.64
477.24
481.88
451.93
462.77
458.04
444.9
435.69
454.26
453.45
451.99
483.24
465.49
432.44
432.73
433.18
446.05
467.83
426.85
459.52
464.56
479.0
437.55
445.07
452.03
432.93
435.25
460.45
479.14
476.15
485.54
459.36
436.64
432.72
478.43
465.57
478.65
466.88
464.48
476.81
469.96
462.87
473.41
431.66
445.1
450.69
433.05
482.37
432.41
438.51
441.71
471.79
447.46
468.92
464.15
448.75
448.54
480.61
486.91
469.59
464.59
433.1
439.66
449.48
448.92
449.67
461.57
443.89
450.22
463.38
440.42
448.85
432.0
433.37
436.37
448.67
432.07
477.79
467.68
451.67
438.24
488.42
435.85
462.6
483.92
441.61
430.59
452.71
473.27
474.15
433.46
472.42
479.63
479.52
470.67
449.91
445.11
475.47
438.08
453.29
465.36
470.2
446.15
432.33
445.78
466.2
464.91
480.28
456.07
474.64
465.25
470.78
442.34
444.46
468.8
444.86
471.86
475.76
466.29
449.28
476.21
483.88
456.58
456.93
474.76
445.3
442.77
445.81
435.71
484.12
477.2
449.59
456.44
433.72
441.07
465.98
438.08
440.96
484.13
453.96
472.63
464.42
442.72
468.4
472.69
444.09
439.68
483.42
455.19
449.13
444.75
460.19
462.96
491.1
455.48
451.59
457.98
457.21
446.3
434.65
473.17
463.86
471.32
449.24
472.17
478.3
446.2
481.53
447.58
435.45
452.56
467.07
463.71
454.26
453.39
441.61
476.68
437.55
477.2
433.59
460.88
438.26
475.62
472.73
433.42
456.24
439.77
471.39
420.26
474.4
467.62
466.14
432.73
461.98
453.27
440.03
434.15
475.96
473.45
466.16
467.69
478.82
454.18
474.7
474.94
447.31
446.03
467.41
478.34
480.74
454.15
437.43
453.33
475.08
479.03
464.05
440.9
435.7
454.59
444.02
476.57
449.12
433.86
450.82
454.48
453.5
461.14
457.66
439.81
435.38
446.46
463.36
439.15
490.79
472.65
442.29
465.99
442.66
447.27
450.46
475.96
451.16
448.79
431.81
440.67
481.73
437.31
441.94
427.53
433.4
442.11
489.52
433.32
425.75
485.5
450.93
438.7
457.55
450.74
464.57
438.87
436.59
460.54
445.39
440.98
454.02
433.77
432.58
450.89
480.38
440.26
430.46
457.05
440.15
470.65
442.65
455.24
433.7
471.79
452.03
463.35
434.09
445.67
443.53
438.24
451.7
487.19
455.13
478.75
436.73
444.04
455.29
450.14
455.25
432.96
459.38
450.44
451.37
460.42
440.75
457.7
433.01
435.91
480.54
463.63
459.12
465.36
490.02
466.12
462.94
452.3
441.34
450.39
442.3
447.93
471.11
473.13
443.89
482.8
440.11
478.38
432.05
493.3
471.47
433.19
483.77
463.32
476.83
491.84
472.86
430.88
463.91
450.75
454.67
437.52
437.2
445.1
477.76
442.99
437.01
474.65
467.62
474.92
471.38
456.29
458.76
452.51
467.83
452.42
479.78
467.32
448.27
434.48
443.8
430.24
442.4
463.71
469.73
489.62
437.63
479.78
442.4
429.23
456.49
443.85
486.35
438.84
452.71
441.44
448.17
442.38
433.63
447.5
445.96
469.33
457.73
442.76
480.86
441.21
478.55
460.4
437.85
465.09
432.49
433.43
448.56
471.0
478.5
452.18
438.19
455.75
448.5
474.97
479.13
459.37
463.71
475.96
451.44
434.16
488.27
488.85
442.87
471.31
446.17
474.19
465.31
439.58
442.43
477.23
451.95
444.42
452.66
429.31
465.69
427.15
447.13
479.97
435.98
464.12
444.35
432.41
444.72
452.7
474.46
473.56
469.41
442.22
434.79
437.01
452.27
449.07
473.16
440.8
442.62
433.96
460.08
430.17
445.1
438.92
432.6
448.69
462.64
427.22
447.4
483.38
478.01
478.79
454.06
445.17
436.3
465.45
428.8
486.91
441.29
439.99
494.75
437.6
443.48
431.01
430.86
475.64
450.07
445.61
460.73
456.75
443.3
445.36
442.26
447.02
440.06
430.55
456.86
480.73
466.52
459.73
429.18
485.86
442.51
472.31
440.63
456.71
465.13
462.68
441.57
435.08
447.9
451.69
438.85
430.92
451.89
437.2
462.52
433.63
480.18
449.6
441.33
451.96
428.6
469.12
457.81
450.68
484.04
443.85
476.88
446.42
439.47
440.26
471.15
467.2
453.16
454.41
454.72
465.3
476.91
480.68
453.01
451.96
449.42
471.05
427.25
479.96
437.96
439.71
469.64
443.24
448.9
466.2
473.62
474.1
446.68
445.6
483.52
438.57
431.03
435.17
432.54
451.23
438.97
484.03
487.15
474.02
461.97
440.43
438.8
468.27
428.28
438.35
445.17
431.46
475.57
441.85
428.37
442.2
468.55
460.59
459.43
444.66
436.43
442.64
446.19
478.36
465.03
448.11
459.12
445.58
443.09
485.83
444.93
447.73
440.9
441.14
447.32
449.81
442.92
474.87
440.29
477.45
433.94
459.66
438.97
436.13
433.25
457.29
442.72
471.24
459.63
448.65
474.92
440.38
430.17
452.56
462.6
442.2
448.19
470.32
485.21
445.83
484.17
474.63
482.98
471.98
463.16
456.49
427.82
478.3
481.24
450.62
442.37
445.02
473.0
431.36
433.61
461.16
450.85
439.25
447.22
475.55
450.22
472.88
450.29
449.52
461.16
467.78
468.21
434.81
464.7
448.79
476.01
470.1
448.71
452.05
430.98
443.76
438.59
477.85
491.25
479.59
492.88
433.44
485.95
451.85
484.07
466.54
464.45
431.29
491.1
473.2
470.4
488.12
429.06
456.85
443.13
456.7
450.55
458.57
490.83
426.48
491.22
478.24
453.28
449.76
471.66
460.2
449.64
434.55
453.37
450.25
444.85
444.82
427.35
442.52
433.79
472.84
435.71
445.27
492.46
444.22
465.26
463.46
475.01
441.28
467.29
436.64
471.19
477.41
433.88
439.06
471.03
463.79
468.92
448.26
463.89
478.7
443.75
489.05
448.73
484.44
432.22
443.43
440.98
432.71
478.88
476.58
454.63
471.39
434.25
481.32
460.72
451.14
455.91
464.68
435.56
468.93
439.03
447.12
463.47
434.78
437.93
443.12
451.93
443.79
461.39
438.63
469.1
465.96
464.12
472.67
433.23
448.92
483.54
432.45
464.73
471.32
466.64
431.27
437.41
462.59
456.37
467.29
478.88
439.83
432.76
444.9
469.53
436.67
471.0
441.47
429.91
455.01
431.81
458.3
452.41
440.08
432.66
434.31
434.5
439.6
437.65
466.63
466.8
456.33
455.45
441.46
442.58
440.85
445.64
443.51
445.72
443.67
441.78
438.5
465.74
447.46
468.91
475.44
445.2
474.42
472.41
470.33
430.2
450.92
441.56
449.0
440.81
436.8
454.28
475.61
474.07
448.03
447.47
429.05
479.16
432.0
439.15
449.81
457.45
452.73
448.88
436.81
464.17
440.87
442.67
447.85
439.17
461.9
447.43
425.2
446.56
439.77
466.31
434.45
446.94
445.59
472.57
485.35
435.11
479.23
444.35
430.45
460.61
443.21
478.05
470.96
465.63
484.63
452.91
468.22
478.27
474.93
480.11
475.61
441.93
439.77
456.98
441.06
432.99
448.3
476.37
470.81
429.36
438.89
481.89
432.56
448.43
450.73
457.0
493.9
484.87
435.84
489.38
462.28
438.68
436.43
483.13
454.29
438.1
442.13
433.61
465.42
468.52
457.17
460.02
468.35
475.85
436.39
491.35
454.35
470.63
466.5
437.85
442.84
444.66
442.9
475.43
439.04
428.25
435.92
438.4
439.08
465.78
439.7
481.31
464.63
437.37
438.86
430.33
432.57
466.86
472.52
447.66
480.72
426.07
453.96
438.79
463.99
467.71
473.16
469.74
470.87
435.6
442.98
443.29
440.36
464.98
455.72
484.35
438.65
431.1
473.47
476.44
450.31
463.22
473.86
468.64
451.0
442.98
428.77
458.16
468.17
450.13
434.4
486.91
464.02
462.86
435.61
468.86
436.58
452.59
445.42
481.55
446.72
459.97
444.2
449.85
447.63
474.73
480.74
434.08
452.89
468.14
438.15
430.45
474.48
447.66
445.55
471.16
465.26
469.59
435.59
481.56
469.64
441.7
433.76
444.61
452.02
435.27
454.88
443.03
434.0
443.63
461.89
491.16
476.42
481.29
452.48
435.09
475.07
447.11
438.7
437.95
460.58
445.91
467.55
455.2
460.13
434.52
427.67
453.25
455.68
488.64
464.99
437.62
434.62
481.52
474.63
458.06
458.85
457.02
439.06
485.46
461.51
439.65
462.66
433.5
475.4
430.07
437.19
437.28
473.31
444.04
438.68
482.16
452.2
475.59
481.85
435.41
443.06
458.01
453.38
444.42
439.61
454.89
465.73
453.81
453.54
460.57
470.56
458.99
450.26
445.67
479.69
465.16
466.38
479.22
435.82
449.1
434.27
472.17
441.57
452.71
435.39
434.84
480.25
435.14
433.19
454.62
440.08
471.63
441.35
477.01
473.2
480.71
471.82
435.17
446.38
438.66
443.66
474.03
478.47
427.21
443.7
434.98
428.44
479.03
448.8
439.89
453.5
446.48
430.36
435.81
437.34
480.8
438.92
485.31
442.84
483.26
434.7
438.68
439.53
480.4
461.34
431.66
439.33
434.78
466.66
455.15
469.48
484.99
449.34
461.68
453.02
432.62
439.31
438.42
433.62
441.0
426.28
445.45
464.11
482.26
477.69
465.5
438.83
479.95
445.45
444.87
440.18
482.16
475.89
440.68
465.24
458.57
489.96
462.72
432.05
447.91
432.47
428.27
463.99
449.61
437.55
438.31
486.76
442.04
458.51
472.17
474.5
439.71
435.64
459.68
481.88
448.8
451.08
434.43
439.63
457.59
439.98
430.6
434.92
467.82
475.53
437.19
457.89
488.57
442.6
428.75
440.36
453.78
479.24
426.35
478.89
456.71
477.2
448.67
469.34
444.65
466.21
449.99
479.58
440.99
445.62
471.48
483.35
429.72
436.64
483.82
467.51
443.03
443.96
455.66
448.41
458.94
440.81
452.68
428.69
446.43
451.81
481.46
437.85
445.66
447.13
462.44
475.75
464.58
456.64
479.8
462.8
483.12
446.73
436.47
441.29
444.89
446.19
461.13
464.6
439.43
485.36
475.91
443.1
474.16
443.77
443.97
472.85
445.44
453.4
449.2
435.42
453.86
452.31
437.62
453.02
446.4
438.41
436.33
450.56
468.35
487.78
480.63
485.23
447.35
449.24
468.43
441.07
433.83
436.08
467.01
435.04
464.93
436.94
458.46
430.87
429.03
436.34
480.6
489.78
442.65
473.49
465.15
436.62
446.64
487.87
475.36
468.66
467.9
428.54
464.79
467.46
458.1
433.62
486.67
437.6
442.42
454.29
444.04
442.17
442.36
480.4
472.22
435.45
474.44
444.57
468.8
437.02
438.52
445.0
435.27
448.66
442.69
439.75
449.65
452.82
490.57
440.99
486.2
454.5
482.4
458.13
458.96
437.17
438.82
470.79
442.69
468.19
470.02
477.2
474.77
450.07
441.04
440.53
451.92
462.35
433.65
445.66
465.61
481.42
466.47
428.39
427.58
441.47
485.23
439.37
425.14
440.59
468.85
470.41
458.06
434.94
478.65
435.84
438.0
481.68
435.39
435.6
447.13
483.63
475.13
477.93
482.99
442.62
458.82
431.37
464.13
442.15
443.91
472.66
469.18
472.34
444.01
441.74
487.92
466.15
452.41
488.99
441.78
481.69
450.87
445.86
478.85
483.57
468.62
467.16
427.42
481.6
470.85
459.59
449.57
468.82
448.09
462.51
464.03
477.26
435.57
465.47
464.01
472.07
441.14
442.67
454.87
479.09
464.58
444.51
439.36
468.87
437.95
448.6
431.83
467.2
445.8
437.62
437.85
454.23
469.11
472.32
431.06
473.96
463.49
457.07
441.28
469.8
462.84
440.21
463.6
459.76
431.77
482.46
463.61
471.44
440.28
465.51
438.08
471.86
429.13
481.35
473.38
487.19
428.84
483.58
463.64
442.95
463.32
436.61
468.12
431.43
446.01
472.36
439.69
479.03
442.93
451.88
455.2
446.01
452.94
438.82
451.14
460.41
479.64
462.65
452.49
450.92
476.71
434.67
440.16
477.5
477.47
481.6
441.22
443.8
479.96
474.41
434.47
438.24
462.02
481.47
454.05
436.92
433.48
444.7
438.92
445.66
447.48
455.1
452.01
440.97
441.04
442.45
470.5
456.01
485.73
471.58
458.28
479.21
465.39
441.15
462.41
439.6
468.84
436.12
444.55
478.99
453.09
465.46
440.47
462.65
430.93
440.51
447.06
434.38
461.91
479.19
474.1
468.6
440.72
466.95
446.41
449.51
434.05
458.27
486.26
462.6
450.0
439.3
443.12
442.53
468.4
441.68
441.18
442.29
467.68
445.4
453.36
436.15
442.24
446.34
481.08
451.87
484.82
439.34
464.41
444.67
442.67
433.34
464.9
474.37
445.75
474.66
476.8
478.76
427.4
442.76
475.42
441.16
476.68
429.35
448.58
442.54
450.97
436.29
460.93
432.51
431.37
444.69
443.39
440.25
437.67
458.6
463.81
435.47
450.11
453.08
435.67
464.3
436.96
462.34
435.65
439.4
431.95
450.71
443.71
437.76
472.34
442.78
475.43
465.93
439.84
444.73
479.8
445.63
441.05
453.39
452.6
442.91
464.65
426.79
447.29
437.94
466.71
465.28
460.59
465.77
464.07
460.63
436.42
438.33
471.23
439.64
472.62
434.38
442.0
474.08
436.16
479.24
431.15
483.63
475.94
462.69
491.32
442.82
428.12
448.96
461.21
446.54
469.75
459.89
465.88
463.12
454.45
432.64
479.16
459.13
483.06
437.61
443.6
466.38
466.52
457.41
481.03
467.66
434.33
450.32
472.42
451.97
469.8
438.03
453.55
441.15
468.09
476.81
487.33
447.16
472.33
467.92
465.87
464.54
438.22
477.71
444.38
448.25
445.52
476.81
436.37
477.37
465.89
453.29
444.41
461.03
455.75
439.21
473.27
433.83
445.97
431.59
442.11
438.08
463.17
476.2
445.02
475.77
479.74
465.56
467.96
460.27
455.3
440.67
437.86
443.09
459.47
475.63
437.91
437.81
481.24
469.89
434.3
472.22
442.7
446.36
481.4
431.15
444.62
477.19
487.18
466.2
436.76
435.33
453.22
464.62
432.22
488.69
489.64
433.56
436.85
448.18
463.72
466.47
447.14
480.96
439.82
440.69
430.98
439.66
441.34
474.82
446.64
444.5
483.54
465.92
489.3
436.15
457.14
445.72
475.21
470.46
434.03
448.37
472.16
433.57
444.46
433.97
478.05
483.5
441.84
491.9
474.72
435.83
491.97
464.95
430.7
444.01
462.81
454.99
474.11
468.9
473.0
435.87
473.02
468.78
480.82
483.28
440.83
454.79
430.12
439.49
454.44
433.37
429.29
483.73
460.3
439.46
468.78
466.88
458.42
445.82
465.69
478.48
431.44
448.74
470.31
435.73
449.86
447.66
466.13
479.91
444.51
489.64
484.65
480.53
440.79
444.89
445.04
473.57
460.01
464.64
467.19
438.42
429.41
467.39
446.69
461.35
451.74
439.06
461.2
435.08
440.43
435.46
444.07
428.32
432.97
434.71
434.12
472.32
447.7
445.25
440.81
478.96
438.99
484.21
463.28
430.21
450.13
440.44
442.64
466.56
443.49
467.48
476.03
455.72
475.51
435.77
471.04
437.26
479.45
429.74
449.72
471.23
431.74
483.79
448.0
437.45
469.44
470.39
449.99
451.89
441.39
456.79
441.7
445.1
482.56
435.58
456.53
429.69
446.34
444.39
443.8
471.59
441.18
452.08
443.19
459.67
451.38
470.19
471.77
446.84
471.81
455.99
477.07
467.54
427.3
467.56
450.71
441.3
431.51
438.76
461.88
441.32
449.79
443.59
470.35
433.82
435.84
488.82
435.94
435.78
460.32
436.61
478.71
489.0
464.23
461.69
439.33
486.12
479.83
431.23
462.55
441.54
437.8
450.17
460.45
432.53
443.27
448.66
478.88
437.0
445.11
442.85
468.06
432.71
466.86
462.18
465.86
432.03
454.42
439.8
459.87
426.55
475.89
449.07
438.7
464.71
470.74
471.72
468.36
473.37
445.6
434.22
458.07
441.44
437.45
460.66
477.49
461.38
449.38
439.61
436.06
427.69
447.49
432.39
436.3
436.91
432.22
476.02
432.1
445.36
464.23
438.56
461.07
477.22
472.15
438.56
478.95
475.85
436.54
449.07
443.5
440.89
446.44
481.87
466.41
441.74
481.14
433.42
440.1
476.22
490.78
454.26
440.38
446.02
486.15
442.16
457.92
474.16
435.32
425.69
446.91
465.0
426.8
487.24
436.0
432.27
445.01
474.94
449.98
441.98
464.78
483.8
444.71
441.34
442.24
454.68
444.04
446.87
436.37
438.65
430.1
471.81
465.48
468.43
438.36
473.74
484.18
425.89
434.42
435.34
477.27
469.28
465.64
450.99
459.45
467.59
463.7
466.06
429.34
438.64
445.59
478.07
429.62
439.4
482.15
488.22
429.42
481.53
443.44
435.85
445.84
451.02
492.09
453.09
461.45
468.82
463.92
448.38
432.56
443.77
438.49
458.28
482.67
433.59
485.8
455.54
449.08
478.55
440.52
458.66
439.01
449.4
461.71
437.01
443.82
444.74
471.36
451.33
430.01
449.09
471.05
428.67
479.48
440.12
494.21
430.58
427.71
437.54
479.43
469.56
473.26
438.4
442.85
470.06
432.19
438.17
445.91
473.96
453.47
441.14
456.3
474.46
446.67
477.56
458.31
437.93
478.29
471.63
442.78
428.76
462.78
434.35
457.98
480.7
438.52
475.23
439.01
446.68
437.79
434.37
486.19
439.09
461.61
471.34
437.64
430.75
458.15
449.52
483.9
464.86
460.56
482.82
430.78
482.21
447.43
433.67
474.03
478.79
441.8
474.7
472.95
462.48
436.26
469.3
494.67
486.78
455.93
455.5
464.51
437.84
453.72
451.04
446.22
459.31
480.53
455.57
479.66
474.87
464.14
466.15
472.13
435.01
448.57
443.76
478.32
477.94
444.36
456.85
433.82
457.35
463.74
438.06
440.73
467.74
433.78
435.2
445.5
474.91
433.42
469.25
430.3
430.22
433.44
437.35
455.57
456.97
466.3
434.47
430.45
438.21
470.44
464.94
431.67
442.84
449.23
441.76
449.73
448.13
478.98
453.26
432.26
441.51
473.4
454.37
462.33
426.37
442.86
474.46
448.22
436.03
436.37
457.36
435.02
440.94
481.3
469.34
437.53
474.88
433.02
454.71
466.25
435.23
458.64
433.64
479.62
467.34
453.19
477.5
436.42
462.7
454.16
440.27
475.32
483.53
462.41
476.37
463.2
434.11
470.66
468.46
485.38
486.2
455.4
439.11
453.96
444.5
473.05
441.57
468.43
439.22
461.25
466.87
444.99
437.51
442.65
483.11
437.52
483.55
459.65
464.14
439.37
456.02
473.26
477.81
481.86
458.22
466.09
428.46
448.91
448.66
451.46
440.01
472.02
428.61
472.45
469.4
452.77
457.4
438.17
477.84
435.48
434.13
466.25
466.91
438.16
431.52
475.54
426.76
440.96
461.47
472.82
447.0
475.15
435.56
440.79
479.53
444.59
433.54
489.03
442.57
451.88
443.74
456.35
440.17
463.06
448.76
438.51
429.1
454.88
472.94
486.09
485.18
453.49
435.47
455.12
444.52
477.52
441.57
445.24
460.82
475.32
439.66
427.29
481.98
466.74
479.03
464.24
447.31
477.13
438.0
439.55
429.56
433.42
444.54
451.0
455.82
431.76
474.7
448.97
437.4
428.67
445.47
425.68
429.55
430.22
463.67
425.21
441.9
471.1
471.12
438.55
470.89
452.65
452.39
460.87
434.64
433.38
461.6
478.21
441.75
449.07
486.57
449.31
443.68
433.63
480.54
462.09
483.55
468.53
454.32
433.04
428.72
464.46
445.61
474.94
461.23
475.96
470.63
444.27
471.52
471.45
435.56
442.15
459.11
470.69
427.66
462.25
462.59
465.96
451.67
