0
453.09
464.43
470.96
442.35
464.0
428.77
451.41
426.25
480.66
461.71
471.08
448.56
464.82
427.28
441.76
467.21
487.69
438.67
452.16
429.87
468.82
433.04
458.6
435.14
443.2
477.9
435.57
447.42
454.16
464.11
485.2
445.34
440.0
456.32
432.98
429.41
464.95
481.91
462.6
432.43
442.22
441.03
430.07
437.78
483.12
462.19
457.71
438.32
448.69
475.88
479.28
446.85
434.99
441.5
433.26
430.46
455.14
431.26
437.76
464.63
462.58
483.27
438.51
431.03
484.0
431.64
451.78
439.46
467.23
459.81
442.0
449.61
437.54
458.68
436.76
446.08
481.96
479.66
454.14
442.83
445.76
473.57
435.75
438.59
465.54
458.85
435.68
449.2
453.96
463.93
471.6
427.72
434.08
454.57
489.79
481.78
472.16
451.19
470.33
472.68
466.58
470.87
457.77
476.03
477.93
456.18
473.62
463.64
462.44
454.39
466.93
436.37
458.87
470.67
475.54
432.72
441.41
472.9
457.83
462.05
445.3
464.5
449.77
435.04
459.31
434.62
447.16
468.37
483.59
432.74
438.11
445.01
445.82
452.47
459.76
445.3
440.5
472.16
442.16
471.42
463.34
433.97
487.0
480.19
429.57
489.26
435.62
443.84
463.76
447.26
430.3
450.35
446.14
439.04
438.46
468.57
461.55
444.69
428.27
425.18
460.6
436.21
476.25
460.3
453.86
440.48
452.17
434.47
436.8
459.76
468.85
468.81
454.29
445.52
447.43
477.03
440.03
466.24
440.21
475.17
466.95
433.34
485.19
450.96
449.23
469.31
479.01
432.46
458.59
440.13
442.9
431.99
439.22
433.14
483.95
427.94
478.29
453.08
463.14
460.38
437.19
456.07
476.99
435.31
432.85
431.33
431.69
435.66
464.09
465.61
479.23
472.32
487.57
449.08
477.38
474.16
454.25
429.85
462.98
470.84
488.65
473.94
437.42
457.12
457.49
443.41
445.27
487.33
434.43
437.14
439.96
442.58
436.88
441.94
438.62
470.55
441.76
454.41
479.15
458.67
466.52
444.16
489.09
445.49
430.56
471.78
443.15
474.22
445.71
491.29
467.44
437.14
448.24
447.2
465.44
455.66
445.83
449.36
436.26
452.99
481.83
433.08
446.87
463.03
440.77
430.91
445.93
460.08
449.66
452.07
467.35
473.87
460.7
467.46
440.27
454.32
442.48
435.76
439.56
467.0
472.16
434.11
449.74
439.29
437.62
495.23
442.75
461.74
477.61
461.49
474.93
447.89
481.02
470.68
453.38
433.82
482.37
443.39
443.31
438.9
446.72
449.68
461.54
430.28
442.39
474.57
433.72
445.04
432.85
439.37
457.09
488.8
433.63
445.1
433.01
453.45
454.46
473.09
479.15
438.18
443.3
447.45
469.25
476.67
432.3
436.64
450.23
458.55
481.08
460.57
478.24
428.62
442.77
467.42
436.19
463.33
470.53
447.28
450.7
438.23
457.07
438.44
473.43
450.86
435.12
432.6
432.43
468.14
443.7
477.65
433.84
478.44
447.18
446.26
461.6
430.16
447.85
448.47
473.31
460.54
447.67
434.45
464.87
446.33
466.24
445.92
472.06
439.13
485.58
429.31
443.87
464.58
445.56
434.97
475.72
469.79
444.0
467.97
451.79
467.1
465.24
469.15
472.14
437.44
477.27
449.76
444.96
457.15
431.66
477.8
440.86
465.29
452.0
448.51
474.72
482.39
478.45
487.71
476.69
450.4
439.39
439.13
434.01
435.7
441.5
450.3
481.41
490.23
457.64
437.35
474.03
428.72
478.29
454.06
425.35
435.75
452.82
464.07
429.86
447.03
434.91
443.81
430.15
460.09
432.19
439.01
432.92
468.74
441.79
454.53
470.38
456.49
440.15
481.89
454.09
484.42
440.61
456.97
481.92
437.55
457.81
456.77
454.2
452.84
471.43
443.85
449.16
463.67
462.44
460.59
444.69
448.11
433.71
479.13
478.34
458.8
440.1
475.23
459.84
489.8
465.35
431.73
436.53
447.73
435.23
426.53
458.41
466.03
455.32
449.34
449.54
444.39
475.87
483.43
458.93
430.9
462.63
434.53
454.62
476.42
467.08
466.77
487.17
481.37
450.02
440.92
434.64
440.26
473.67
466.45
432.18
432.88
450.23
483.31
485.1
470.84
450.25
432.52
465.6
429.92
474.27
472.7
435.46
436.47
443.75
444.98
435.53
463.35
447.83
467.22
452.75
486.4
449.1
452.0
440.07
468.29
458.67
472.28
469.06
444.34
437.67
474.68
471.17
446.98
483.04
432.26
464.02
468.37
459.87
455.53
435.88
477.51
439.16
445.51
449.11
474.51
462.55
490.78
438.08
440.75
469.13
446.58
444.05
455.5
435.93
432.49
447.84
442.13
435.31
454.25
464.33
441.77
464.81
439.73
443.77
440.27
482.31
483.62
431.16
428.24
453.28
454.65
449.48
457.57
445.9
448.58
475.46
463.17
446.56
476.97
446.62
447.85
466.2
449.66
443.61
446.7
457.17
447.05
461.58
464.79
483.66
447.06
445.31
437.65
437.76
438.09
428.54
455.51
477.32
475.08
430.79
427.77
448.56
432.44
447.26
466.15
478.37
469.53
473.84
442.23
448.58
445.82
443.88
452.1
462.46
476.92
442.47
448.84
440.45
467.96
433.46
454.85
473.33
477.22
441.66
440.52
440.74
438.2
431.17
430.8
469.62
472.55
443.62
453.83
433.71
475.33
452.21
480.84
466.51
470.82
436.51
482.63
440.0
467.23
443.72
458.5
465.93
435.51
477.22
436.87
459.06
466.08
436.16
479.64
443.58
448.65
442.96
483.12
481.46
484.21
455.29
436.02
463.03
469.02
466.56
436.75
433.1
471.38
435.05
479.91
472.45
471.05
458.75
439.14
436.95
434.6
446.17
458.25
446.05
452.5
445.44
470.82
458.66
428.42
426.79
437.06
434.75
472.36
426.69
451.01
438.83
432.35
433.89
483.3
446.87
449.79
426.9
464.13
426.46
438.22
430.12
480.31
429.15
441.68
454.2
436.7
474.97
465.8
463.29
453.5
481.51
428.88
473.76
436.9
458.94
445.35
454.44
425.48
432.82
477.49
434.76
430.81
471.19
440.01
463.09
445.77
461.12
442.51
478.31
471.33
451.38
446.7
466.75
458.26
471.55
464.5
460.95
443.67
430.32
433.09
430.7
478.66
446.37
445.21
468.94
458.18
431.23
447.06
474.17
440.46
443.93
479.2
446.34
442.25
464.81
477.78
446.57
448.27
476.61
472.11
466.73
430.72
465.64
438.51
452.11
434.59
427.21
483.56
437.9
450.33
437.35
442.11
440.75
475.9
429.38
443.06
438.47
440.05
465.64
479.95
464.95
457.89
459.23
431.97
477.38
471.23
429.84
440.58
440.74
467.84
488.58
446.04
454.78
447.28
432.88
478.06
439.81
434.01
444.64
477.53
452.21
429.02
428.87
477.73
471.73
477.62
447.49
446.22
473.59
465.72
478.02
451.94
461.96
443.02
447.12
433.13
459.1
449.87
456.87
448.51
488.63
471.97
480.07
464.66
444.0
437.75
469.52
450.98
473.26
434.08
488.36
480.47
433.15
442.24
449.77
466.79
456.57
449.54
455.69
443.82
456.04
483.08
432.25
452.96
462.07
461.15
441.81
443.55
452.57
437.41
453.02
431.26
463.44
454.13
437.95
458.59
457.44
472.68
463.47
470.77
440.67
471.6
479.88
471.61
433.4
438.99
471.48
451.08
466.74
438.05
454.92
431.09
444.86
460.14
480.08
474.24
438.24
433.57
435.97
469.9
440.1
480.63
438.29
448.83
460.97
467.31
455.52
475.42
466.71
462.67
437.16
465.99
444.19
464.95
440.21
432.0
464.59
494.43
465.78
458.61
444.5
466.59
456.28
445.37
472.5
472.79
439.56
447.78
447.01
476.24
442.2
449.73
433.75
451.9
453.89
454.4
441.93
474.97
466.05
472.04
432.13
477.26
443.04
449.96
436.17
447.36
437.39
466.34
482.46
463.57
452.12
458.78
438.43
445.61
473.51
445.19
466.36
436.89
468.84
433.25
449.84
436.33
462.54
439.14
450.48
474.29
472.82
465.81
425.74
439.68
473.57
470.98
459.77
444.98
464.9
453.27
437.47
425.98
434.28
488.03
440.79
436.57
478.94
475.77
461.86
488.43
495.35
450.72
439.33
480.99
469.57
469.68
464.93
475.09
438.28
479.58
455.31
455.02
446.88
463.86
444.07
435.9
466.33
448.06
446.62
457.28
484.33
430.19
430.31
481.44
485.7
453.9
448.69
487.35
474.75
475.14
472.9
456.41
441.68
452.86
454.66
461.87
437.63
452.2
433.45
452.28
436.44
469.34
439.84
438.25
452.24
470.82
469.93
449.01
445.29
460.1
460.97
430.37
462.12
472.04
485.49
465.85
471.89
483.94
494.91
433.34
481.66
466.99
456.29
452.83
460.35
466.27
446.75
468.87
432.36
464.13
454.9
440.69
477.93
453.54
427.04
444.95
465.41
429.62
454.72
430.12
432.84
429.84
460.33
473.75
434.48
444.28
439.87
474.94
451.8
430.88
435.57
445.44
429.64
441.2
450.57
431.93
482.57
443.75
444.19
450.06
467.32
446.23
431.59
433.39
446.44
486.06
444.1
452.56
464.23
432.96
440.22
434.73
446.5
445.09
465.87
467.53
449.26
441.58
453.66
471.32
482.98
453.08
455.28
477.17
451.62
475.51
439.65
477.75
483.17
436.62
481.38
470.39
434.21
459.65
440.66
453.12
454.54
462.72
441.18
445.81
492.39
444.49
481.88
439.63
445.6
463.72
443.99
468.88
476.62
480.38
462.6
464.17
446.2
454.35
432.93
490.02
490.57
470.88
457.8
446.33
470.59
461.73
486.76
464.38
473.05
444.44
444.61
469.32
433.13
444.14
436.12
436.62
442.5
475.61
485.2
438.04
430.55
439.91
479.33
474.28
447.06
478.05
463.11
482.0
481.75
484.91
449.73
453.87
432.25
434.72
441.08
442.21
431.28
480.38
453.64
440.02
469.29
452.77
475.59
477.67
434.1
469.55
437.32
444.6
427.5
430.55
484.5
446.31
476.87
459.85
458.53
445.95
465.38
436.29
459.0
465.52
436.99
462.74
451.05
491.23
438.61
451.06
457.94
472.5
463.97
485.04
469.8
480.97
476.29
448.43
434.0
446.3
481.58
428.73
485.73
474.91
437.8
486.03
481.47
429.8
430.82
485.27
433.49
463.57
474.2
449.6
448.09
447.93
431.93
456.72
479.06
434.24
474.57
478.8
450.18
486.84
470.18
442.76
480.59
452.5
449.61
446.46
431.27
440.81
430.46
451.97
482.3
469.6
473.22
443.94
447.31
488.54
463.1
448.93
463.65
443.31
430.28
446.05
472.41
471.61
469.12
464.14
476.74
430.14
467.4
442.78
436.71
479.66
469.44
466.02
427.83
471.59
427.69
440.52
440.86
451.1
459.98
436.46
443.66
462.19
466.17
439.05
464.68
438.91
447.93
452.89
430.39
431.07
442.56
429.97
438.73
436.29
454.34
443.18
435.94
477.78
478.52
459.6
449.18
443.53
449.55
487.45
453.32
457.66
484.03
444.91
449.58
485.98
443.06
461.7
454.76
430.66
468.35
430.62
427.63
450.05
443.12
438.41
440.96
467.79
434.65
448.39
459.8
448.72
453.1
447.13
435.9
480.36
448.32
442.35
450.67
461.55
485.08
440.26
438.64
446.55
469.69
469.02
475.02
459.69
485.26
437.9
427.9
446.17
441.75
471.07
479.65
467.91
455.96
476.99
466.24
442.7
437.19
450.07
430.73
484.55
472.11
445.87
459.4
449.21
439.73
433.73
442.48
429.5
454.58
440.04
494.87
447.88
456.08
442.43
474.26
468.8
440.43
461.27
468.14
473.99
474.58
457.3
464.5
472.46
444.48
449.02
487.63
469.37
442.86
466.7
464.74
464.36
473.63
434.02
489.86
471.19
453.03
478.43
462.87
441.3
466.22
467.83
436.18
445.18
462.48
474.25
490.34
480.05
440.7
475.02
457.11
435.64
454.94
468.67
433.31
447.16
430.8
450.95
428.0
436.89
436.56
462.87
464.72
460.84
470.84
464.25
446.99
468.87
491.81
449.7
450.88
440.99
434.27
444.57
433.31
444.99
440.29
488.98
476.37
468.47
495.24
457.26
431.18
484.42
444.43
471.49
465.24
442.81
447.95
475.7
465.89
440.43
445.85
473.54
489.6
482.36
450.08
462.22
438.33
440.65
463.65
472.62
467.45
481.56
471.26
462.32
462.08
485.11
448.1
463.18
438.42
463.37
444.4
448.73
457.53
488.92
467.6
467.33
461.31
478.21
464.62
480.04
476.06
431.84
470.44
443.86
428.27
451.5
452.34
464.19
471.44
438.14
441.22
437.92
466.83
457.05
430.41
428.44
436.43
433.48
431.77
477.23
450.09
445.76
440.23
483.56
454.99
436.46
439.33
479.22
467.28
438.5
482.26
445.9
450.33
432.68
440.51
442.3
466.64
466.05
432.33
480.62
482.02
490.41
434.95
450.62
436.24
465.09
439.4
425.66
476.7
439.24
448.22
450.88
448.75
462.11
442.84
433.84
461.96
447.48
441.78
474.08
476.0
484.9
432.98
460.56
466.67
433.45
436.23
440.08
447.59
441.99
470.04
454.02
443.94
466.68
435.48
486.18
465.89
464.77
477.94
441.04
453.31
455.5
461.56
474.81
479.94
476.75
444.54
477.69
477.34
458.59
458.63
449.93
434.55
462.01
456.12
448.54
440.65
442.96
438.47
429.96
448.52
481.03
478.53
434.82
432.06
468.45
446.61
445.65
457.74
435.52
478.58
468.43
447.88
431.62
470.86
463.89
474.69
479.18
429.7
486.08
438.26
452.82
441.53
468.22
436.7
468.09
448.72
444.74
450.38
448.15
439.63
441.17
439.46
433.47
435.47
468.63
439.16
450.96
463.78
427.95
432.91
435.23
432.29
446.23
474.47
445.12
426.86
479.18
484.21
470.97
475.01
427.41
447.29
467.29
478.69
434.8
479.3
452.84
433.47
492.06
473.89
483.17
480.69
485.6
438.36
473.6
435.6
481.96
464.58
446.49
464.7
448.25
463.4
470.37
449.65
441.4
474.61
432.26
442.92
440.12
462.44
451.52
431.57
438.25
462.94
476.7
479.66
491.17
450.01
440.5
468.33
462.6
468.27
463.24
476.64
468.63
446.74
431.55
466.38
459.83
469.27
451.38
469.73
470.39
473.84
458.69
475.58
479.78
442.58
464.6
487.49
465.2
476.72
460.19
462.69
447.07
458.08
441.5
454.51
437.73
435.96
425.72
473.87
488.13
464.82
470.66
453.76
470.36
466.51
445.88
436.15
446.84
430.37
435.15
430.46
445.28
429.21
435.05
430.47
435.4
459.64
478.73
459.62
435.79
435.13
450.6
441.92
461.64
435.51
483.03
437.26
447.65
444.44
463.77
451.77
472.27
447.15
431.26
469.41
438.89
443.93
437.1
447.06
479.03
434.64
472.77
447.03
462.64
465.78
481.52
474.57
479.24
433.43
440.64
444.05
471.09
438.29
457.8
426.54
433.25
447.92
438.47
456.84
434.65
436.68
471.87
466.01
484.29
429.97
466.2
456.61
430.63
433.27
484.0
461.7
482.19
488.7
476.5
440.2
464.3
430.66
448.04
458.66
481.46
471.13
480.41
456.18
430.67
441.35
442.69
441.6
448.22
469.85
479.89
451.79
433.75
469.27
447.42
431.39
439.54
444.64
480.79
438.76
450.37
458.46
441.07
426.97
429.86
487.48
435.59
444.15
445.8
428.52
448.91
484.86
441.54
430.54
451.95
454.43
467.37
444.05
430.53
453.84
426.1
475.66
440.35
452.57
433.28
437.91
471.08
449.96
483.12
472.41
455.94
484.57
465.13
438.28
480.47
487.36
441.94
427.39
465.14
426.96
442.02
430.57
453.95
472.63
452.46
440.52
437.59
478.68
440.24
465.72
481.95
459.25
461.16
431.12
434.98
466.0
483.43
437.62
462.51
486.14
468.02
451.2
456.87
455.04
456.84
454.11
436.53
439.73
438.11
437.7
432.62
432.77
463.26
428.06
430.34
469.67
450.04
451.44
477.67
447.02
441.91
431.14
465.82
439.06
468.22
433.25
453.02
436.04
428.85
457.72
459.78
444.17
448.49
482.83
443.87
465.41
486.55
440.6
459.73
489.4
470.66
455.23
443.27
463.13
465.08
448.79
441.21
440.88
444.38
472.65
471.24
444.85
438.23
447.14
432.79
432.69
436.51
473.3
441.12
468.27
479.65
470.8
459.9
464.86
462.37
473.76
470.37
480.01
435.38
432.68
465.42
428.96
468.83
480.71
473.88
432.21
468.86
471.95
483.79
432.38
454.75
462.4
434.95
425.55
431.26
447.21
438.01
437.22
474.4
442.75
434.85
443.95
448.85
461.05
488.5
460.61
472.57
425.34
433.76
449.75
432.47
449.88
431.19
426.5
482.74
429.21
454.67
433.54
479.64
433.11
433.71
462.29
443.22
438.23
430.38
441.03
449.94
438.38
444.39
465.89
429.66
442.87
448.46
467.72
464.18
466.02
446.93
438.01
444.65
462.3
453.99
475.58
466.69
467.04
437.35
472.27
461.97
451.7
436.83
434.85
473.56
474.03
471.84
446.05
430.71
440.48
446.26
461.58
465.74
450.69
449.59
457.41
485.57
471.43
447.02
471.62
474.07
452.8
436.67
467.21
458.47
437.29
456.54
472.19
438.91
447.81
449.22
465.29
463.89
455.52
473.29
439.11
453.0
443.28
427.91
468.55
466.8
441.32
455.86
465.74
461.29
464.0
453.99
431.5
463.96
472.9
431.92
466.29
481.13
455.44
456.84
426.66
468.3
440.58
479.98
446.71
451.13
448.2
476.1
467.22
449.38
451.13
445.6
433.08
438.5
445.52
481.64
454.26
438.53
469.52
444.7
442.85
479.61
479.42
478.81
437.18
456.25
446.67
441.65
441.05
426.35
437.81
431.96
445.22
436.31
427.1
480.29
430.16
433.06
442.56
474.81
432.94
443.5
438.31
428.71
476.12
443.73
434.83
478.16
434.09
447.06
438.34
463.82
447.74
435.09
465.86
469.02
486.94
447.89
477.57
428.94
472.22
444.56
440.93
482.77
442.9
440.96
441.67
448.04
445.98
468.23
432.07
439.3
488.69
458.29
429.73
448.61
436.95
441.13
430.29
453.86
447.14
452.64
446.76
445.92
447.09
473.46
433.04
483.27
450.93
437.82
445.37
480.39
463.88
451.05
432.2
489.1
477.2
475.51
431.7
428.79
470.63
442.54
425.89
484.97
435.41
440.05
457.68
439.67
448.39
494.84
430.54
473.98
445.61
463.52
431.96
440.52
448.83
431.22
445.03
483.63
463.3
453.77
466.78
437.07
430.96
449.48
480.08
465.64
469.25
483.18
460.95
462.5
438.55
462.51
441.77
450.87
471.71
467.92
464.27
452.65
456.55
439.51
475.29
431.39
465.14
464.03
466.29
447.83
444.26
439.65
433.9
440.76
430.8
439.9
470.9
455.41
434.5
433.44
477.52
465.76
444.85
460.22
492.92
444.09
441.68
434.43
462.27
429.59
432.82
437.4
440.49
426.87
431.99
479.31
441.49
431.26
466.7
475.61
433.29
432.93
443.26
474.45
466.72
436.88
426.58
469.28
464.61
442.7
459.26
466.6
450.38
486.5
441.28
462.84
444.11
467.57
473.31
438.49
461.23
484.14
448.66
447.07
466.81
447.77
465.6
455.7
472.18
461.96
462.28
438.85
453.22
468.55
430.46
449.74
485.01
464.31
453.67
462.54
465.25
464.67
447.34
470.11
437.37
444.69
457.37
426.6
463.51
438.72
453.34
443.57
468.8
465.37
439.18
437.41
464.84
438.55
442.42
452.79
457.01
434.7
436.06
467.14
467.3
439.72
439.78
451.87
434.23
441.66
460.51
462.49
442.14
483.27
451.35
443.94
432.69
449.91
477.5
434.99
467.77
483.54
435.48
466.86
452.66
472.17
470.11
458.47
433.03
444.57
441.08
443.13
430.61
443.98
430.18
435.78
448.46
436.21
437.57
430.82
466.83
453.46
470.05
458.72
430.41
465.37
463.4
480.8
430.53
466.83
439.28
445.07
482.47
469.58
474.75
439.14
464.67
449.44
442.83
438.24
448.98
479.45
470.8
440.23
430.55
469.57
476.1
468.58
446.46
429.47
447.03
443.54
453.77
436.79
457.74
429.52
432.8
429.18
449.81
464.88
460.48
436.32
438.42
445.19
435.66
434.99
481.69
451.29
446.1
474.8
465.33
464.76
434.91
466.15
461.36
486.01
443.75
465.28
454.74
454.37
465.01
442.02
471.42
462.13
480.74
466.39
474.27
456.94
437.31
440.74
464.58
468.37
465.73
440.53
478.8
453.05
435.25
440.58
442.0
444.9
440.9
436.16
437.58
490.5
460.14
432.25
471.6
435.95
435.54
468.4
444.8
435.2
452.82
461.94
444.66
463.07
465.23
443.89
461.78
480.05
477.91
447.06
458.26
444.55
453.99
456.91
487.79
461.06
469.21
449.59
477.3
455.59
481.05
450.25
457.51
428.98
452.55
462.58
464.6
474.77
471.56
450.99
439.51
429.84
441.0
442.9
440.17
453.18
442.04
456.02
488.56
467.93
465.06
459.27
447.04
458.5
451.26
474.9
472.75
444.48
477.14
447.37
444.9
452.7
444.93
483.59
474.03
457.12
448.35
468.36
465.82
443.78
443.66
456.28
463.51
459.01
449.33
453.19
434.01
467.81
481.03
448.37
471.99
444.13
447.36
467.18
438.0
439.46
468.45
442.13
432.52
487.3
475.13
457.88
441.16
469.3
460.46
463.62
484.22
434.12
458.36
466.69
460.66
477.76
458.73
440.28
433.39
467.89
437.38
433.29
469.23
474.09
448.5
486.3
457.1
455.69
441.33
437.26
464.17
443.87
427.65
478.19
437.98
433.07
454.36
449.23
446.77
478.45
463.71
484.64
446.4
439.94
462.4
450.55
469.9
437.65
434.47
469.08
425.91
479.21
464.03
431.25
479.78
440.44
463.99
468.75
434.89
435.74
480.62
486.36
465.5
446.34
478.37
460.21
464.14
436.23
440.26
473.08
442.03
462.86
440.32
471.6
489.66
486.07
448.32
434.11
439.66
435.53
444.36
429.66
464.08
441.37
427.96
470.41
486.37
449.13
440.09
475.88
466.96
460.0
478.95
435.72
442.27
444.06
438.96
435.04
452.85
457.26
454.23
479.65
445.32
440.54
462.94
478.34
440.84
440.63
444.03
479.35
473.46
432.11
460.8
463.08
463.06
487.19
488.02
459.91
440.05
431.35
488.81
431.74
468.88
442.2
440.28
434.6
479.15
430.57
434.15
465.6
452.09
457.26
472.51
451.09
447.3
447.96
455.39
440.46
469.17
487.07
434.51
443.92
469.92
482.79
442.6
451.58
444.23
449.04
443.03
433.81
432.59
436.17
448.46
466.75
454.25
439.45
445.75
477.54
457.85
473.76
485.57
478.78
459.16
441.8
426.52
455.81
450.54
432.89
474.59
443.1
449.8
440.56
452.06
440.15
449.11
448.64
434.01
451.03
443.68
483.36
478.1
454.39
454.66
483.43
457.09
440.62
481.34
459.59
470.22
481.03
450.19
456.16
476.28
434.1
449.63
457.55
436.24
463.5
460.76
435.78
463.81
477.18
465.53
469.02
444.88
431.32
484.98
433.94
479.02
458.49
452.19
478.82
451.24
450.14
441.85
462.96
467.14
457.6
456.81
476.04
475.07
485.18
451.95
468.01
425.3
436.67
453.88
476.31
467.23
438.5
483.16
456.2
433.74
434.05
457.76
471.3
477.14
480.83
439.52
428.79
444.34
452.67
432.3
445.0
449.95
429.67
470.91
442.65
440.98
449.97
473.48
458.46
477.5
448.82
451.39
456.36
470.76
484.03
435.41
467.33
435.03
479.08
464.38
431.7
467.67
461.36
448.86
438.99
452.5
438.87
449.98
434.76
443.31
462.52
486.7
467.48
465.23
459.63
442.28
484.13
442.08
456.8
464.56
449.54
488.32
442.73
470.49
445.31
444.19
465.14
450.81
487.8
460.54
459.69
481.61
476.83
451.41
460.75
446.92
445.87
462.28
478.27
441.37
430.44
489.04
436.03
434.83
438.6
438.49
434.54
466.06
466.66
442.89
452.32
462.64
446.3
429.31
436.33
447.04
463.86
456.49
428.62
464.44
468.19
454.36
465.0
431.19
439.72
439.32
470.48
450.26
449.09
438.42
448.13
469.51
432.65
426.13
456.91
446.64
468.19
465.7
434.32
471.92
469.6
465.24
433.62
441.62
470.71
433.47
457.45
426.93
434.56
489.45
433.45
462.42
435.38
458.96
428.89
485.3
443.04
482.55
478.48
437.71
469.13
440.8
471.16
432.07
444.19
438.29
434.03
445.73
436.64
464.56
447.07
441.23
487.09
440.22
454.18
484.71
439.49
441.93
445.46
443.75
479.69
437.31
476.02
434.5
448.55
452.84
462.2
469.34
452.31
447.67
430.32
444.57
435.85
434.11
479.06
444.63
459.19
450.22
444.99
476.99
483.88
468.41
444.01
441.51
459.75
452.77
448.21
467.54
439.11
446.97
447.85
444.55
473.51
447.57
461.06
467.22
428.68
458.26
433.88
472.15
476.03
491.4
449.65
448.88
438.73
444.69
462.54
466.75
467.43
436.01
441.74
473.66
448.6
446.54
437.11
485.87
432.78
449.32
460.19
432.62
463.6
459.06
474.01
462.53
469.92
446.75
480.87
482.16
474.18
467.81
432.0
461.99
450.89
441.4
435.96
468.43
476.27
438.08
436.89
443.17
441.48
427.01
434.16
446.58
464.16
462.54
461.33
448.84
442.79
430.85
438.77
463.86
432.34
443.76
436.69
449.26
455.63
445.31
438.62
484.32
441.97
454.21
479.23
455.21
467.54
434.01
487.72
462.92
483.87
433.25
455.87
471.36
431.44
481.74
445.44
451.38
490.5
437.13
450.76
442.4
440.22
445.98
486.33
458.64
459.78
461.44
459.81
453.94
441.51
433.83
444.53
440.96
432.6
432.19
485.13
440.0
430.33
437.81
489.62
451.14
464.64
481.77
488.57
448.4
445.8
444.72
440.93
435.02
452.1
435.84
438.8
434.07
446.82
439.09
435.9
454.12
435.87
429.99
435.09
467.99
448.51
438.01
450.64
464.4
436.36
459.39
444.26
451.49
469.23
435.13
467.48
476.55
449.26
448.43
430.33
471.38
478.37
459.45
456.29
458.31
430.9
472.08
484.49
438.44
433.18
449.02
469.38
466.99
466.73
481.45
450.54
463.46
438.72
465.9
470.93
444.39
454.59
436.71
436.5
465.2
468.9
463.39
477.07
432.45
454.35
435.79
469.9
470.66
476.69
489.18
448.98
434.17
467.1
486.8
474.57
462.21
436.7
437.47
437.97
467.25
436.28
455.85
471.93
460.2
467.42
444.52
467.01
451.47
489.64
434.14
431.69
438.78
449.57
454.14
452.94
436.17
434.18
466.37
444.5
464.44
465.62
439.84
471.3
453.05
441.92
453.66
440.04
451.5
452.15
446.7
472.94
446.2
453.54
469.03
438.9
438.52
456.18
461.52
463.0
448.65
482.22
467.25
477.16
447.2
447.09
442.12
487.84
447.36
431.64
482.97
451.66
464.17
443.75
445.33
429.15
433.58
433.02
447.14
444.43
441.83
437.48
434.45
446.31
484.66
429.01
428.72
469.43
442.46
440.75
483.8
442.99
441.71
487.85
475.46
467.47
491.4
442.0
441.56
465.82
463.1
480.83
450.14
442.59
480.38
459.59
460.82
467.16
464.27
469.13
430.4
460.84
436.04
453.47
478.13
458.59
460.7
450.75
464.37
454.84
465.95
485.57
475.55
476.12
450.61
446.83
429.33
460.51
447.16
457.43
446.62
467.54
489.25
450.44
472.44
447.35
445.31
476.45
432.07
432.17
474.35
468.0
430.12
456.42
460.73
449.34
456.31
431.38
437.62
435.85
454.5
444.36
477.84
434.01
434.47
481.3
444.23
435.7
449.4
461.16
472.54
444.94
474.61
483.71
469.65
469.42
460.33
470.07
442.23
464.79
436.3
469.04
432.58
477.57
435.91
432.6
442.01
452.41
454.47
454.72
467.01
435.02
443.69
456.54
431.79
446.66
452.58
460.53
448.32
438.39
456.61
484.26
434.73
457.72
439.88
427.33
425.17
430.51
435.56
465.94
456.56
451.28
443.86
449.03
476.81
445.3
464.93
439.79
483.19
429.48
439.36
434.09
455.15
468.88
453.84
456.34
457.26
453.99
483.8
479.35
473.56
444.13
434.03
443.55
439.91
465.74
475.48
437.47
445.03
431.58
440.4
444.77
465.61
453.12
441.71
474.52
450.18
485.12
428.48
443.5
439.83
435.94
435.75
467.68
446.77
440.17
460.25
454.98
440.97
481.59
464.72
461.27
454.97
471.64
448.91
437.67
470.13
441.9
442.12
450.26
457.16
446.33
426.22
440.85
473.17
485.89
432.81
470.59
473.93
442.73
456.4
442.86
434.89
426.25
433.72
430.23
468.76
463.09
459.94
459.48
453.62
438.31
479.56
459.95
430.65
461.49
460.11
442.0
451.3
437.27
473.19
440.09
441.91
479.85
468.97
434.26
441.31
458.74
453.17
462.09
476.28
483.36
482.62
459.01
477.8
474.49
463.69
427.56
446.57
490.11
438.57
448.08
463.1
443.34
464.01
443.78
476.18
449.27
469.34
449.5
475.73
473.54
467.21
446.67
482.43
431.23
440.76
462.13
432.67
495.21
467.47
478.07
426.67
436.39
440.75
481.56
485.17
434.15
438.48
466.56
468.46
440.55
461.54
475.64
439.19
435.21
444.46
426.18
472.65
460.38
463.33
453.33
475.01
441.52
426.47
433.55
449.28
439.91
433.92
475.89
468.5
457.11
447.83
440.99
469.31
438.8
437.88
446.86
440.64
459.79
483.03
467.28
435.79
474.09
450.21
438.42
432.7
431.93
433.0
434.56
428.88
462.84
435.27
447.09
443.54
472.52
474.93
470.92
450.46
436.55
439.72
430.94
433.94
449.98
447.16
441.78
492.93
436.72
468.72
453.03
434.35
441.99
442.87
445.56
460.15
485.6
468.87
477.78
472.12
461.14
431.28
440.28
428.93
436.78
448.17
446.11
476.72
436.95
446.58
454.85
435.04
441.26
435.21
456.63
480.21
442.47
432.56
445.57
439.97
456.2
433.52
475.13
448.43
426.2
473.84
434.06
441.41
467.72
469.83
471.47
442.26
474.99
439.47
443.45
449.67
462.73
441.61
442.51
437.57
453.96
450.48
426.14
491.54
437.75
434.18
465.57
432.51
468.75
466.75
436.85
482.17
456.65
434.51
430.07
483.0
462.56
437.33
460.73
432.41
459.27
467.7
432.01
431.01
480.56
470.93
463.58
437.03
446.48
433.85
436.92
458.92
474.36
439.82
437.42
474.4
452.86
445.18
470.63
428.34
431.37
474.23
459.81
455.25
480.68
475.59
439.43
488.75
446.94
473.78
444.74
460.29
445.5
451.4
467.71
454.04
436.69
461.73
465.88
480.87
442.48
495.76
437.24
446.27
426.48
451.42
475.02
432.31
485.78
443.33
474.28
435.22
442.1
430.98
437.83
464.11
459.69
442.18
468.51
460.06
483.82
427.38
440.85
465.7
428.05
449.24
458.29
486.52
444.26
435.62
437.61
466.71
482.78
454.21
452.66
465.01
448.37
473.22
446.93
437.5
479.2
449.63
463.64
470.17
459.97
466.99
473.1
428.58
438.79
466.77
455.09
427.49
451.49
442.88
433.5
433.02
464.39
443.51
460.47
435.22
458.67
454.62
433.64
454.46
431.29
453.4
432.5
451.87
463.3
475.13
442.86
429.38
431.58
444.59
441.33
429.41
470.79
475.37
444.37
427.82
432.75
450.28
457.09
450.86
458.8
442.78
465.66
447.91
467.05
481.38
463.83
457.03
454.97
430.26
457.0
441.2
460.21
430.62
438.71
441.9
430.0
471.78
449.65
429.25
462.7
478.88
474.73
433.02
450.92
448.45
461.5
445.01
442.89
450.86
450.5
446.48
459.6
462.09
468.96
468.53
426.91
472.81
437.18
469.75
425.36
432.94
450.84
456.36
444.12
432.38
468.14
451.95
425.27
436.64
488.2
430.14
440.31
464.41
438.52
434.94
444.16
432.79
433.32
461.56
474.17
443.92
479.16
436.19
455.07
449.7
449.41
437.83
435.68
429.58
458.09
433.24
445.72
431.07
449.43
439.3
434.14
479.08
457.8
435.75
473.79
475.34
453.47
481.49
436.67
477.65
435.57
443.43
455.64
479.14
445.33
436.94
453.74
429.39
448.89
440.79
461.15
442.85
431.97
445.4
488.17
448.71
438.54
442.48
486.79
481.7
440.26
481.03
425.11
466.26
443.31
473.12
464.7
427.22
480.61
463.87
451.44
464.36
452.82
435.99
435.99
438.64
465.51
439.75
443.46
470.19
444.99
441.58
430.06
462.56
444.89
444.77
476.41
468.98
476.0
442.53
430.89
430.26
430.98
440.53
464.18
446.23
441.04
447.95
464.26
468.8
437.25
460.76
455.05
434.34
446.33
430.92
436.33
467.08
484.2
454.01
431.27
442.45
473.92
476.8
446.95
432.2
425.14
453.8
440.68
450.16
475.65
442.43
463.93
484.25
470.84
478.75
434.54
474.16
427.06
430.11
439.49
440.62
440.06
456.08
428.67
443.58
477.89
433.16
456.55
481.02
459.31
480.98
463.4
440.11
451.84
454.59
434.22
453.3
463.05
475.14
466.49
428.92
433.44
439.76
489.68
460.75
455.33
455.29
437.9
446.29
439.42
429.27
441.71
444.9
472.4
452.84
431.96
446.26
432.06
481.28
469.94
479.91
480.2
442.82
491.77
489.1
473.9
445.49
447.64
437.02
484.85
437.44
438.12
477.78
471.05
453.49
434.77
467.8
460.44
439.29
462.81
458.62
470.98
471.44
483.01
429.12
437.98
443.73
429.57
425.41
463.37
494.9
442.69
476.54
436.95
455.71
467.41
440.93
466.75
460.43
439.25
437.97
474.29
451.93
444.68
433.08
466.73
467.3
474.81
430.22
457.01
455.14
439.14
434.44
448.37
432.25
430.32
449.27
452.0
471.07
490.68
440.91
458.34
473.44
435.86
456.77
451.4
436.37
475.03
438.5
443.8
482.58
446.51
433.72
437.07
438.36
433.92
445.71
489.44
438.67
452.94
441.18
448.17
466.38
457.61
474.26
440.87
483.82
474.2
429.46
455.17
439.2
426.64
465.72
465.35
465.17
441.24
470.19
443.44
429.64
470.42
471.08
473.01
447.19
440.28
477.57
469.38
462.72
474.65
432.49
446.44
481.94
466.47
485.06
472.32
430.53
437.06
472.86
451.86
436.31
443.04
480.32
439.74
443.98
439.12
444.42
462.19
429.83
448.74
435.27
467.99
443.44
489.07
445.31
433.34
439.65
466.04
448.71
442.97
452.52
467.06
436.16
469.27
430.68
456.08
482.9
475.69
430.56
444.79
462.12
446.68
432.02
469.49
439.69
448.89
453.42
479.76
442.71
454.74
436.02
468.49
487.4
457.94
450.15
445.33
473.0
459.84
443.41
458.19
444.35
447.76
448.07
459.14
479.62
476.96
440.07
482.22
444.38
463.53
459.96
462.69
463.2
490.47
490.92
477.41
455.56
450.81
468.28
458.91
486.05
454.67
460.76
463.31
439.48
435.99
446.35
488.82
438.66
465.57
426.3
485.08
433.3
452.02
469.6
467.22
452.39
463.27
486.6
469.75
493.72
450.04
449.12
454.64
452.6
432.87
447.84
434.96
463.49
437.73
487.17
454.15
446.7
444.71
465.89
435.98
445.34
473.9
441.29
462.21
443.13
467.09
470.17
451.71
428.6
462.73
460.2
440.64
428.75
453.58
472.33
437.65
448.77
442.83
438.39
480.15
443.65
455.53
434.9
492.12
437.82
449.41
448.28
467.95
439.0
447.42
430.98
430.3
449.57
432.05
465.05
474.51
441.07
447.46
484.05
437.13
490.96
481.83
481.74
475.19
440.26
442.64
452.94
432.04
449.63
475.41
430.62
441.66
459.01
482.1
444.43
437.72
447.75
439.55
444.09
458.78
486.92
482.82
445.87
441.93
448.83
479.61
486.41
470.9
469.35
454.14
455.34
450.5
437.99
460.25
435.06
446.15
483.38
428.1
467.15
448.49
440.22
450.55
474.04
477.06
445.36
449.03
436.35
467.65
468.57
445.32
444.58
448.15
442.7
444.65
445.79
467.41
465.16
435.59
474.44
447.01
484.54
462.12
451.44
425.64
487.43
433.46
441.83
479.17
485.02
439.92
448.97
479.92
470.88
456.11
447.52
478.5
437.78
440.16
461.88
439.74
482.11
488.01
450.4
448.58
473.82
425.21
444.8
482.17
476.02
434.66
436.69
454.88
471.94
445.33
438.62
474.07
467.3
446.9
470.89
458.67
432.26
451.98
442.19
444.81
465.77
466.2
462.59
430.15
473.41
430.91
437.27
477.86
456.41
463.28
463.82
444.87
482.09
437.48
446.79
437.58
439.45
472.22
433.73
468.61
478.7
434.54
432.83
464.67
447.09
479.02
444.66
469.9
437.27
456.89
446.09
439.66
441.49
433.69
448.61
450.67
428.74
437.76
466.46
477.12
445.23
465.24
463.04
431.77
438.09
476.67
438.41
449.82
448.34
441.22
431.82
479.68
473.73
484.21
469.12
483.49
443.79
448.26
469.57
435.91
466.62
475.13
484.65
444.37
465.89
434.1
469.63
441.14
428.83
479.81
456.11
480.26
436.14
483.2
439.26
440.55
442.47
478.05
483.51
489.96
438.15
445.35
481.27
439.02
477.88
429.28
485.96
440.47
485.75
435.82
448.35
446.12
431.18
456.44
473.6
459.42
446.98
490.07
486.07
470.41
451.84
463.93
435.2
455.55
445.26
445.52
444.01
436.75
441.45
432.59
433.71
449.38
446.56
464.13
435.28
433.32
427.53
435.93
434.7
437.01
441.27
440.6
478.88
471.19
437.44
451.63
468.07
437.49
442.57
436.55
444.99
440.03
442.07
435.2
464.15
442.14
490.55
439.96
433.97
481.83
439.36
449.88
440.33
432.0
467.69
439.06
442.76
440.75
449.62
442.13
474.35
468.8
451.42
435.74
444.6
440.16
430.22
435.89
458.4
452.82
445.05
437.49
437.12
455.85
473.74
439.97
433.08
430.89
438.24
447.86
474.13
443.94
460.26
461.78
459.06
463.49
474.64
456.48
429.95
426.14
436.77
464.45
444.97
432.48
437.43
442.32
446.91
472.54
481.24
492.96
485.2
473.23
447.69
434.2
438.78
449.6
477.24
481.88
484.94
462.77
444.19
466.78
458.04
425.5
435.69
454.26
453.45
451.99
473.32
465.49
432.44
432.73
433.18
426.85
459.52
464.56
479.0
437.55
445.07
452.03
464.45
485.29
435.25
460.45
448.04
469.23
476.15
445.84
436.64
432.72
478.43
465.57
478.65
436.77
469.96
462.87
473.41
431.66
443.57
445.1
450.69
482.37
438.51
441.71
471.79
468.92
464.15
448.75
480.61
486.91
469.59
464.59
444.08
433.1
436.5
477.53
473.71
449.48
450.75
448.92
461.57
450.22
460.03
463.38
440.42
432.0
464.22
472.59
432.82
433.37
436.37
448.67
458.55
467.68
467.33
438.24
488.42
462.6
441.61
431.44
478.19
430.59
452.71
449.07
473.27
472.42
430.07
441.3
431.86
449.91
445.11
442.71
438.08
465.36
435.25
446.15
437.38
432.33
445.78
466.2
435.45
480.28
456.07
454.86
470.78
477.51
442.34
444.46
468.19
444.86
471.46
448.23
475.76
466.29
456.93
474.76
445.3
442.77
480.58
456.31
435.71
484.12
477.2
449.59
441.07
465.98
438.08
462.55
463.6
484.13
472.63
434.79
464.42
470.93
442.72
472.69
444.09
439.68
483.42
462.63
449.13
439.87
459.85
463.09
441.87
460.19
433.56
462.96
491.1
455.48
457.98
457.21
446.3
447.5
473.17
463.86
443.09
486.79
444.01
431.97
472.17
478.3
446.2
436.42
435.45
441.9
434.83
463.71
478.96
454.26
450.94
455.95
445.79
453.39
441.61
476.68
477.2
433.59
438.26
475.62
472.73
453.2
433.42
456.24
439.77
471.39
420.26
465.61
466.14
432.73
461.98
453.27
440.03
473.45
466.16
467.69
444.1
478.82
474.7
474.94
454.02
447.31
446.03
478.34
480.74
437.43
453.33
468.92
477.89
475.08
464.05
440.9
435.7
444.02
447.57
476.57
449.12
433.86
450.82
454.48
440.67
453.5
461.14
432.14
457.66
435.38
463.36
439.15
430.72
490.79
472.65
454.54
465.99
442.66
447.27
474.26
447.64
451.16
448.79
442.94
431.81
440.67
481.73
427.53
442.11
456.03
489.52
438.7
450.74
451.74
451.95
438.87
436.59
427.55
445.39
452.76
440.98
475.64
454.02
449.1
433.77
485.94
432.58
450.89
480.38
440.26
430.46
444.21
450.83
440.15
428.5
464.39
470.65
442.65
455.24
437.84
471.79
452.03
463.35
434.09
438.25
443.53
438.24
451.7
442.38
455.13
478.75
436.73
444.04
455.29
450.14
439.78
450.57
455.25
484.34
459.38
450.44
451.37
460.42
440.75
457.7
433.01
437.11
435.91
481.77
480.54
463.63
459.12
466.12
466.68
452.3
441.34
471.69
450.39
442.3
447.93
471.11
443.89
482.8
440.11
478.38
481.85
493.3
471.47
433.19
444.19
463.32
476.83
491.84
438.59
472.86
430.88
463.91
450.75
454.67
455.71
437.52
437.2
445.1
477.76
442.99
455.58
432.04
474.65
467.62
474.92
471.38
440.0
458.76
449.98
452.42
479.78
467.32
448.27
434.48
459.04
484.57
442.4
442.82
463.71
469.73
489.62
479.78
451.29
442.4
429.23
456.49
449.14
486.35
438.84
452.71
441.44
448.17
442.38
440.4
430.16
483.72
433.43
433.63
447.5
433.78
436.5
445.96
432.64
469.33
457.73
487.83
442.76
441.21
430.11
460.4
437.85
466.55
465.09
432.49
433.43
471.0
478.5
452.18
438.19
455.75
448.5
479.13
463.71
475.96
451.44
439.03
488.27
488.85
442.87
471.31
446.17
438.67
477.31
442.63
439.58
464.36
451.95
444.42
479.97
464.12
444.35
444.72
474.46
473.56
469.41
442.22
440.17
434.79
437.01
463.39
449.07
473.16
464.85
442.62
433.96
438.92
432.6
427.22
447.4
478.01
478.77
445.17
436.3
428.8
486.91
441.29
439.86
468.69
494.75
443.87
453.45
437.6
439.74
431.01
430.86
450.07
445.61
460.73
434.08
443.3
445.36
446.01
447.02
440.06
430.55
466.52
446.22
459.73
485.86
442.51
456.71
465.13
462.68
441.57
435.08
451.96
451.69
438.85
430.92
451.89
462.52
433.63
471.24
480.18
441.33
451.96
428.6
469.12
450.68
484.04
443.85
462.19
442.89
476.88
446.42
439.47
440.26
467.2
453.16
454.41
454.72
436.6
476.91
480.68
453.01
456.11
451.96
455.83
441.04
443.67
471.05
427.25
479.96
474.68
437.96
469.64
465.48
448.9
482.1
450.57
466.2
447.67
478.63
479.4
473.62
474.1
446.68
483.52
438.57
471.7
435.17
443.44
451.23
454.22
484.03
487.15
433.03
461.97
438.8
450.77
443.26
466.27
428.28
438.35
445.17
475.57
435.43
428.37
442.2
468.55
431.65
444.66
431.23
436.43
442.64
446.19
478.36
465.03
436.56
448.11
459.12
445.58
443.09
485.83
440.9
441.14
447.32
449.81
442.92
449.8
440.29
477.45
433.94
459.66
438.97
458.05
433.25
477.97
457.29
469.05
471.24
459.63
478.56
448.65
474.92
465.5
470.46
452.56
462.6
465.05
475.38
470.32
485.21
445.83
484.17
482.25
474.63
482.98
471.98
456.49
427.82
442.28
478.3
450.62
439.18
442.37
432.32
445.02
473.0
450.43
461.16
450.85
447.22
450.22
472.88
449.52
467.78
468.21
481.87
434.81
473.78
464.7
431.44
470.47
434.48
473.34
476.01
452.05
443.76
477.85
491.25
492.88
433.44
485.95
484.07
435.58
466.54
464.45
471.86
431.29
491.1
429.53
470.4
488.12
429.06
455.18
452.55
456.85
439.32
443.13
456.7
450.55
458.57
490.83
426.48
436.28
435.69
491.22
478.24
453.28
449.76
449.76
471.66
460.2
449.64
446.63
434.55
453.37
450.25
427.36
444.82
447.54
472.84
434.94
446.57
443.14
492.46
452.33
434.41
465.26
463.46
475.01
437.33
441.28
471.32
467.29
471.19
477.41
433.88
439.06
462.18
471.03
463.79
468.92
448.26
463.89
444.35
478.7
439.8
428.69
480.35
484.44
436.69
460.03
432.22
432.66
439.14
442.6
432.71
478.88
454.63
467.74
434.25
481.32
460.72
435.61
451.14
435.56
467.12
430.86
434.78
437.93
462.83
443.12
461.39
438.63
442.46
465.96
446.36
464.12
472.67
433.23
441.54
470.21
483.54
432.45
464.73
431.39
471.32
444.35
466.64
431.27
437.41
437.65
456.37
467.29
450.41
439.83
432.76
449.04
436.67
484.94
487.84
471.0
441.47
435.5
440.08
439.36
446.71
434.31
437.65
466.63
466.8
456.33
455.45
441.46
442.58
460.6
441.78
438.5
465.74
447.46
468.91
475.44
437.04
455.06
474.42
448.15
470.33
450.92
441.56
449.0
469.94
479.74
454.28
475.61
474.07
448.03
447.47
429.05
432.0
448.88
464.17
439.52
440.87
447.85
469.18
461.9
425.2
434.45
446.94
445.59
472.57
444.35
439.8
430.45
460.61
445.29
478.05
470.96
452.43
468.22
478.27
474.93
480.11
475.61
441.93
456.98
441.06
431.32
454.59
476.37
435.81
443.2
470.81
429.36
438.89
472.13
481.89
448.43
450.73
450.89
493.9
484.87
489.38
473.22
462.28
438.68
436.43
448.26
483.13
426.8
454.29
438.1
442.13
437.39
433.61
468.52
457.17
452.89
468.35
475.85
478.51
491.35
431.45
454.35
470.63
444.6
466.5
437.85
442.84
442.9
441.77
475.43
428.25
435.92
438.4
465.78
439.7
481.31
437.37
438.86
466.86
447.66
426.07
437.87
468.23
463.99
452.5
467.71
473.16
437.29
431.77
470.87
435.6
447.42
461.84
442.98
426.31
443.29
455.72
484.35
438.65
431.1
450.31
463.22
473.86
468.64
440.66
451.0
442.98
459.36
428.77
458.16
444.54
468.17
446.22
483.5
464.02
456.27
462.86
435.61
468.86
470.06
436.58
442.68
452.59
443.91
481.55
444.2
474.56
469.71
455.82
452.52
480.74
434.08
452.89
468.14
438.15
430.45
474.48
447.66
444.95
477.86
445.55
484.36
462.87
471.16
467.11
465.26
435.59
481.56
469.64
457.42
444.71
436.64
444.61
452.02
435.27
452.85
443.03
434.0
461.89
491.16
454.69
435.09
475.07
447.11
438.7
437.95
443.93
460.58
467.55
440.08
455.2
460.13
434.52
454.47
427.67
437.99
455.68
488.64
446.01
437.62
434.62
481.52
474.63
477.5
440.53
460.94
451.45
458.85
483.86
438.45
439.06
485.46
432.95
461.51
439.65
433.5
475.4
430.07
437.19
437.28
438.68
482.16
452.2
447.17
433.16
479.57
481.85
435.41
458.01
454.89
465.73
453.81
460.57
458.99
445.67
465.16
435.82
449.1
454.28
434.27
472.17
432.55
441.57
452.71
435.39
432.04
434.84
480.25
435.14
449.08
438.92
433.19
463.2
454.62
440.08
441.35
473.2
471.82
468.96
435.17
474.03
443.47
427.21
443.7
443.67
470.45
434.98
428.44
443.93
479.03
448.8
483.49
440.87
446.48
436.26
431.85
435.81
437.34
480.8
470.28
438.92
485.31
442.84
483.26
434.7
438.68
439.53
480.4
444.02
431.66
439.33
434.78
462.26
466.66
455.15
434.44
449.34
453.02
438.42
433.62
426.28
464.86
445.45
479.24
435.13
468.18
435.12
482.26
477.69
469.61
443.42
440.32
427.87
457.67
444.87
440.18
482.16
475.89
440.68
465.24
484.93
458.21
436.39
489.96
462.72
432.05
428.27
463.99
437.55
438.31
458.51
472.17
474.5
487.08
439.71
435.64
459.68
481.88
435.69
451.08
433.91
431.97
434.43
441.12
457.59
439.98
430.6
434.92
432.1
467.82
475.53
440.14
437.19
488.57
442.6
428.75
440.36
453.78
479.24
443.52
478.89
456.71
477.2
469.34
444.65
481.58
449.99
479.58
471.48
483.35
429.72
436.64
462.07
431.11
443.03
448.41
440.81
446.43
451.81
462.44
475.75
456.64
484.75
479.8
445.74
469.64
429.48
454.88
446.73
436.47
441.29
444.89
465.09
446.19
461.13
439.43
485.36
477.75
475.91
443.1
474.16
434.96
472.85
439.99
445.44
453.4
449.2
435.42
453.86
452.31
437.62
444.08
441.31
446.4
439.91
436.33
480.63
457.29
447.35
449.24
441.07
433.83
435.04
436.94
458.46
473.39
429.03
436.34
466.63
480.6
442.65
473.49
465.15
446.64
467.46
475.36
468.66
467.9
464.79
467.46
480.18
433.62
437.6
478.03
444.85
433.4
454.29
472.22
474.44
444.57
468.8
482.19
464.12
437.02
438.52
434.68
445.0
444.85
449.74
442.69
439.75
452.82
490.57
482.49
440.99
484.2
486.2
454.5
482.4
458.13
458.96
437.17
438.82
442.66
468.19
459.73
474.77
450.07
441.04
439.03
481.12
451.92
462.35
432.66
477.78
466.21
487.05
450.69
427.95
445.66
482.99
481.42
466.47
428.39
427.58
441.47
485.23
425.14
440.59
435.89
468.85
450.5
470.41
451.62
458.06
461.82
478.65
438.0
481.68
440.74
435.39
440.57
447.13
483.63
478.42
477.93
482.99
442.62
431.37
464.13
442.15
443.91
469.18
441.74
433.95
433.92
487.92
466.15
452.41
488.99
481.69
477.62
450.87
445.86
478.85
483.57
468.62
467.16
427.42
481.6
470.85
459.59
461.74
481.09
443.48
468.82
448.09
462.51
464.03
435.57
467.9
457.0
465.47
472.07
441.14
442.67
458.74
454.87
439.06
479.09
439.5
467.39
464.58
439.34
432.59
437.95
485.1
448.6
431.83
465.26
461.62
467.2
445.8
437.62
476.6
454.23
469.11
440.63
472.32
437.02
431.06
473.96
463.49
457.07
441.28
480.98
462.84
482.99
440.21
463.6
459.76
446.09
482.46
475.18
463.61
471.44
440.28
465.51
436.89
438.08
429.13
481.35
465.68
463.79
441.24
473.38
434.41
487.19
483.58
483.74
443.74
442.95
436.61
451.76
469.18
449.81
468.12
460.48
431.43
476.6
446.01
439.69
438.17
440.85
486.31
442.93
443.24
463.58
455.2
446.01
438.82
486.34
473.61
462.65
439.79
470.85
476.71
434.67
440.16
477.5
433.82
432.52
481.6
441.22
443.8
427.65
479.96
474.41
434.47
438.24
481.51
471.99
462.02
432.65
436.92
433.48
444.7
438.92
447.48
455.1
441.04
442.45
453.2
470.5
485.73
471.58
458.28
450.67
479.21
448.79
465.39
441.15
439.6
468.84
436.12
453.09
465.46
440.47
462.65
446.53
440.51
447.06
461.91
474.15
447.93
474.1
440.72
466.95
446.41
449.51
449.4
434.05
484.15
458.27
486.26
462.6
450.0
439.3
442.53
468.4
441.68
441.18
442.29
445.4
453.36
436.15
442.24
446.34
451.87
437.06
484.82
453.6
439.34
439.86
449.9
464.41
444.67
442.67
433.34
464.9
450.46
480.34
474.37
474.66
440.31
478.76
460.06
442.76
475.42
441.16
429.35
446.51
450.97
437.76
460.93
432.51
431.37
444.69
443.39
437.67
482.96
471.23
463.81
453.08
435.67
454.6
436.96
462.34
447.26
453.35
435.65
439.4
471.85
460.58
439.92
431.95
443.71
437.76
442.78
475.43
439.84
444.73
479.8
441.05
453.39
452.6
442.91
441.51
464.65
426.79
467.34
437.94
434.46
466.71
465.16
465.28
475.13
460.59
465.77
480.54
482.66
438.33
446.18
471.23
439.64
472.62
434.38
474.08
436.16
486.53
438.67
483.63
475.94
467.88
462.69
491.32
442.82
461.21
474.12
446.54
469.75
459.89
465.88
463.12
485.96
454.45
462.57
462.26
432.64
453.44
447.29
466.38
457.41
438.53
467.66
434.33
437.91
450.32
472.42
469.8
480.13
475.42
460.91
453.55
441.15
468.09
472.33
465.87
464.54
431.95
438.22
477.71
444.38
471.58
448.25
440.36
476.81
446.18
477.37
465.89
438.74
444.41
461.03
439.21
473.27
433.83
470.71
435.12
455.22
438.08
445.02
475.77
479.74
465.56
467.96
448.06
439.86
460.27
437.1
436.22
455.3
444.76
440.67
474.3
459.47
475.63
441.9
437.81
452.28
435.06
481.24
469.89
434.3
462.65
472.22
442.7
481.4
431.15
444.62
475.35
477.19
466.2
436.76
426.84
453.22
464.62
489.64
433.56
436.85
448.18
463.72
466.47
480.96
440.69
439.66
441.34
444.23
474.82
439.13
444.5
483.54
489.3
457.14
470.46
440.87
448.37
444.46
438.1
478.74
433.97
478.05
483.5
441.84
491.9
474.72
458.67
435.83
470.92
491.97
431.31
464.95
466.7
439.67
428.83
444.01
474.11
435.87
473.02
476.81
468.78
480.82
483.28
454.79
430.12
439.49
454.44
433.99
433.37
444.26
442.12
430.24
429.29
474.91
483.73
474.82
473.16
439.46
466.88
458.42
445.82
465.69
431.44
470.31
449.86
447.66
466.13
479.91
489.64
480.53
440.79
478.87
444.89
428.52
464.64
467.39
446.69
461.35
451.74
439.06
461.2
440.43
478.23
435.46
444.07
428.32
432.97
464.91
434.12
472.32
460.34
445.25
438.01
440.81
433.37
439.01
484.21
463.28
450.13
467.21
483.74
440.44
442.64
467.48
456.03
476.03
455.72
435.77
471.04
432.17
437.26
450.74
479.45
449.72
471.23
431.74
483.79
471.26
438.28
437.45
440.13
469.44
465.84
470.39
449.99
441.7
445.1
482.56
435.58
456.53
429.69
443.8
471.59
455.28
443.19
459.67
451.38
470.19
437.01
446.84
471.81
477.07
467.54
427.3
467.56
441.3
431.51
432.51
449.79
433.82
433.29
488.82
431.87
435.94
460.32
436.61
478.71
464.23
461.69
452.04
479.83
446.05
435.17
431.23
441.54
440.04
437.8
450.17
460.45
447.06
432.53
443.27
436.97
478.88
445.11
442.85
468.06
437.99
462.18
465.86
450.67
432.03
454.42
431.14
439.8
459.87
426.55
449.07
479.2
438.7
430.67
470.74
471.72
468.36
473.37
445.6
434.22
458.07
453.55
437.45
477.49
434.4
436.06
447.49
436.91
439.14
438.88
432.1
455.7
464.23
438.56
477.22
451.37
438.56
478.95
475.85
436.54
449.07
443.5
436.17
463.47
482.95
446.44
481.87
466.41
441.74
481.14
433.42
476.22
454.26
446.02
486.15
442.16
457.92
474.16
425.69
451.67
462.78
426.8
487.24
436.0
432.27
449.98
441.98
464.78
483.8
444.71
441.34
453.94
427.62
446.87
436.37
438.65
430.1
471.81
465.48
486.39
468.43
438.36
473.74
484.18
425.89
434.42
435.34
477.27
448.52
465.64
435.17
450.99
459.45
467.59
463.7
466.06
438.64
438.81
445.59
478.07
439.4
482.15
429.42
481.53
443.44
451.02
492.09
453.09
461.45
468.82
448.38
451.51
432.56
480.82
477.82
443.77
458.28
482.67
433.59
442.21
455.54
436.1
440.52
458.66
449.12
431.8
446.87
461.71
437.01
443.82
444.74
441.3
471.36
430.01
449.09
471.05
428.67
479.48
477.68
494.21
438.12
430.58
427.71
437.54
479.43
469.56
473.26
438.4
470.06
438.17
445.91
473.96
453.47
441.14
456.3
474.46
439.26
482.49
460.47
458.31
478.29
471.63
442.78
462.78
457.98
477.36
436.06
480.7
475.23
439.01
446.68
437.79
434.37
486.19
440.66
461.61
434.61
436.32
471.34
437.64
458.15
449.52
434.58
460.56
482.82
430.78
436.15
482.21
433.67
472.77
474.03
440.21
478.79
441.8
474.7
471.42
462.48
436.26
486.83
460.57
455.5
464.51
437.84
453.72
464.44
473.88
448.51
437.16
480.53
455.57
479.66
474.87
464.14
466.15
472.13
435.01
448.57
443.76
473.85
425.21
477.94
444.36
460.14
490.91
486.81
433.82
430.11
457.35
435.76
471.65
461.01
433.78
435.2
492.26
474.91
435.48
469.25
451.21
444.16
430.3
430.22
433.44
437.35
444.38
464.14
427.84
466.3
449.7
464.49
446.19
470.44
464.94
442.84
449.23
441.76
467.76
449.73
478.98
453.26
432.26
426.15
441.51
473.4
454.37
426.37
442.86
454.64
436.37
457.36
469.22
435.02
440.94
481.3
469.34
437.53
432.07
474.88
453.2
433.02
454.71
466.25
435.23
458.64
480.73
462.77
433.64
479.62
437.89
467.34
453.19
477.5
462.7
454.16
440.27
475.32
483.53
476.46
476.37
463.2
434.11
470.66
485.38
486.2
455.4
472.43
467.42
439.11
444.5
468.43
439.22
461.25
466.87
444.99
437.51
442.65
437.94
483.11
437.52
483.55
459.65
471.8
463.57
456.02
458.59
473.26
477.81
481.86
458.22
428.46
448.91
448.66
440.01
428.61
469.4
428.91
452.77
457.4
442.33
477.84
435.48
444.83
434.13
466.25
473.59
430.44
466.91
475.54
462.7
431.75
426.76
440.96
482.2
453.62
461.47
434.67
472.82
447.0
475.15
479.53
444.59
472.88
455.72
456.62
443.74
434.94
456.35
440.17
463.06
479.86
429.1
487.58
479.78
432.92
454.88
472.94
452.45
486.09
485.18
481.07
453.49
463.48
435.47
491.54
447.27
444.52
441.57
445.24
442.6
427.29
489.22
466.74
479.03
464.24
477.13
462.87
438.34
438.0
439.55
429.56
466.36
433.42
444.54
451.0
455.82
431.76
479.25
474.7
448.97
437.4
428.67
445.47
425.68
429.55
430.22
463.67
461.97
425.21
441.9
471.1
457.45
438.55
470.89
472.49
452.39
460.87
434.64
433.38
482.39
461.6
478.21
469.08
449.07
485.86
486.57
449.31
443.68
442.59
449.17
462.09
445.55
444.37
468.53
486.11
433.04
428.72
442.78
466.46
464.46
474.94
461.23
475.96
455.88
470.63
444.27
471.52
471.45
435.56
442.15
459.11
427.66
462.25
462.59
432.9
465.96
450.93
451.67
