0
21.6
34.7
33.4
36.2
28.7
27.1
16.5
18.9
20.4
18.2
19.9
23.1
20.2
18.2
13.6
14.5
15.6
13.9
14.8
21.0
12.7
14.5
13.2
13.1
20.0
21.0
24.7
30.8
34.9
26.6
25.3
24.7
19.3
20.0
16.6
14.4
23.4
24.7
31.6
23.3
19.6
18.7
16.0
22.2
25.0
33.0
23.5
19.4
17.4
20.9
24.2
21.7
22.8
21.4
20.0
21.2
28.0
24.8
22.9
23.9
26.6
22.5
22.2
23.6
28.7
22.0
22.9
25.0
21.4
38.7
43.8
27.5
20.1
19.5
20.4
19.8
19.4
21.7
18.7
18.5
18.3
21.2
22.0
20.3
20.5
17.3
18.8
15.7
16.2
18.0
19.2
19.6
23.0
18.4
15.6
18.1
17.4
13.3
17.8
14.0
15.6
11.8
13.8
21.5
15.3
17.0
15.6
24.3
50.0
50.0
50.0
22.7
25.0
23.8
23.8
17.4
19.1
23.1
23.6
22.6
29.4
23.2
24.6
29.9
37.2
36.2
32.5
26.4
29.6
50.0
32.0
29.8
37.0
31.1
29.1
50.0
33.3
30.3
34.6
34.9
24.1
42.3
48.5
22.6
24.4
24.4
20.0
21.7
19.3
23.3
23.0
26.7
21.7
27.5
30.1
44.8
50.0
37.6
31.6
31.5
24.3
41.7
48.3
29.0
24.0
25.1
31.5
23.7
23.3
22.0
22.2
23.7
17.6
18.5
24.3
20.5
24.5
29.6
42.8
21.9
50.0
36.0
33.8
43.1
48.8
31.0
36.5
22.8
30.7
20.7
21.1
24.4
32.4
32.0
33.2
33.1
35.1
45.4
35.4
46.0
50.0
22.0
23.2
22.3
24.8
28.5
37.3
28.6
29.0
24.8
22.0
26.4
33.1
28.4
33.4
28.2
22.8
16.1
22.1
19.4
21.6
16.2
17.8
19.8
23.1
21.0
23.8
23.1
20.4
18.5
25.0
24.6
19.3
22.6
19.8
19.4
20.7
19.5
18.7
23.9
31.2
17.5
17.2
23.1
24.5
22.9
24.1
30.1
18.2
17.8
21.7
19.9
16.8
21.9
21.9
50.0
50.0
50.0
50.0
13.8
13.9
13.1
10.2
10.4
10.9
11.3
12.3
8.8
10.5
7.4
11.5
15.1
23.2
9.7
13.8
12.7
13.1
12.5
8.5
5.0
6.3
5.6
7.2
12.1
8.3
8.5
5.0
27.5
15.0
17.2
17.9
16.3
7.2
7.5
8.8
14.2
20.8
13.4
11.7
8.3
10.2
10.9
14.5
14.1
11.7
13.4
9.6
8.7
8.4
12.8
10.5
17.1
18.4
10.8
11.8
14.9
12.6
14.1
13.0
13.4
16.1
17.8
14.9
12.7
13.5
20.0
16.4
20.2
21.4
19.0
19.1
19.9
23.2
29.8
13.8
13.3
16.7
12.0
21.4
23.0
23.7
25.0
20.6
21.2
19.1
20.6
15.2
7.0
8.1
13.6
20.1
19.7
18.3
21.2
20.6
23.9
22.0
11.9
