0
445.75
438.76
453.09
464.43
470.96
442.35
484.31
451.41
453.13
461.71
471.08
427.28
441.76
474.71
467.21
487.69
438.67
485.66
452.16
429.87
433.04
458.6
435.14
443.2
477.9
445.26
435.57
447.42
441.81
454.16
437.24
464.11
440.89
445.34
440.0
456.32
429.41
462.6
432.43
441.03
468.91
432.46
437.78
483.12
462.19
427.05
448.69
446.85
434.99
441.5
433.26
430.46
455.14
431.26
437.76
464.63
462.58
483.27
438.51
431.03
484.0
451.78
439.46
467.23
447.15
449.61
437.54
458.68
436.76
446.08
474.35
479.66
435.28
434.86
454.14
442.83
445.76
473.57
435.75
437.96
438.59
444.21
459.47
465.54
458.85
435.68
449.2
445.43
453.96
463.93
465.82
427.72
434.08
454.57
489.79
481.78
457.9
472.16
470.33
436.99
470.87
457.77
448.15
476.03
477.93
456.18
463.64
462.44
454.39
452.06
453.31
466.93
470.67
432.72
441.41
457.83
462.05
435.94
472.71
464.5
435.04
472.47
459.31
430.64
447.16
471.72
470.41
483.59
432.74
438.11
484.75
452.47
459.76
445.3
454.89
440.5
472.16
442.16
456.55
431.03
471.42
463.34
433.97
480.19
479.56
429.57
435.62
443.84
447.26
430.3
475.01
445.11
450.35
438.46
468.57
461.55
468.02
444.69
474.1
428.27
425.18
460.6
453.86
484.78
434.47
468.81
454.29
447.43
437.31
477.03
456.57
440.03
466.24
440.21
466.95
433.34
485.19
450.96
446.05
449.23
469.31
479.01
458.59
440.13
442.9
432.43
431.99
439.22
435.61
478.29
453.08
463.14
480.96
460.38
437.19
434.01
476.99
435.31
453.8
431.33
431.69
435.66
488.05
429.13
465.61
479.23
449.08
477.38
474.16
454.25
429.85
462.98
434.04
470.84
488.65
473.94
437.42
443.41
436.74
434.43
437.14
439.96
441.94
438.62
470.55
441.76
450.88
482.89
454.41
479.15
446.91
444.16
475.01
471.43
430.56
471.78
475.0
474.22
491.29
467.44
437.14
448.24
447.2
478.12
437.4
455.66
436.26
452.99
431.72
481.83
446.87
463.03
440.77
445.93
430.34
462.46
460.08
441.76
473.87
460.7
467.46
440.27
454.32
442.48
439.56
467.0
472.16
434.11
449.74
439.29
473.2
437.62
491.49
495.23
442.75
461.74
489.54
477.61
461.49
447.89
481.02
440.92
458.68
433.82
473.72
482.37
443.39
449.93
443.31
449.68
461.54
451.97
444.53
479.61
442.39
474.57
466.33
460.44
432.85
439.37
457.09
433.63
453.45
454.46
473.09
441.53
479.15
438.18
447.45
469.25
476.67
432.3
436.64
450.23
481.08
460.57
478.24
431.83
428.62
467.42
447.8
436.19
470.53
447.28
432.78
451.09
457.07
438.44
437.39
450.86
435.12
477.05
486.46
477.65
433.84
442.65
447.18
472.67
441.25
448.47
473.31
460.54
447.67
434.45
464.87
439.0
472.06
439.13
485.58
431.84
483.83
483.14
443.87
464.58
445.56
428.08
434.97
475.72
431.18
469.79
444.0
467.97
451.79
475.5
467.1
483.77
431.69
472.14
437.44
477.27
439.31
479.32
444.96
429.28
431.66
440.86
465.29
467.0
448.51
474.72
482.39
478.45
485.61
476.69
439.39
439.13
434.01
435.7
441.5
434.14
450.3
464.27
470.99
481.41
490.23
474.03
478.29
435.75
452.82
464.07
455.86
429.86
434.91
443.81
430.15
460.09
432.19
439.01
449.45
468.74
441.79
474.6
454.53
456.49
440.15
435.94
484.42
481.92
437.55
457.81
485.18
472.2
455.16
452.84
430.32
443.85
449.16
463.67
460.59
444.69
448.11
433.71
447.86
478.98
479.13
439.51
458.8
440.1
475.23
459.84
444.78
489.8
465.35
431.73
436.53
469.25
434.45
447.73
435.23
440.8
439.25
426.53
474.74
479.83
456.4
455.32
449.34
449.54
444.39
475.87
483.43
458.93
446.4
462.63
434.53
454.62
442.84
425.28
451.86
431.72
476.42
467.08
469.35
487.17
481.37
450.02
466.85
440.92
443.93
473.67
432.18
434.24
432.88
452.26
438.64
450.23
470.84
450.25
432.52
474.27
435.46
430.81
444.98
435.53
463.35
447.83
467.22
438.69
486.4
441.22
449.1
452.0
473.54
468.29
468.87
438.73
472.28
469.06
462.67
444.34
437.67
471.17
446.98
468.37
459.87
455.53
490.76
442.45
475.86
439.16
445.51
474.51
462.55
490.78
438.08
440.75
437.72
476.12
469.13
446.58
444.05
455.5
472.04
435.93
432.49
442.13
435.31
464.33
441.77
464.81
440.27
482.31
483.62
431.16
428.24
453.28
467.61
449.48
435.56
457.57
445.9
482.34
448.58
475.46
476.97
446.66
446.62
466.2
449.66
454.47
446.7
457.17
461.58
466.24
483.66
447.06
445.31
428.54
438.95
477.32
475.08
430.79
427.77
448.56
432.44
447.26
478.37
469.53
442.23
474.45
445.82
441.08
455.35
476.92
442.47
448.84
440.45
437.61
447.26
467.96
477.22
440.52
440.74
438.2
431.17
430.11
430.8
435.1
472.55
453.83
475.33
445.09
466.51
470.82
482.63
436.67
481.09
467.23
465.67
443.72
451.11
458.5
465.93
435.51
445.22
430.42
466.08
436.16
479.64
443.58
430.05
448.65
455.5
442.69
442.96
481.59
472.46
481.46
480.38
477.74
465.49
484.21
455.29
436.02
463.03
469.02
466.56
433.1
433.53
437.95
471.38
434.88
477.8
467.05
458.75
439.14
436.95
434.6
441.45
446.17
451.94
446.05
452.5
470.82
458.66
440.3
434.75
472.36
426.69
451.01
438.83
433.89
483.3
437.55
446.87
449.79
426.9
464.13
491.38
426.46
438.22
430.12
480.31
455.63
429.15
441.68
474.97
456.25
431.24
465.8
453.5
481.51
483.92
473.76
444.71
458.94
445.35
454.44
434.24
432.82
477.49
434.76
447.28
470.88
430.81
471.19
463.09
434.43
461.12
471.33
468.87
451.38
446.7
449.59
458.26
471.55
471.46
460.95
433.09
430.7
478.66
446.37
468.94
431.23
484.19
474.32
474.17
443.93
429.99
446.34
439.93
439.84
464.81
442.25
446.57
448.27
480.38
455.79
476.61
472.11
430.72
450.25
438.51
452.11
440.09
427.21
469.5
483.56
437.9
450.33
437.35
442.11
440.75
436.36
442.18
475.9
429.38
476.71
435.66
438.47
440.05
484.96
481.29
457.92
457.53
464.07
479.95
464.95
459.23
442.03
431.97
477.38
471.23
429.84
440.58
439.55
440.74
467.84
488.58
446.04
436.25
447.28
462.16
439.81
444.64
429.02
428.87
477.73
477.52
456.83
441.99
471.73
477.62
446.22
473.59
484.45
465.72
478.02
451.94
444.82
461.96
443.02
447.12
433.13
471.68
449.87
456.87
477.38
480.07
437.14
444.0
462.58
437.75
469.52
434.08
488.36
485.24
480.47
467.44
433.15
439.48
449.48
486.15
471.93
456.57
449.54
443.82
456.04
483.08
432.09
456.21
432.25
462.07
461.15
441.81
443.55
486.4
463.0
477.8
438.79
452.57
437.41
431.26
471.15
466.17
437.95
458.59
457.44
463.47
470.77
479.88
471.61
433.4
454.16
438.99
471.48
451.08
466.74
438.05
475.42
454.92
431.09
464.33
444.86
460.14
480.08
435.14
474.24
441.92
433.57
435.97
469.9
440.1
448.83
460.97
467.31
455.52
437.16
464.95
440.21
465.78
461.61
436.6
466.59
456.28
464.62
443.25
445.37
472.79
494.24
439.56
447.01
476.24
442.2
449.73
433.75
451.9
472.95
454.4
441.93
437.42
436.58
466.05
472.04
432.13
438.52
443.04
449.96
437.17
447.36
466.34
441.36
482.46
443.01
463.57
470.92
458.78
450.33
438.43
445.61
443.01
473.32
473.51
445.19
468.84
433.25
440.74
462.54
439.14
461.34
450.48
474.29
425.74
439.68
484.51
473.57
470.98
459.77
453.27
437.47
466.05
425.98
447.4
488.03
440.79
436.57
478.94
475.77
488.43
495.35
450.72
439.33
466.95
480.99
469.57
483.39
475.09
455.31
455.02
463.86
444.07
435.9
466.33
448.06
448.67
446.62
484.33
481.44
485.7
453.9
448.69
460.33
475.14
456.41
441.68
452.86
454.66
450.53
437.63
433.45
481.18
452.28
436.44
439.84
438.25
458.19
440.29
470.82
475.79
445.29
460.97
430.37
465.32
485.49
466.47
465.85
471.89
494.91
433.34
437.87
481.66
456.29
452.83
466.27
446.75
468.87
464.13
445.22
454.9
440.69
477.93
453.54
427.04
476.32
444.95
478.86
429.62
454.72
430.12
440.56
432.84
429.84
460.33
434.48
444.28
447.7
451.8
445.41
435.57
437.93
429.64
441.2
431.93
443.75
444.19
488.2
450.06
446.23
453.58
431.59
433.39
486.06
452.56
464.23
473.66
442.32
453.56
440.22
462.03
434.73
446.5
445.09
452.93
467.53
441.58
453.66
471.32
482.98
453.08
427.61
477.17
451.62
477.75
444.66
436.62
440.92
472.01
470.39
434.21
459.65
444.88
440.66
454.54
462.72
441.18
492.39
451.21
442.27
481.88
445.6
476.62
431.58
478.03
480.38
464.17
446.2
432.93
490.02
490.57
476.87
454.1
438.63
457.8
461.73
486.76
464.38
473.05
444.44
444.61
469.32
433.13
444.14
436.12
436.62
442.5
475.61
485.2
438.04
452.57
430.55
439.91
479.33
467.32
447.06
478.05
481.75
449.73
453.87
432.25
434.72
442.6
456.4
441.08
442.21
431.28
473.86
447.69
480.38
453.64
437.28
452.64
469.29
441.16
475.59
454.5
477.67
434.1
469.55
437.32
444.6
430.55
484.5
446.31
476.87
459.85
445.95
465.38
432.51
459.0
465.52
462.74
451.05
491.23
438.61
457.94
476.49
463.97
485.04
469.8
446.08
480.97
476.29
448.43
434.0
485.67
481.58
486.86
485.73
474.91
486.03
481.47
429.8
426.98
431.69
474.79
430.82
485.27
433.49
491.37
486.76
463.57
474.2
449.6
448.09
463.54
479.06
434.24
474.57
478.8
450.18
485.03
486.84
442.76
449.45
435.32
480.59
466.01
449.61
431.27
440.81
430.46
451.97
482.3
469.6
446.05
481.44
443.94
447.31
488.54
463.1
448.93
463.65
443.31
472.41
469.12
437.04
466.24
476.74
430.14
467.4
438.73
442.78
479.66
469.44
471.59
427.69
440.52
440.86
451.1
442.19
486.46
459.98
435.26
436.46
443.66
466.17
464.68
438.91
447.93
452.89
430.39
431.07
442.56
438.73
436.29
454.34
443.18
435.94
477.78
478.52
464.26
459.6
449.18
443.53
487.45
457.66
484.03
444.91
449.58
485.98
443.06
461.7
430.66
430.62
427.63
450.05
438.41
440.96
434.65
448.39
459.8
448.72
435.9
480.36
448.32
442.35
450.67
461.73
479.87
425.58
485.08
446.67
438.64
468.49
469.02
426.29
465.58
459.69
457.14
434.83
485.26
437.9
427.9
446.17
441.75
455.96
450.0
476.99
466.24
437.19
450.07
449.67
441.29
472.11
461.03
445.87
459.4
449.21
439.73
468.88
482.71
442.48
438.5
436.94
446.33
429.5
454.58
440.04
494.87
464.86
447.88
442.43
436.82
461.27
431.77
443.84
473.99
474.58
457.3
464.5
444.48
449.02
442.86
435.9
433.89
466.7
464.74
487.71
476.12
464.36
473.63
434.02
471.19
453.03
462.87
441.3
466.22
451.43
466.07
467.83
436.18
445.18
462.48
463.69
434.88
474.25
469.86
480.05
457.11
435.64
454.94
468.4
468.67
433.31
447.16
434.3
451.81
440.51
430.8
450.95
428.0
436.89
436.56
483.61
462.87
444.78
464.72
460.84
444.56
477.99
465.45
446.99
470.8
468.87
442.38
491.81
437.31
450.88
435.56
434.27
444.57
433.31
440.29
488.98
468.8
429.25
476.37
468.47
495.24
457.26
434.67
431.18
470.04
465.24
489.95
442.81
447.95
448.93
465.89
445.85
473.54
450.05
432.67
434.66
482.36
450.08
462.22
438.33
464.2
463.65
467.45
431.11
481.56
463.77
477.02
462.32
462.08
485.11
435.66
435.47
445.0
438.42
472.61
459.02
456.59
463.37
444.4
448.73
484.08
457.53
467.6
440.57
434.09
437.11
446.62
461.31
478.21
441.15
464.62
480.04
476.06
431.84
470.44
428.27
472.95
454.4
469.34
431.21
438.14
441.22
437.92
466.83
458.04
457.05
430.41
428.44
431.77
477.23
450.09
445.76
475.49
483.56
447.89
445.68
454.99
461.46
467.81
436.46
466.17
439.33
479.22
467.28
438.5
425.71
455.8
440.51
449.01
440.68
466.05
432.33
480.62
482.02
475.74
490.41
434.95
436.24
425.66
476.7
432.13
439.24
438.97
450.88
448.75
442.84
433.84
462.48
429.71
461.96
447.48
441.78
474.08
476.0
459.79
484.9
449.58
460.56
466.67
433.45
440.08
461.8
454.02
443.94
466.68
474.07
486.18
465.89
477.94
441.04
455.5
481.44
472.84
479.94
476.75
477.34
458.63
464.72
443.73
474.88
449.93
456.12
448.54
440.65
442.96
448.13
448.52
431.33
434.82
432.06
468.45
446.61
445.65
457.74
454.78
480.49
435.52
427.31
478.58
468.43
465.78
470.86
460.87
470.29
479.18
429.7
440.6
458.84
486.08
435.76
438.26
452.82
441.53
468.22
448.72
444.74
450.38
463.6
448.15
439.63
441.17
439.46
433.47
457.94
439.16
449.99
449.06
460.07
463.78
425.82
427.95
432.91
432.29
446.23
474.47
445.12
426.86
479.18
484.21
470.97
475.01
467.29
441.85
478.69
447.62
434.8
479.3
481.88
452.84
433.47
492.06
473.89
483.17
444.0
448.43
437.03
466.49
473.6
435.6
464.58
433.97
431.33
476.84
464.7
448.25
470.37
474.61
465.85
462.44
431.57
438.25
462.94
480.71
476.7
479.66
491.17
450.01
441.9
436.4
477.18
462.6
468.27
463.24
476.64
475.74
455.97
431.55
459.83
494.39
473.84
461.07
446.57
469.73
470.39
473.84
458.69
465.75
428.9
442.58
464.6
435.02
487.49
460.03
465.2
479.32
476.72
441.99
445.82
439.75
442.49
454.51
437.73
435.96
445.37
425.72
473.87
441.61
464.82
470.66
459.89
470.67
475.24
437.18
445.88
436.15
446.84
481.15
435.15
430.46
446.11
445.28
438.96
429.21
435.05
430.47
468.15
433.3
435.4
436.09
459.64
478.73
471.47
462.4
435.79
435.13
434.78
450.6
441.92
430.82
461.64
435.51
483.03
437.26
447.65
444.44
463.77
440.78
472.45
472.27
447.15
431.26
469.41
438.89
475.21
479.53
479.03
434.64
472.77
447.03
462.64
435.29
481.52
486.39
479.24
433.43
440.64
444.05
471.09
450.53
438.29
426.54
433.25
447.92
442.74
438.47
473.28
456.84
471.0
466.2
456.61
430.63
433.27
461.7
482.19
427.11
488.7
476.5
440.2
464.3
479.86
430.66
436.43
490.81
448.04
460.49
481.46
441.41
482.05
471.13
456.18
430.67
441.35
442.69
441.6
448.22
426.24
479.89
484.47
467.02
451.79
433.14
470.95
433.75
447.42
439.54
444.64
459.96
438.76
450.37
427.91
458.46
444.15
445.8
428.52
448.91
442.23
484.86
441.54
430.54
453.15
451.95
444.05
446.3
444.76
453.84
426.1
475.66
440.35
476.89
452.57
434.2
433.28
437.91
471.08
449.96
483.12
472.41
455.94
484.57
480.47
487.36
436.82
455.86
459.18
427.39
465.14
426.96
430.57
453.95
472.63
440.52
452.29
442.39
437.59
478.68
440.24
465.72
459.25
431.12
475.47
434.98
466.0
457.53
483.43
463.27
437.62
462.51
486.14
451.2
456.87
456.84
454.11
436.53
439.73
438.11
437.7
432.62
432.77
463.26
428.06
430.34
469.67
450.04
451.44
435.21
477.67
485.76
441.91
431.14
465.82
439.06
468.22
433.25
429.94
453.02
436.04
457.72
459.78
455.88
444.17
448.49
482.83
450.53
471.8
454.51
443.87
465.41
451.0
440.6
489.4
470.66
455.23
443.27
463.13
476.4
447.71
429.27
441.21
444.38
427.45
472.65
471.24
444.85
438.23
447.14
432.79
436.51
473.3
441.12
468.27
479.65
470.8
459.9
473.76
465.42
443.45
481.95
473.88
468.86
471.95
470.03
466.56
483.79
432.38
454.75
462.4
434.95
475.49
425.55
446.8
431.26
447.21
438.01
436.29
439.48
474.4
442.75
442.23
441.43
446.93
473.06
448.85
487.33
461.05
488.5
460.61
472.57
484.97
425.34
433.76
449.75
432.47
447.82
444.46
443.66
468.86
426.5
429.21
430.59
454.67
433.11
467.03
433.71
462.29
469.54
443.22
438.23
462.3
430.38
449.94
449.54
444.39
465.89
429.66
442.87
448.46
467.72
464.18
466.02
433.35
446.93
438.01
445.59
444.65
453.99
475.58
466.69
467.04
437.26
437.81
464.93
437.35
472.27
461.97
451.7
441.86
436.83
434.85
473.56
474.03
471.84
446.05
472.3
430.71
440.48
437.58
446.26
461.58
483.5
465.74
450.69
428.69
464.7
449.59
457.41
471.43
447.02
471.62
452.8
464.57
446.59
467.21
458.47
437.29
456.54
465.07
472.19
448.71
438.91
449.22
459.09
463.89
455.52
437.78
473.29
439.11
453.0
443.28
427.91
466.8
430.5
455.86
465.74
431.5
441.32
463.96
472.9
466.29
492.12
436.51
481.13
455.44
432.28
445.49
456.84
484.12
440.99
426.66
452.38
440.58
435.99
451.13
476.1
467.22
449.38
451.13
445.6
471.96
433.08
438.5
445.52
460.81
481.64
428.89
454.26
438.53
469.52
444.7
442.85
434.01
479.68
479.42
478.81
437.18
456.25
446.67
454.25
441.65
460.19
426.35
437.81
473.68
431.96
436.31
480.29
466.72
442.56
474.81
432.94
476.12
434.83
434.09
447.06
489.96
435.09
433.75
469.02
444.95
449.25
428.94
439.19
472.22
444.56
440.93
447.34
441.67
448.04
445.98
468.23
432.07
439.3
446.45
444.34
468.57
488.69
429.73
448.61
436.95
467.01
459.86
441.13
430.29
453.86
447.14
452.64
446.76
448.87
445.92
447.09
447.16
473.46
433.04
483.27
448.04
445.37
480.39
463.88
451.05
432.2
489.1
477.2
475.51
431.7
428.79
470.63
472.99
425.89
484.97
440.05
432.92
439.67
448.39
494.84
430.54
473.98
445.61
431.96
457.33
440.52
448.83
431.22
483.63
463.3
453.77
437.07
450.65
449.48
459.15
465.64
445.1
469.25
460.95
438.55
435.34
470.17
462.51
441.77
450.87
430.36
467.92
464.27
464.16
452.65
456.55
447.92
439.51
431.39
465.14
439.3
439.65
433.9
479.32
454.06
430.8
439.9
470.9
455.41
448.65
454.94
477.52
449.6
465.76
444.85
460.22
444.09
444.06
462.27
429.59
437.4
445.39
440.49
426.87
442.53
431.99
479.31
441.49
466.7
433.29
432.93
474.45
436.88
426.58
470.39
464.61
459.26
466.6
450.38
486.5
441.28
462.11
434.64
444.11
467.57
473.31
453.24
454.19
461.23
484.14
448.66
447.07
447.77
465.6
455.7
472.18
461.96
438.85
432.46
470.57
453.22
480.92
468.55
430.46
466.06
485.01
436.3
464.31
453.67
465.25
464.67
432.94
447.34
437.37
457.37
426.6
463.51
438.72
453.34
443.57
468.8
465.37
439.18
437.41
464.84
435.58
438.55
478.04
442.42
445.67
452.79
477.71
445.54
457.01
467.3
436.06
467.14
453.2
467.3
439.72
439.78
435.76
434.23
441.66
473.72
460.51
462.49
480.49
443.11
451.35
461.21
443.94
464.37
449.91
433.37
434.99
467.77
483.54
435.48
452.66
468.01
472.17
458.47
441.08
456.06
443.13
430.61
467.71
470.23
433.81
448.46
436.21
458.75
437.57
466.83
453.46
470.05
427.76
476.31
465.37
463.4
430.53
466.83
439.28
482.47
474.75
438.24
479.45
440.23
430.55
469.57
476.1
468.58
446.46
429.47
443.54
434.94
436.79
457.74
429.52
429.18
449.81
436.65
445.66
460.48
436.32
438.42
445.19
435.66
434.99
481.69
451.29
446.1
474.8
465.33
464.76
466.15
461.36
486.01
432.03
465.28
454.74
454.37
437.55
442.02
471.42
462.13
480.74
466.39
437.31
440.74
493.16
468.37
461.63
465.73
442.9
458.1
440.53
443.35
448.03
463.81
478.8
452.33
440.58
455.13
442.0
440.9
436.16
437.58
490.5
460.14
471.6
456.7
435.95
486.84
435.54
444.8
435.2
452.82
461.94
463.07
434.64
446.16
469.63
465.23
461.78
457.5
455.32
447.06
485.36
458.26
444.55
447.3
453.99
481.93
430.69
461.06
469.21
449.59
477.3
455.38
434.97
450.25
457.51
428.98
452.55
462.58
474.77
471.56
475.73
439.51
466.87
465.81
453.18
442.04
456.02
464.7
488.56
467.93
465.06
459.27
447.04
451.26
476.04
474.9
472.75
444.48
477.14
444.9
452.7
444.93
483.59
474.03
457.12
448.35
474.72
457.32
468.36
443.78
463.51
473.88
459.01
434.01
481.03
448.37
438.62
471.99
444.13
447.36
467.18
475.13
467.87
457.88
433.24
441.16
469.3
445.91
435.39
463.62
453.94
464.55
434.12
466.69
460.66
477.76
427.98
437.38
469.23
448.5
433.24
436.89
486.3
457.1
441.33
437.26
443.87
478.19
430.75
437.98
433.07
454.36
456.56
446.77
478.45
443.44
463.71
441.73
484.64
471.13
446.4
439.94
462.4
440.67
432.11
469.9
456.04
481.23
469.08
484.45
444.69
425.91
463.99
482.96
476.09
431.79
465.63
464.03
431.25
443.78
468.75
449.22
434.89
435.66
480.62
486.36
439.44
465.5
446.34
443.43
460.21
464.14
473.08
436.07
442.03
467.21
441.31
462.86
471.6
434.11
439.66
482.52
444.36
429.66
464.08
427.96
469.61
470.41
449.13
466.96
460.0
478.95
435.72
442.75
442.27
445.54
438.96
435.08
450.31
435.04
452.85
457.26
454.23
479.65
440.54
462.94
440.84
440.63
444.03
479.35
473.46
432.11
460.8
443.66
487.19
488.02
451.06
484.09
459.46
459.91
440.05
456.04
480.58
431.74
436.42
467.5
468.88
442.2
440.28
434.6
479.15
430.57
434.15
465.6
457.26
472.51
451.09
466.39
447.3
447.96
455.39
469.17
434.51
443.92
469.92
474.71
470.35
446.32
451.58
444.23
433.81
436.17
441.01
435.71
450.24
466.75
454.25
463.88
457.85
485.57
478.78
459.16
471.42
441.8
450.54
456.64
421.57
435.67
432.89
474.59
443.1
449.8
464.32
440.56
452.06
449.11
455.11
448.64
467.6
451.03
450.6
483.36
454.39
454.66
433.95
483.43
457.09
440.62
481.34
442.71
459.59
481.03
471.42
434.1
449.63
455.58
445.34
479.08
471.32
436.24
463.5
460.76
463.81
465.53
430.29
469.02
429.81
468.22
431.32
433.94
458.49
452.19
478.82
451.24
450.14
462.96
467.14
457.6
456.81
485.18
483.38
465.2
468.01
425.3
453.88
438.54
474.79
476.31
467.23
456.25
438.5
439.86
483.16
475.48
456.2
433.74
477.61
442.02
457.76
471.3
464.25
477.14
469.79
438.88
444.64
437.78
439.52
444.34
452.67
465.62
432.3
429.67
442.65
471.8
434.08
473.48
458.46
477.5
448.82
456.36
470.76
430.91
484.03
438.84
435.03
464.38
431.7
467.67
461.36
436.94
433.01
438.99
452.5
469.37
449.98
440.92
483.01
470.49
462.52
486.7
467.48
465.23
459.63
442.58
442.94
446.02
468.14
442.28
442.08
473.09
456.8
464.56
485.24
488.32
465.58
442.73
433.21
470.49
458.75
444.19
465.14
450.81
487.8
460.54
472.72
459.12
481.61
471.26
450.22
438.6
446.92
462.28
478.27
484.51
430.44
489.04
434.83
438.6
438.49
434.54
466.06
466.66
442.89
462.64
429.31
436.33
447.04
453.27
473.45
456.49
428.62
464.44
454.36
432.84
465.0
439.72
449.09
438.42
439.86
474.71
465.7
434.32
469.6
465.24
454.47
433.62
463.1
441.62
439.6
432.45
433.47
457.45
426.93
434.56
489.45
433.45
474.93
462.42
463.83
441.6
427.06
458.96
485.3
482.55
478.48
437.71
469.13
471.16
433.59
432.07
444.19
445.73
425.75
464.56
487.09
464.27
454.18
439.49
441.93
445.46
429.29
443.75
463.06
479.69
437.31
472.47
434.5
448.55
437.7
469.34
452.31
430.32
432.24
445.41
447.96
444.63
459.19
450.22
444.99
483.88
444.01
459.75
449.74
452.77
448.21
452.31
467.54
439.11
473.51
453.92
461.06
443.5
467.22
478.81
475.36
448.01
458.26
433.88
472.15
476.03
491.4
448.01
468.35
448.88
438.73
430.14
462.54
466.75
467.43
439.77
436.01
441.74
446.76
473.66
448.6
446.54
457.17
437.11
449.01
485.87
432.78
460.19
457.98
439.03
432.62
463.6
459.06
433.31
467.2
474.01
469.92
480.87
482.16
469.81
432.0
461.99
450.89
468.43
476.27
436.89
475.85
441.48
457.54
434.16
446.58
464.16
461.33
448.84
442.79
430.85
438.77
479.44
435.28
436.69
449.26
443.31
432.93
455.63
445.31
438.62
484.32
439.77
479.23
455.21
434.01
427.42
454.86
450.26
483.87
486.14
457.01
455.87
471.36
431.44
481.74
447.61
445.44
490.5
437.13
450.76
442.4
440.22
445.98
486.33
476.91
459.78
461.44
453.94
441.51
463.91
444.53
473.56
482.83
472.59
432.6
472.31
432.19
440.0
430.33
437.81
489.62
473.47
488.57
448.4
425.61
445.8
444.72
477.68
452.1
435.84
438.8
434.07
439.09
435.9
454.12
435.87
457.08
429.99
435.09
467.99
448.51
438.01
459.39
451.49
435.13
467.48
476.55
448.43
471.38
478.37
456.29
472.08
484.49
438.44
466.99
466.73
481.45
450.54
438.72
465.9
470.93
444.39
436.5
463.39
477.07
454.35
435.79
470.66
476.69
489.18
448.98
434.17
467.1
463.65
474.57
461.02
438.33
462.21
468.84
437.47
469.18
451.31
467.25
436.28
455.85
433.53
471.93
444.52
465.22
467.01
451.47
489.64
434.14
441.5
447.96
435.49
431.69
460.67
438.78
428.63
452.94
436.17
444.5
464.44
465.62
439.84
471.3
453.05
443.54
429.0
453.66
438.32
440.04
452.15
446.11
446.7
472.94
446.2
443.0
443.15
457.17
456.18
462.69
476.63
475.44
441.54
463.0
448.65
467.25
477.16
447.2
483.74
442.12
487.84
447.36
482.97
451.66
464.17
443.51
429.25
446.47
443.75
445.33
487.25
468.1
433.58
447.14
466.0
444.43
441.83
437.48
434.45
446.31
429.01
428.72
469.43
432.28
442.46
479.32
433.34
483.8
442.99
441.71
487.85
467.47
439.25
442.0
441.56
465.82
480.83
450.14
460.02
480.38
459.59
439.81
469.13
430.4
436.72
460.84
436.04
453.47
478.13
458.59
450.75
464.37
454.84
461.58
475.55
476.12
450.61
446.83
434.67
429.33
460.51
447.16
446.62
450.36
467.54
489.25
472.44
449.21
432.07
453.29
432.17
478.07
468.0
430.12
456.42
460.73
449.34
435.85
454.5
444.36
472.45
439.31
434.01
434.47
481.3
435.7
440.87
444.94
474.61
483.71
469.65
460.33
442.23
464.79
469.04
432.58
452.03
432.6
442.01
452.41
485.28
441.15
454.47
464.95
433.57
488.65
449.74
474.58
467.01
435.02
437.4
442.75
456.54
431.79
461.9
452.58
460.53
478.82
438.39
426.0
456.61
484.26
434.73
458.97
439.88
427.33
449.05
430.51
465.94
456.56
477.34
451.28
443.86
476.81
464.93
471.83
434.09
455.15
443.66
456.34
457.26
453.99
483.8
479.35
473.56
443.39
434.03
443.55
448.59
439.91
477.62
465.74
475.48
437.47
435.21
457.09
444.77
465.61
441.71
434.92
450.18
485.12
428.48
443.5
439.83
435.94
467.68
440.17
460.25
440.97
464.72
474.96
454.97
471.64
448.91
437.67
470.13
441.9
442.12
446.33
442.71
440.85
473.17
485.89
432.81
470.59
473.93
442.73
456.4
442.86
434.89
439.4
426.25
433.72
433.15
430.23
468.76
489.59
463.09
459.94
459.48
488.82
431.91
453.62
434.74
442.16
475.42
487.94
459.95
460.11
442.0
451.3
473.19
440.09
479.85
436.97
468.97
434.26
441.31
458.74
453.17
437.83
482.62
459.01
477.8
427.56
490.11
438.57
448.08
463.1
443.34
464.01
476.18
449.27
469.34
431.0
475.73
467.21
437.99
446.67
436.19
431.23
432.67
478.07
426.67
436.39
440.75
465.75
481.56
485.17
434.15
438.48
440.55
461.54
475.64
438.75
439.19
444.46
426.18
472.65
441.51
460.38
463.33
475.01
441.52
449.28
438.1
457.45
433.92
468.5
457.11
447.83
469.31
438.8
463.5
437.88
446.86
436.16
459.79
465.97
443.79
483.03
467.28
474.09
450.21
438.42
432.7
443.06
434.56
428.88
462.84
435.27
447.09
469.52
443.54
472.52
474.93
458.56
470.92
450.46
436.55
443.9
439.72
479.53
430.94
449.98
447.16
450.33
468.72
453.03
434.35
441.99
446.09
457.12
460.15
485.6
468.87
477.78
475.46
472.12
461.14
431.28
440.28
428.93
436.78
446.11
476.72
436.95
463.22
446.58
454.85
441.26
435.21
432.56
445.57
459.48
472.76
439.97
448.43
426.2
441.88
473.84
434.06
441.41
469.83
439.47
477.05
440.42
449.67
441.61
478.27
437.57
453.96
426.14
434.18
443.29
432.51
468.75
466.75
448.51
482.69
469.97
464.18
456.65
434.51
430.07
483.0
462.56
437.33
460.73
452.13
432.41
459.27
467.7
432.01
480.56
470.93
463.58
437.03
446.48
433.85
446.04
436.92
458.92
474.36
437.42
439.94
474.4
432.46
452.86
445.18
462.67
431.37
474.23
459.81
455.25
447.3
475.59
439.43
488.75
457.29
446.94
473.78
460.29
445.5
455.22
439.33
451.4
467.71
454.04
436.69
436.32
451.64
432.84
461.73
458.87
465.88
480.87
442.48
495.76
449.63
446.27
426.48
475.02
432.31
485.78
443.33
474.28
435.22
442.1
479.43
430.98
467.24
466.68
464.11
459.69
468.31
468.51
460.06
472.98
427.38
465.05
440.85
428.05
444.81
449.24
458.29
444.26
436.5
435.62
482.78
432.13
454.21
452.66
439.08
473.22
461.18
463.64
466.99
473.1
428.58
438.79
455.09
427.49
451.49
433.5
433.02
443.51
443.41
435.22
488.53
477.14
431.29
453.4
432.5
438.38
473.31
451.87
464.27
463.3
475.13
466.83
442.86
429.38
431.58
444.59
441.33
441.29
429.41
435.6
470.79
444.37
432.75
450.28
457.09
449.94
450.86
458.8
442.78
435.75
458.46
470.68
461.54
465.66
447.91
467.05
437.0
463.83
457.03
457.0
492.22
441.2
440.7
430.62
438.71
441.9
430.0
441.0
442.44
471.78
449.65
429.25
462.7
478.88
474.73
450.92
466.2
461.5
445.01
442.89
450.86
450.5
446.48
444.09
462.09
468.96
468.53
472.81
451.03
437.18
425.36
432.94
450.84
470.02
444.12
432.38
458.37
450.07
451.95
425.27
436.64
488.2
430.14
440.31
464.41
451.22
444.74
427.83
438.52
431.82
444.16
470.75
432.79
433.32
438.09
474.17
436.19
449.41
437.83
457.54
435.68
453.34
455.93
429.58
461.06
458.09
433.24
445.72
431.07
431.48
449.43
439.3
434.14
457.8
435.75
444.9
453.47
481.49
436.67
477.65
472.16
433.89
479.82
435.57
443.43
478.02
455.64
439.12
448.42
435.51
445.33
471.27
431.87
463.9
473.19
429.39
448.89
461.15
438.56
446.95
430.53
442.64
441.65
441.51
442.83
448.71
438.54
459.85
481.7
440.26
481.03
435.75
450.66
466.26
443.31
473.12
437.93
427.22
451.44
464.36
435.99
435.99
438.64
465.51
448.32
463.75
443.46
470.19
444.99
447.54
462.56
474.07
444.77
480.36
468.98
476.0
442.53
430.89
430.26
430.98
472.63
461.37
464.18
441.04
447.95
464.26
468.8
460.76
438.93
447.96
434.34
446.33
430.92
464.56
436.33
484.2
431.27
467.85
442.45
476.8
446.95
425.14
453.8
440.68
450.16
475.65
442.43
463.93
469.47
484.25
470.84
478.75
474.16
482.85
427.06
430.11
469.52
475.61
440.62
440.06
443.54
428.67
443.58
477.89
478.69
488.85
433.16
445.86
428.49
456.55
436.46
481.02
459.31
480.98
466.85
451.84
466.36
453.3
463.05
428.35
469.06
475.14
466.49
428.92
489.68
468.49
460.75
437.9
446.29
439.42
441.71
443.73
432.79
480.06
453.28
442.75
452.84
431.96
474.26
446.26
432.06
481.28
469.94
479.91
480.2
491.77
489.1
473.9
445.49
447.64
437.02
479.8
437.44
438.12
471.05
482.26
434.77
462.81
458.62
470.98
445.22
434.38
471.44
483.01
437.98
443.73
429.57
425.41
437.53
463.37
494.9
442.69
476.54
436.95
455.71
433.74
467.41
466.75
439.25
437.97
455.57
474.29
490.23
460.44
472.54
444.68
466.73
467.3
474.81
430.22
433.03
474.76
457.01
455.14
439.14
434.44
448.37
432.25
430.32
449.27
452.0
471.07
440.91
458.34
432.64
432.56
439.93
456.77
451.4
436.37
443.59
475.03
467.12
438.5
443.8
482.58
446.51
437.55
433.72
437.07
433.92
445.71
489.44
438.67
452.94
450.08
441.18
429.93
466.38
474.26
483.82
474.2
460.31
428.26
455.17
426.64
465.17
443.44
429.64
470.42
473.01
447.19
477.57
469.38
462.72
474.65
440.74
432.49
446.44
481.94
484.55
469.03
485.06
472.32
437.06
472.86
427.62
451.86
436.31
459.72
443.04
439.74
447.1
467.6
443.98
462.66
439.12
444.42
462.19
429.83
448.74
467.99
443.44
450.86
433.34
466.04
442.97
432.33
452.52
430.06
436.16
469.27
440.39
430.68
456.08
446.88
467.8
482.9
446.68
432.02
439.69
448.89
430.2
453.42
454.74
436.02
489.36
468.49
487.4
457.94
478.79
450.15
445.33
459.84
468.64
458.19
444.35
447.76
448.07
459.14
476.96
426.61
441.54
482.22
463.53
459.96
472.76
462.69
479.6
463.2
490.47
490.92
455.56
450.81
468.28
458.91
486.05
454.67
460.76
463.31
439.48
435.99
461.07
488.82
438.66
465.57
426.3
485.08
452.02
469.6
448.31
467.22
471.82
438.4
474.55
452.39
486.6
469.75
470.14
449.12
427.84
454.64
432.87
463.49
437.73
487.17
454.15
444.71
465.89
445.34
473.9
441.29
436.74
443.13
467.09
428.6
462.73
467.8
460.2
428.75
437.65
426.56
442.83
480.15
443.65
484.81
455.53
434.9
492.12
437.82
449.41
448.28
467.95
478.25
439.0
447.42
430.98
430.3
432.05
465.05
474.51
441.07
470.92
437.13
490.96
481.74
442.64
452.94
455.27
432.04
449.63
475.41
436.16
441.66
459.01
482.1
444.43
465.74
437.72
435.95
444.51
445.18
458.78
486.92
482.82
436.66
441.93
448.83
479.61
486.41
469.35
454.14
446.77
455.34
450.5
431.7
437.99
435.06
446.15
428.1
467.15
448.49
450.55
470.28
477.06
445.36
456.09
449.03
436.35
468.57
445.32
453.26
436.05
444.58
448.15
442.7
444.65
458.67
463.06
464.59
440.3
467.41
463.64
431.37
435.59
435.27
447.01
484.54
434.77
451.44
487.43
433.46
467.98
442.78
479.17
485.02
439.92
479.92
470.88
484.14
447.25
447.52
478.5
461.88
482.11
488.01
473.82
435.87
444.8
482.17
476.02
450.33
454.88
453.4
438.62
439.02
446.9
470.89
444.59
458.67
451.98
442.19
457.28
482.8
444.81
465.77
466.2
462.59
441.1
430.15
473.41
437.27
456.07
463.28
485.86
463.82
444.87
435.35
482.09
434.02
437.48
446.79
479.56
439.45
468.61
434.54
464.67
459.42
462.59
435.2
447.09
478.21
479.02
444.66
469.9
437.27
456.89
446.09
455.79
439.66
433.69
448.61
430.27
450.67
428.74
437.76
466.46
445.23
465.24
463.04
438.09
443.86
438.41
449.82
437.05
448.34
441.22
431.82
479.68
473.73
438.39
440.25
484.21
469.12
483.49
443.79
435.02
448.26
471.28
435.91
466.62
437.08
473.55
444.37
465.89
434.1
455.75
469.63
441.14
428.83
479.81
438.46
456.11
436.14
483.2
439.26
440.55
452.37
463.09
478.05
483.51
489.96
438.15
432.88
480.86
445.35
481.27
439.02
448.76
477.88
429.28
485.96
442.5
443.09
472.31
485.75
435.82
466.71
448.35
431.18
456.44
465.25
459.42
446.98
473.42
435.46
477.52
486.07
484.41
463.93
435.2
445.26
445.52
444.01
436.75
432.59
441.46
433.71
449.38
446.56
464.13
433.32
452.68
434.7
437.01
441.27
440.6
478.88
471.19
428.41
451.63
468.07
437.49
442.57
479.0
437.49
442.07
435.2
464.15
438.53
490.55
435.72
472.37
433.97
425.91
439.36
448.1
486.7
449.88
440.33
473.94
432.0
467.69
435.16
439.06
442.76
479.94
489.11
456.86
449.62
442.13
474.35
467.44
468.8
451.42
435.74
444.6
440.16
432.61
430.22
458.4
448.9
445.05
472.53
437.49
437.12
439.71
455.85
473.74
439.43
471.79
430.89
441.52
447.86
455.2
456.18
474.13
460.26
477.99
484.54
455.71
459.06
463.49
453.8
453.83
456.48
439.54
426.14
464.45
440.2
432.48
437.43
442.32
446.91
472.54
481.24
434.82
485.2
481.18
447.69
434.2
449.6
440.64
477.24
484.94
462.77
444.19
466.78
425.5
444.9
435.69
454.26
449.23
473.32
483.24
432.73
446.05
462.88
464.56
479.0
437.55
445.07
432.93
464.45
435.25
448.04
479.14
469.23
445.84
459.36
432.72
478.43
465.57
447.86
464.48
476.81
436.77
469.96
462.87
473.41
443.57
445.1
450.69
433.05
482.37
477.22
432.41
438.51
441.71
447.46
468.92
465.03
464.15
460.41
448.54
480.61
486.91
469.59
485.25
464.59
444.08
433.1
436.5
439.66
477.53
473.71
449.48
450.75
448.92
449.67
461.57
443.89
450.22
460.03
463.38
440.42
442.07
432.0
432.82
433.37
436.37
448.67
477.79
467.68
467.33
435.85
458.41
483.92
431.44
478.19
452.71
449.07
473.27
433.46
472.42
460.68
430.07
441.3
431.86
470.67
449.91
472.95
445.11
442.71
475.47
438.08
470.2
432.33
466.2
435.45
480.28
456.07
474.64
465.25
470.78
477.51
474.02
442.34
468.19
471.86
469.17
475.76
466.29
449.28
476.21
483.88
456.58
456.93
445.3
442.77
445.81
480.58
435.71
445.26
477.2
449.59
456.44
441.07
438.08
462.55
440.96
484.13
453.96
472.63
434.79
464.42
470.93
442.72
468.4
472.69
439.68
455.19
449.13
439.87
463.09
444.75
441.87
460.19
433.56
462.96
455.48
451.59
457.98
434.65
447.5
473.17
463.86
471.32
443.09
486.79
444.01
449.24
472.17
446.2
447.58
441.9
452.56
467.07
434.83
478.96
454.26
471.61
450.94
445.79
453.39
425.12
441.61
476.68
477.2
433.59
460.88
438.26
475.62
472.73
453.2
433.42
436.6
439.77
471.39
467.62
465.61
466.14
432.73
453.27
442.79
475.96
473.45
466.16
467.69
444.1
478.82
454.18
474.94
454.02
446.03
467.41
478.34
480.74
437.43
453.33
468.92
475.08
479.03
462.05
464.05
433.72
440.9
435.7
447.57
476.57
450.82
454.48
440.67
453.5
461.14
432.14
439.81
435.38
463.36
439.15
430.72
463.47
490.79
472.65
442.29
465.99
442.66
447.27
450.46
474.26
447.64
448.79
442.94
431.81
440.67
481.73
441.94
439.72
433.4
442.11
456.03
489.52
433.32
425.75
485.5
450.93
438.7
457.55
464.57
451.74
438.87
436.59
427.55
452.76
440.98
475.64
454.02
449.1
433.77
485.94
432.58
450.89
480.38
440.26
430.46
444.21
457.05
450.83
440.15
470.65
437.84
452.03
463.35
434.09
459.39
443.53
438.24
436.05
451.7
442.38
455.13
436.73
444.04
455.29
450.14
439.78
450.57
425.16
455.25
484.34
432.96
460.42
440.75
457.7
433.01
437.11
435.91
481.77
480.54
463.63
459.12
465.36
466.12
466.68
461.14
462.94
452.3
471.69
450.39
447.93
448.17
471.11
473.13
443.89
482.8
440.11
478.38
432.05
481.85
493.3
471.47
433.19
463.32
470.44
436.48
430.88
463.91
450.75
454.67
455.71
437.52
437.2
445.1
455.58
437.01
432.04
474.65
467.62
474.92
456.29
440.0
460.86
458.76
467.83
452.42
479.78
467.32
434.48
443.8
430.24
442.4
442.82
463.71
469.73
489.62
437.63
479.78
451.29
429.23
456.49
443.85
449.14
486.35
458.42
448.17
483.72
433.43
447.5
436.5
434.33
445.96
487.83
442.76
480.86
441.21
478.55
430.11
466.55
465.09
432.49
433.43
437.92
426.85
471.0
478.5
452.18
438.19
455.75
448.5
474.97
479.13
459.37
463.71
475.96
451.44
439.03
488.27
488.85
442.87
471.31
446.17
438.67
477.31
465.31
442.63
439.58
442.43
477.23
464.36
451.95
444.42
429.31
465.69
427.15
447.13
435.98
464.12
444.72
452.7
474.46
473.56
469.41
442.22
440.17
434.79
449.07
473.16
464.85
442.62
433.96
460.08
445.1
438.92
448.69
462.64
427.22
447.4
483.38
465.09
478.01
478.77
445.17
456.88
483.56
436.3
428.8
486.91
441.29
439.86
439.99
467.77
494.75
443.87
453.45
437.6
443.48
431.01
430.86
475.9
455.85
470.31
475.64
450.07
460.73
456.75
463.6
434.08
443.3
445.36
447.02
440.06
430.55
480.73
466.52
446.22
459.73
472.31
440.63
456.71
465.13
462.68
441.57
476.06
451.96
451.69
430.92
433.63
471.24
449.6
441.33
428.6
425.35
450.68
484.04
443.85
442.89
476.88
446.42
471.15
453.16
454.41
436.6
465.3
476.91
456.11
451.96
455.83
443.67
449.42
427.25
479.96
469.64
443.24
451.16
448.9
482.1
467.95
450.57
466.2
447.67
478.63
471.85
479.4
474.1
446.68
445.6
483.52
438.57
471.7
431.03
435.17
432.54
439.04
454.22
438.97
484.03
487.15
433.03
461.97
440.43
438.8
474.42
450.77
443.26
443.13
438.35
445.17
431.46
441.85
435.43
428.37
468.55
460.59
486.26
459.43
444.66
431.23
436.43
442.64
478.36
465.03
436.56
448.11
459.12
443.09
447.73
441.14
447.32
449.81
442.92
474.87
440.29
477.45
433.94
459.66
464.5
457.29
469.05
442.72
459.63
478.56
470.46
430.17
452.56
462.6
465.05
475.38
442.2
470.32
485.21
445.83
484.17
482.25
482.98
442.12
463.16
456.49
427.82
442.28
478.3
481.24
442.37
445.02
473.0
431.36
450.43
461.16
438.86
450.85
479.61
447.22
475.55
450.22
450.29
467.78
468.21
481.87
434.81
473.78
431.44
434.48
473.34
476.01
452.05
438.59
477.85
491.25
473.11
492.88
433.44
485.95
484.07
435.58
447.47
466.54
464.45
471.86
431.29
450.54
491.1
429.53
473.2
488.12
429.06
455.18
452.55
456.85
439.32
443.13
456.7
450.55
458.57
490.83
436.28
491.22
478.24
453.28
449.76
471.66
460.2
434.55
453.37
450.25
427.36
444.82
427.35
442.52
433.79
472.84
434.94
435.71
446.57
445.27
492.46
444.22
437.33
441.28
471.32
467.29
436.64
471.19
433.88
477.91
439.06
471.03
463.79
468.92
448.26
444.35
439.8
428.69
480.35
489.05
448.73
484.44
436.69
436.05
432.22
432.66
439.14
442.6
456.5
440.98
476.58
471.39
431.78
434.25
460.72
435.61
455.91
445.85
464.68
468.93
467.12
439.03
447.12
463.47
434.78
437.93
462.83
443.12
451.93
461.39
438.63
469.1
442.46
465.96
472.67
433.23
441.54
448.92
470.21
483.54
477.56
432.45
464.73
471.32
444.35
466.64
431.27
437.41
437.65
479.11
456.37
439.83
432.76
444.9
469.53
436.67
453.3
466.83
435.5
429.91
455.01
458.3
452.41
439.36
446.71
462.48
434.31
439.6
458.49
466.63
466.8
455.45
434.36
442.58
440.85
460.6
445.64
445.72
443.67
438.5
447.46
468.91
438.19
475.44
437.04
445.2
474.42
472.41
470.33
449.0
469.94
479.74
466.61
436.8
454.28
475.61
474.07
448.03
429.05
439.15
449.81
457.45
452.73
448.88
436.81
464.17
439.52
440.87
442.67
447.85
439.17
461.9
447.43
425.2
446.56
455.42
439.77
466.31
446.94
472.57
485.35
435.11
479.23
444.35
430.45
475.43
460.61
443.21
445.29
465.63
484.63
452.43
452.91
468.22
478.27
474.93
480.11
475.61
439.77
456.98
460.99
441.06
431.32
454.59
448.3
476.37
470.81
429.36
438.89
472.13
481.89
432.56
448.43
450.73
457.0
450.89
493.9
484.87
435.84
489.38
438.68
436.43
448.26
436.84
483.13
426.8
454.29
438.1
442.13
437.39
433.61
465.42
468.52
457.17
452.89
460.02
468.35
475.85
436.39
431.45
454.35
470.63
444.6
466.5
442.84
444.66
441.77
475.43
439.04
435.92
438.4
465.78
481.31
464.63
437.37
430.33
432.57
466.86
480.6
447.66
480.72
426.07
480.21
453.96
438.79
468.23
463.99
467.71
473.16
437.29
431.77
470.87
447.42
461.84
442.98
426.31
443.29
440.36
464.98
484.35
438.65
473.47
476.44
450.31
463.22
468.64
440.66
451.0
459.36
430.23
428.77
458.16
461.68
446.22
483.5
434.4
486.91
464.02
456.27
462.86
435.61
468.86
470.06
436.58
442.68
452.59
443.91
445.42
459.97
474.56
447.63
455.82
474.73
480.74
434.08
452.89
468.14
438.15
430.45
474.48
447.66
444.95
477.86
445.55
484.36
462.87
471.16
469.59
481.56
457.42
462.86
433.76
444.61
435.27
452.85
454.88
434.0
461.89
491.16
476.42
481.29
452.48
435.09
475.07
447.11
438.7
437.95
443.93
460.58
445.91
443.7
467.55
440.08
455.2
434.52
454.47
453.25
488.64
464.99
446.01
437.62
431.38
434.62
481.52
474.63
477.5
440.53
460.94
451.45
458.85
457.02
438.45
456.69
485.46
432.95
461.51
445.41
439.65
462.66
433.5
475.4
437.19
437.28
467.53
438.68
452.2
433.16
479.57
475.59
481.85
441.11
435.41
443.06
458.01
444.42
439.61
453.81
453.54
460.57
470.56
458.99
450.26
445.67
479.69
465.16
473.77
479.22
435.82
457.46
432.27
449.1
454.28
434.27
472.17
435.39
434.84
435.14
449.08
438.92
463.2
454.62
440.08
471.63
441.35
477.01
473.2
480.71
468.96
435.17
443.66
474.03
443.47
478.47
427.21
443.7
443.67
470.45
434.98
428.44
443.93
448.8
483.49
440.87
446.48
431.85
430.36
479.12
435.81
480.8
470.28
479.28
438.92
485.31
442.84
483.26
434.7
444.02
431.66
439.33
434.78
466.66
434.44
469.48
484.99
449.34
461.68
439.31
433.62
441.0
464.86
435.13
464.11
482.26
477.69
469.61
438.83
440.78
427.87
444.87
482.16
475.89
440.68
458.57
458.21
436.39
489.96
462.72
432.05
447.91
432.47
437.55
438.31
486.76
442.04
458.51
474.5
487.08
466.5
481.88
435.69
448.8
451.08
431.97
434.43
439.63
457.59
430.6
434.92
432.1
467.82
437.19
488.57
428.75
440.36
453.78
479.24
443.52
426.35
478.89
456.71
477.2
448.67
469.34
444.65
449.99
479.58
440.99
445.62
483.35
436.64
462.07
431.11
483.82
467.51
458.94
428.69
446.43
439.58
451.81
481.46
437.7
437.85
447.13
462.44
475.75
464.58
436.89
456.64
484.75
445.74
429.48
483.12
461.46
454.88
436.47
444.89
465.09
461.13
464.6
485.36
477.75
475.91
443.1
474.16
443.77
443.97
472.85
445.44
453.4
449.2
435.42
437.62
444.08
471.85
441.31
446.4
439.91
438.41
436.33
468.35
487.78
488.48
457.29
485.23
447.35
449.24
441.07
433.83
436.08
435.04
464.93
436.94
473.39
436.34
480.6
489.78
442.65
473.49
465.15
436.62
467.46
487.87
475.36
468.66
467.9
428.54
464.79
463.62
467.46
466.78
458.1
476.73
478.03
444.85
433.4
442.42
444.04
442.17
442.36
480.4
472.22
474.44
482.19
464.12
437.02
438.52
434.68
444.85
448.66
449.74
439.75
490.57
482.49
440.99
484.2
486.2
454.5
458.13
458.96
438.82
456.72
442.66
468.19
466.67
477.2
459.73
474.77
441.04
439.03
440.53
481.12
433.65
432.66
450.69
445.66
482.99
465.61
461.08
428.39
441.47
485.23
439.37
462.79
468.85
470.41
451.62
434.94
478.65
440.74
435.39
440.57
435.6
489.16
447.13
478.42
477.93
482.99
442.62
458.82
431.37
464.13
442.15
443.91
472.66
472.34
444.01
441.74
485.32
476.22
433.95
433.92
487.92
437.51
466.15
452.41
488.99
460.44
481.69
477.62
445.86
478.85
483.57
468.62
467.16
470.85
449.57
481.09
443.48
448.09
462.51
464.03
477.26
435.57
457.0
465.47
464.01
472.07
442.67
454.87
439.06
479.09
439.5
467.39
477.62
464.58
444.51
439.34
468.87
470.21
431.83
467.2
445.8
437.62
476.6
437.85
469.11
440.63
472.32
437.02
431.06
473.96
463.49
441.28
474.7
469.8
462.84
482.99
440.21
463.6
459.76
446.09
475.18
463.61
445.16
440.28
465.51
436.89
438.08
429.13
481.35
465.68
463.79
441.24
434.41
428.84
483.58
438.45
480.35
483.74
442.95
463.32
451.76
469.18
449.81
468.12
460.48
476.6
446.01
472.36
439.69
439.25
443.24
463.58
455.2
452.94
438.82
451.14
431.41
486.34
479.64
473.61
462.65
452.49
439.79
470.85
450.92
476.71
440.16
477.5
433.82
477.47
481.6
441.22
443.8
427.65
479.96
434.47
438.24
440.12
471.99
462.02
454.05
432.65
433.48
444.7
438.92
445.66
466.06
452.01
440.97
441.04
442.45
453.2
470.5
456.01
485.73
458.28
450.67
448.79
465.39
441.15
439.6
468.84
436.12
451.17
444.55
453.09
465.46
440.47
462.65
430.93
446.53
479.19
474.15
447.93
468.6
444.39
440.72
466.95
449.4
434.05
484.15
462.6
450.0
439.3
443.12
468.4
441.68
442.29
467.68
445.4
446.34
481.08
451.87
437.06
453.6
464.41
444.67
442.67
433.34
450.46
472.52
480.34
474.37
445.75
474.66
440.31
476.8
427.4
460.06
442.76
475.42
441.16
429.35
448.58
446.51
442.54
450.97
437.76
460.93
432.51
431.37
444.69
459.72
443.39
440.25
437.67
458.6
482.96
471.23
463.81
450.11
453.08
435.67
454.6
464.3
447.26
453.35
471.85
439.92
431.95
443.71
437.76
442.78
475.43
465.93
439.84
444.73
479.8
445.63
441.05
453.39
461.96
452.6
469.09
441.51
464.65
426.79
467.34
447.29
437.94
466.71
475.13
465.77
480.54
464.07
460.63
446.18
471.23
472.62
442.0
474.08
436.16
479.24
486.53
431.15
483.63
475.94
442.82
428.12
448.96
461.21
446.54
469.75
459.89
463.12
485.96
454.45
462.57
462.26
479.16
459.13
483.06
437.61
443.6
453.44
466.38
481.36
457.41
434.33
469.92
437.91
451.97
475.42
460.91
453.55
441.15
476.81
487.33
447.16
472.33
467.92
465.87
464.54
431.95
438.22
477.71
471.58
448.25
440.36
445.52
476.81
446.18
436.37
477.37
475.98
452.95
465.89
453.29
438.74
461.03
455.75
473.27
433.83
470.71
438.08
463.17
476.2
475.77
465.56
467.96
448.06
439.86
437.1
436.22
455.3
440.67
474.3
437.86
441.9
437.81
452.28
435.06
481.24
443.7
469.89
434.3
462.65
472.22
442.7
446.36
481.4
431.15
477.19
487.18
466.2
436.76
435.33
453.22
464.62
432.22
489.64
435.22
433.56
428.37
463.72
466.47
447.14
436.36
439.82
430.98
441.34
444.23
474.82
439.13
446.64
465.92
457.14
445.72
475.21
445.36
470.46
434.03
440.87
448.37
472.16
444.46
433.97
439.66
441.84
491.9
474.72
458.67
470.92
491.97
431.31
464.95
428.83
430.7
444.01
462.81
486.34
454.99
474.11
472.5
473.0
473.02
468.78
454.79
454.44
433.99
433.37
444.26
442.12
430.24
429.29
474.91
483.73
473.16
439.46
468.78
466.88
445.82
465.69
478.48
431.44
465.79
449.86
447.66
466.13
479.91
444.51
484.65
480.53
440.79
465.15
473.57
464.64
467.19
438.42
429.41
467.39
446.69
461.35
451.74
439.06
461.2
440.43
478.23
435.46
444.07
428.32
432.97
464.91
434.71
434.12
447.7
445.25
440.81
433.37
478.96
438.99
463.28
450.13
467.21
483.74
440.44
442.64
443.49
467.48
462.05
456.03
455.72
435.77
471.04
432.17
437.26
450.74
429.74
471.23
431.74
471.26
438.28
448.0
440.13
469.44
465.84
470.39
449.99
451.89
441.39
456.79
445.1
482.56
435.58
429.69
446.34
440.37
471.59
441.18
452.08
455.28
443.19
459.67
437.01
471.77
446.84
471.81
455.99
477.07
467.54
481.54
427.3
467.56
450.71
441.3
438.76
432.51
461.88
441.32
449.79
470.35
433.29
435.84
488.82
460.32
478.71
489.0
464.23
461.69
439.33
486.12
452.04
446.05
435.17
439.2
441.54
440.04
450.17
460.45
447.06
443.27
448.66
436.97
478.88
437.0
445.11
442.85
432.71
466.86
462.18
465.86
450.67
454.42
431.14
439.8
459.87
475.89
449.07
464.71
471.72
468.36
473.37
451.64
445.6
458.07
441.44
437.45
425.19
463.44
477.49
461.38
436.06
447.49
436.3
436.91
432.22
483.92
476.02
432.1
464.23
438.56
461.07
477.22
451.37
461.49
478.95
475.85
436.54
443.5
436.17
440.89
482.95
446.44
481.87
466.41
441.74
481.14
433.42
476.22
490.78
454.26
440.38
486.15
442.16
457.92
435.32
425.69
451.67
465.0
487.24
436.0
432.27
447.24
445.01
441.98
483.8
444.71
441.34
442.24
453.94
427.62
454.68
444.04
454.86
436.37
438.65
430.1
471.81
486.39
468.43
425.89
434.42
435.34
477.27
448.52
469.28
474.57
450.99
459.45
437.98
438.64
438.81
445.59
478.07
486.58
429.62
488.22
429.42
481.53
435.85
445.84
468.75
451.02
453.09
461.45
463.92
451.51
480.82
443.77
438.49
458.28
482.67
433.59
442.21
485.8
455.54
436.1
440.52
449.12
431.8
449.4
446.87
461.71
450.98
437.01
443.82
444.74
451.33
430.01
449.09
442.44
428.67
440.12
477.68
494.21
438.12
430.58
427.71
437.54
479.43
473.26
438.4
442.85
470.06
438.17
473.96
453.47
456.3
474.46
439.26
446.67
482.49
460.47
477.56
458.31
437.93
478.29
471.63
442.78
428.76
434.35
477.36
436.06
438.52
434.93
447.37
475.23
439.01
446.68
461.09
437.79
434.37
440.66
439.09
461.61
434.61
471.34
437.64
458.15
449.52
483.9
434.58
460.56
430.78
482.21
447.43
477.19
433.67
472.77
474.03
440.21
478.79
441.8
474.7
472.95
462.48
436.26
469.3
494.67
486.83
486.78
455.5
464.51
437.84
453.72
464.44
473.88
446.22
431.92
459.31
437.16
480.53
455.57
479.66
464.14
435.01
448.57
443.76
478.32
473.85
425.21
477.94
444.36
460.14
490.91
430.11
441.6
439.55
457.35
463.74
438.06
435.76
440.73
471.65
443.5
435.2
445.5
492.26
474.91
459.15
435.48
433.42
469.25
444.16
430.3
433.44
437.35
426.62
455.57
427.84
449.7
464.49
438.21
446.19
470.44
431.67
441.76
467.76
449.73
448.13
478.98
432.26
426.15
441.51
454.37
426.37
442.86
468.79
465.14
454.64
474.46
448.22
484.67
436.37
440.94
437.53
432.07
474.88
453.2
433.02
494.61
466.25
479.65
435.23
458.64
480.73
462.77
467.34
453.19
436.42
462.7
454.16
440.27
475.32
483.53
476.46
476.37
463.2
434.11
468.46
485.38
455.4
472.43
467.42
439.11
453.96
444.5
473.05
467.9
441.57
468.43
439.22
466.87
460.16
444.99
437.51
473.22
437.94
464.13
483.55
459.65
464.14
439.37
463.57
458.59
473.26
477.81
481.86
458.22
466.09
448.66
451.46
440.01
428.61
469.4
428.91
457.4
488.0
438.17
442.33
477.84
435.48
444.83
466.91
438.16
475.54
462.7
431.75
426.76
440.96
453.62
434.67
472.82
447.0
475.15
435.56
479.53
433.54
489.03
442.57
455.72
451.88
456.62
443.74
434.94
456.35
440.17
479.86
429.1
487.58
479.78
490.84
432.92
454.88
452.45
486.09
455.13
453.49
463.48
491.54
447.27
444.52
477.52
445.24
460.82
442.6
439.66
427.29
489.22
481.98
466.74
464.24
477.13
462.87
438.34
429.56
433.42
444.54
455.82
431.76
479.25
474.7
448.97
428.67
445.47
425.68
430.22
448.11
463.67
461.97
425.21
441.9
471.1
438.55
470.89
452.39
460.87
434.64
433.38
482.39
461.6
478.21
449.07
485.86
486.57
449.31
443.68
442.59
433.63
480.54
458.06
486.11
454.32
466.46
464.46
445.61
474.94
461.23
475.96
471.45
473.51
435.56
442.15
470.69
427.66
462.25
462.59
432.9
450.93
