0
15.55
20.84
21.46
20.71
19.68
19.5
19.95
18.31
17.05
17.41
16.95
28.52
29.9
29.63
28.75
23.93
24.77
23.93
6.07
6.05
6.01
6.04
6.37
6.4
6.37
6.4
6.85
6.79
6.77
6.81
7.18
7.1
10.85
10.54
10.77
10.56
8.6
8.49
8.45
8.5
24.63
29.03
29.87
29.14
28.09
26.91
26.37
23.53
24.03
23.54
22.58
35.56
37.12
36.9
32.96
32.12
32.94
32.21
10.36
10.43
10.36
10.7
10.75
11.11
11.13
11.09
11.16
11.69
11.7
15.41
15.2
15.42
15.21
12.96
12.93
13.02
24.31
28.88
29.68
28.83
27.9
26.48
25.36
23.75
24.23
23.67
22.79
35.65
37.26
36.97
32.4
33.12
10.42
10.46
10.64
10.72
10.55
10.68
11.46
11.32
11.45
15.41
15.18
12.88
13.0
13.04
24.4
24.11
24.35
28.07
29.62
26.47
26.46
23.84
24.17
35.78
35.48
36.97
36.7
32.52
32.33
10.35
10.38
10.77
10.68
10.68
10.7
11.22
11.1
11.59
15.36
15.12
15.36
12.68
12.73
24.38
24.23
24.32
29.06
29.79
26.44
25.37
26.33
27.03
23.59
36.86
35.89
35.45
37.1
32.38
33.09
32.31
10.07
10.14
10.66
10.68
10.72
11.18
11.22
11.07
11.2
11.44
11.42
15.4
15.19
15.32
15.16
12.85
13.0
24.35
24.33
24.26
29.83
28.03
29.02
27.03
26.45
25.36
26.45
22.89
37.03
36.71
36.77
35.48
32.31
33.27
10.37
10.34
10.39
10.7
10.67
13.69
11.21
11.14
11.11
11.16
11.38
11.22
15.16
15.37
15.12
12.59
12.74
12.62
28.15
28.37
32.68
33.48
32.84
29.54
30.05
29.6
28.66
26.84
26.97
26.19
38.67
39.86
39.04
36.96
36.43
12.43
12.5
12.45
12.63
12.78
12.73
12.72
13.17
13.17
17.5
17.35
17.37
15.09
15.12
15.08
15.16
28.67
28.57
28.18
28.6
32.46
33.27
32.33
31.66
29.34
29.87
25.74
24.94
38.57
40.19
39.97
38.98
36.95
36.28
36.86
36.45
12.3
12.33
12.29
12.2
12.85
12.95
13.05
12.93
12.77
13.0
17.14
17.02
17.11
14.34
14.6
28.67
28.56
28.17
32.4
32.68
28.4
29.43
24.7
25.48
25.37
25.17
39.04
38.35
39.81
39.83
35.64
36.52
11.8
12.03
11.69
12.41
12.19
12.34
12.46
12.31
12.12
12.97
13.01
12.74
12.84
16.83
16.86
13.91
14.34
13.95
13.99
28.55
28.15
32.67
31.69
32.07
33.28
29.47
28.42
29.08
29.88
26.0
40.0
38.33
40.12
36.45
36.26
12.3
12.18
12.36
12.49
12.17
12.28
12.91
12.67
13.0
12.92
16.99
16.69
16.56
16.62
14.33
14.61
14.61
28.15
28.61
32.31
31.53
29.09
28.31
29.39
25.7
25.17
39.89
39.01
38.65
36.64
36.7
12.12
11.67
12.27
12.25
12.12
12.47
12.93
12.82
12.78
13.02
16.73
16.86
16.92
13.68
13.99
14.16
13.86
32.26
32.26
32.49
32.53
36.66
31.89
32.39
31.29
29.22
41.4
42.62
41.67
40.78
39.97
40.43
14.5
14.51
14.6
14.58
14.51
14.7
14.42
14.42
15.23
15.23
15.23
19.52
19.36
19.42
15.09
17.17
17.14
17.14
32.82
32.71
32.72
36.57
35.69
32.48
32.74
32.13
29.49
28.64
41.64
43.1
42.74
41.92
40.78
40.57
40.42
14.54
14.45
14.18
14.5
14.4
14.71
14.75
14.71
15.34
15.29
15.09
15.3
19.12
16.76
17.23
32.69
32.23
34.24
34.95
35.05
31.28
32.12
32.05
31.84
28.67
29.47
28.91
41.26
42.49
42.08
39.32
39.84
38.89
39.68
13.78
14.03
13.86
14.56
15.16
14.72
18.48
18.71
18.48
18.46
16.35
16.55
32.85
32.67
32.21
32.74
36.45
35.73
35.4
36.57
32.38
32.75
28.05
29.52
42.77
41.73
42.96
40.68
40.4
14.37
14.48
14.32
14.44
14.6
14.7
14.47
14.66
14.54
14.53
14.71
15.34
15.29
15.09
15.3
19.06
19.13
19.0
18.84
16.9
16.94
32.84
32.72
35.67
34.72
35.24
31.81
32.06
29.06
29.92
41.96
41.09
38.82
39.72
39.86
14.19
14.17
14.39
12.63
12.42
14.12
14.28
14.21
14.96
14.92
15.16
17.69
18.19
18.16
17.88
16.54
16.44
16.64
