0
15.55
20.84
18.31
17.05
17.41
16.95
15.98
28.52
29.9
29.63
28.75
24.77
24.77
6.07
6.01
6.04
6.4
6.37
6.4
6.85
6.79
6.77
6.81
7.18
7.1
7.1
10.85
10.54
10.56
8.6
8.49
8.5
24.58
24.63
24.63
24.59
29.87
29.14
25.27
23.53
23.54
22.58
35.56
37.12
36.9
35.94
32.96
32.94
32.21
10.36
10.36
10.71
10.8
11.11
11.13
11.09
11.16
11.68
11.69
11.69
15.41
15.2
15.42
15.21
12.96
12.93
24.31
24.13
24.25
28.88
28.83
26.48
27.02
25.36
23.75
24.23
23.67
22.79
35.65
37.26
36.03
33.16
10.32
10.45
10.64
10.72
10.68
11.32
11.49
11.42
11.33
15.41
15.18
12.88
13.0
12.97
24.28
24.11
24.35
28.07
29.05
26.46
22.93
24.17
23.87
35.78
35.48
36.97
33.28
32.33
33.24
10.39
10.34
10.77
10.68
10.7
11.22
11.16
11.1
11.6
11.61
15.16
15.36
15.12
12.63
12.71
12.73
24.38
24.23
24.04
24.32
29.06
28.05
28.86
26.44
25.37
27.03
23.8
36.86
35.89
33.08
32.38
33.09
32.31
10.08
10.15
10.07
10.66
10.53
10.72
11.18
11.22
11.07
11.44
11.42
11.33
11.43
15.4
15.19
15.16
12.85
13.0
24.35
24.03
24.26
29.08
28.03
29.02
27.03
25.36
22.89
23.86
37.03
36.77
33.21
10.37
10.78
10.67
13.69
11.21
11.38
11.34
11.22
11.34
15.16
15.37
15.12
12.59
12.74
12.8
12.62
28.15
28.37
28.41
32.68
33.48
32.84
32.0
30.05
29.6
28.66
26.84
38.67
40.03
39.04
36.96
36.91
12.43
12.5
12.41
12.45
12.57
12.65
12.63
12.78
12.93
12.73
12.72
13.17
13.18
13.17
13.18
17.52
17.37
15.09
15.12
15.08
15.16
28.67
28.57
28.18
28.6
32.46
33.27
31.66
29.87
29.27
25.74
25.98
25.38
24.94
38.57
40.19
38.98
36.95
36.28
36.86
36.45
12.35
12.16
12.3
12.33
12.49
12.85
12.95
13.05
12.93
12.77
13.0
17.14
16.84
17.02
17.11
14.34
14.66
14.6
14.6
28.67
28.56
28.17
32.4
29.4
29.43
24.7
25.48
25.17
39.04
38.35
39.83
35.99
36.59
35.64
11.8
11.69
12.41
12.28
12.19
12.97
13.01
12.74
12.84
16.93
13.91
14.34
13.95
13.99
28.7
28.15
32.07
33.28
28.42
29.08
29.88
25.43
38.84
40.12
36.95
36.26
12.32
12.3
12.43
12.36
12.17
12.28
12.91
13.0
12.86
12.92
16.69
16.56
16.62
14.61
14.61
14.65
28.58
28.15
28.61
32.31
31.53
32.46
29.71
29.09
28.31
25.7
39.83
39.01
38.65
35.69
36.64
36.7
12.19
12.25
12.27
12.12
12.18
12.47
12.93
12.82
12.78
13.02
16.73
16.86
16.92
13.68
13.99
14.16
32.26
32.49
36.47
37.24
36.66
35.96
31.89
32.39
32.09
29.22
29.91
29.53
41.4
41.67
40.78
39.97
40.43
14.52
14.61
14.5
14.51
14.6
14.58
14.51
14.7
14.42
15.23
15.23
15.23
19.52
15.09
17.14
32.82
32.24
32.72
35.84
36.57
36.06
32.74
32.13
28.95
29.49
28.64
43.1
41.92
40.78
40.15
40.57
40.42
14.54
14.45
14.66
14.4
14.71
14.75
15.29
15.09
15.3
19.2
18.88
18.9
17.23
17.26
32.69
32.23
34.24
34.95
35.05
34.29
32.05
31.84
28.67
29.67
29.47
28.91
41.26
42.49
42.08
39.32
39.84
38.89
39.68
13.97
14.22
14.1
13.78
14.07
13.94
13.86
14.32
14.56
14.33
14.08
15.18
14.72
14.9
18.48
18.71
18.48
18.46
16.55
32.85
32.67
32.21
32.74
36.45
35.73
35.4
36.57
31.66
32.15
32.75
28.93
28.05
41.73
41.32
40.4
40.6
40.11
14.37
14.48
14.44
14.66
14.62
14.53
15.34
15.09
19.06
19.13
18.84
16.44
16.9
16.94
32.84
32.72
32.21
35.01
34.72
35.24
32.31
31.81
31.12
30.0
29.5
29.06
29.92
42.11
41.09
40.79
38.82
39.72
39.31
39.86
14.19
14.39
12.43
12.63
12.76
14.28
14.37
14.21
14.96
14.92
14.92
17.69
18.19
18.16
17.88
16.54
16.48
