0,1,2,3,4,5,6,7,8,9,10,11,12
0.0,,0.06781524926686218,0.0,0.31481481481481477,0.5775052692086607,0.6416065911431514,,0.0,0.20801526717557245,0.2872340425531916,0.9999999999999999,0.08967991169977926
,0.0,0.2423020527859238,0.0,0.17283950617283939,,0.5993820803295572,0.3489619801944185,0.043478260869565216,0.10496183206106868,0.5531914893617023,,
,0.0,0.06304985337243403,0.0,0.15020576131687247,0.6585552787890402,0.44181256436663235,,,0.06679389312977096,0.6489361702127658,,
0.0007050700754007986,0.0,,0.0,0.15020576131687247,0.6871048093504503,0.5283213182286303,0.44854458983895457,,,0.6489361702127658,0.9999999999999999,
0.000264471526768385,0.0,0.06304985337243403,,,0.5497221689978923,0.5746652935118435,0.44854458983895457,,,,0.9929900650562308,0.09602649006622516
0.000921323036515279,0.125,0.27162756598240473,,,0.4696301973558151,0.6560247167868176,0.4029226418354264,0.17391304347826086,0.2366412213740458,0.2765957446808509,0.9967219728680217,0.29525386313465785
,,0.27162756598240473,0.0,0.28600823045267487,,0.9598352214212151,0.43838718184215547,0.17391304347826086,,,0.9999999999999999,0.4806843267108167
0.0023032513924937294,0.125,0.27162756598240473,0.0,0.28600823045267487,0.3966277064571758,1.0,,0.17391304347826086,,,0.9741035856573705,0.7781456953642383
0.0018401733260739476,0.125,0.27162756598240473,0.0,0.28600823045267487,0.46809733665453146,,0.49673089688912336,0.17391304347826086,0.2366412213740458,0.2765957446808509,0.9743053104039537,0.4241169977924945
0.007007315284678365,,0.28152492668621704,,0.31481481481481477,0.4575589193332056,,0.325355327410452,0.13043478260869565,,0.8936170212765959,0.9999999999999999,0.1801876379690949
,0.0,,0.0,0.31481481481481477,0.48572523471929496,0.8403707518022657,,,,0.8936170212765959,0.9574360784709264,0.23537527593818985
0.011774883814612317,0.0,0.28152492668621704,0.0,0.31481481481481477,0.45487641310595894,0.2718846549948507,0.3063590648273604,0.13043478260869565,0.22900763358778625,,0.9746583287104746,0.13383002207505518
,0.0,0.28152492668621704,0.0,,0.46541483042728504,0.811534500514933,0.2844710782129509,0.13043478260869565,0.22900763358778625,,0.9744061727772455,
0.008086781728827779,0.0,0.28152492668621704,0.0,0.31481481481481477,,0.685890834191555,0.24251379934345135,0.13043478260869565,0.22900763358778625,,0.984996721972868,0.26352097130242824
0.009505688891566449,0.0,0.28152492668621704,,0.31481481481481477,0.46062464073577314,0.8887744593202884,0.2621375114805081,0.13043478260869565,0.22900763358778625,,0.9889807857178878,
0.011038679607076014,0.0,0.28152492668621704,0.0,0.31481481481481477,0.43150028741138147,1.0,0.26967599959988725,,0.22900763358778625,0.8936170212765959,0.994049119975793,0.5008278145695364
0.00836170623136729,0.0,0.28152492668621704,,0.31481481481481477,0.4527687296416939,,0.2973565277487292,0.13043478260869565,0.22900763358778625,0.8936170212765959,0.9935195925160119,
,,0.28152492668621704,0.0,,,0.9001029866117405,,,,0.8936170212765959,0.9495183821675324,0.3609271523178808
,0.0,0.28152492668621704,0.0,,0.4763364629239316,,0.30224881557529854,0.13043478260869565,0.22900763358778625,0.8936170212765959,0.7717484492410106,
,,,0.0,0.31481481481481477,0.562176662195823,0.9423274974253347,,0.13043478260869565,0.22900763358778625,0.8936170212765959,0.9774068283826719,
,,,,0.31481481481481477,,,0.282752412043394,,,,0.9579656059307076,
0.012638996478358745,0.0,0.28152492668621704,0.0,0.31481481481481477,,,0.2822068037355982,0.13043478260869565,,,0.9073831257249484,0.5758830022075054
0.015529637670636401,0.0,0.28152492668621704,,0.31481481481481477,0.45775052692086604,0.8146240988671473,,,0.22900763358778625,0.8936170212765959,0.5857078017045741,0.7168874172185431
,0.0,,0.0,0.23456790123456794,0.454493197930638,0.6725025746652935,0.20284807536669425,0.17391304347826086,0.17557251908396948,,0.9999999999999999,0.2193708609271523
0.0008297190015317544,0.0,,0.0,,,,0.25503551000736574,0.17391304347826086,0.17557251908396948,0.7021276595744679,,0.19426048565121412
,0.0,0.20161290322580644,0.0,,,0.28115345005149334,,,,,0.99125018911695,0.2317880794701987
,0.75,0.09127565982404694,0.0,,0.5813374209618701,0.1946446961894954,0.38842764779165034,0.08695652173913043,0.12404580152671751,0.6063829787234043,,0.07146799116997793
0.00030650822503076327,0.75,0.09127565982404694,0.0,0.08847736625514402,0.6635370760682123,,0.38842764779165034,0.08695652173913043,0.12404580152671751,,,0.006898454746136866
0.0013613595972030085,0.0,0.23643695014662755,0.0,0.12962962962962965,0.6148687488024526,0.0,0.41750857059716834,0.08695652173913043,0.08778625954198471,0.5638297872340423,0.9710272832719755,
0.0015193906072482057,0.0,0.23643695014662755,,0.12962962962962965,0.4997125886185093,,0.41750857059716834,0.08695652173913043,0.08778625954198471,0.5638297872340423,0.9658833022341016,
0.0017201327010894023,0.0,0.23643695014662755,0.0,,0.5077601073002492,,0.41750857059716834,0.08695652173913043,,,,
0.0013079707424580092,0.0,0.23643695014662755,,0.12962962962962965,0.48055182985246214,,,0.08695652173913043,0.08778625954198471,0.5638297872340423,0.9810630894144939,0.21578366445916114
0.002782402314131479,0.0,,0.0,0.12962962962962965,0.35217474611994637,,0.43106693704589477,0.08695652173913043,0.08778625954198471,0.5638297872340423,0.9999999999999999,0.8024282560706402
0.002399126535856854,0.0,,0.0,0.12962962962962965,0.3910710864150221,0.6086508753861998,0.45086342514708694,,0.08778625954198471,,0.9999999999999999,0.3992825607064017
0.00041643306701099296,0.21,,0.0,,0.4893657788848439,,0.5169729651083488,0.13043478260869565,0.10687022900763354,0.44680851063829796,0.9926118311563872,
0.0005314158004933805,0.21,,0.0,,0.5652423835983905,0.18743563336766222,0.5169729651083488,,,0.44680851063829796,0.9999999999999999,
7.63179628881145e-05,0.9,0.02785923753665689,,,,0.1956745623069001,0.6881030108485119,0.17391304347826086,0.07442748091603052,0.5638297872340423,,0.08498896247240617
,0.85,0.010263929618768326,,0.05144032921810693,0.5407166123778501,0.3377960865087539,,0.043478260869565216,0.24045801526717553,0.5,0.9999999999999999,0.11147902869757173
8.991807114947215e-05,,0.03152492668621701,,,,0.3872296601441813,0.6542934827087634,0.17391304347826086,0.13167938931297707,0.26595744680851063,,
0.001664945484921414,0.25,0.17118768328445746,,0.13991769547325106,0.49511400651465787,0.27085478887744596,,0.30434782608695654,,0.7553191489361701,0.9843159009531495,0.14155629139072848
,0.25,0.17118768328445746,0.0,0.13991769547325106,,,,0.30434782608695654,,0.7553191489361701,,0.20667770419426051
,0.25,0.17118768328445746,0.0,0.13991769547325106,0.5547039662770646,0.6683831101956745,0.5543289472487702,0.30434782608695654,,0.7553191489361701,,0.13796909492273732
0.00014825241980769222,0.17500000000000002,0.03372434017595308,,0.0639917695473251,0.6788656830810501,0.5829042224510813,0.735961952914003,0.08695652173913043,,0.6382978723404256,0.9907710928438146,
0.00033179768254155224,,,0.0,0.026748971193415683,0.5228971067254263,,0.49849503041766324,0.13043478260869565,,0.37234042553191493,0.9999999999999999,0.08112582781456953
0.0005796343661472849,0.125,0.2056451612903226,0.0,0.0493827160493826,,,0.48817393992852537,0.13043478260869565,0.30152671755725186,0.6702127659574466,0.9982601240607191,
0.001369452223606461,0.125,0.2056451612903226,,,,,,0.13043478260869565,0.30152671755725186,0.6702127659574466,0.9999999999999999,0.19481236203090505
,0.0,0.3793988269794722,0.0,,0.5472312703583061,0.03810504634397528,0.37807927688712273,,0.22519083969465642,,0.9667910635937265,0.1376931567328918
,,0.3793988269794722,0.0,0.057613168724279795,,0.15036045314109167,,0.13043478260869565,0.22519083969465642,,,
,0.0,0.45344574780058655,0.0,,0.5196397777351983,0.031925849639546866,,0.17391304347826086,0.4026717557251908,,,0.13934878587196467
0.0010701374442676555,,0.45344574780058655,,0.10699588477366251,0.5207894232611611,,0.26576580672735045,0.17391304347826086,0.4026717557251908,0.6489361702127658,0.9413989611175552,0.282560706401766
,0.0,,,0.10699588477366251,0.4431883502586701,0.34706488156539655,0.30672280369922433,0.17391304347826086,0.4026717557251908,0.6489361702127658,0.9978818901608755,
,0.25,0.16129032258064516,,0.08436213991769548,,0.6951596292481977,0.38839127390446393,,,,0.9967976196479903,0.15149006622516556
0.0003402275017118153,0.25,0.16129032258064516,,0.08436213991769548,0.5251963977773518,,0.38839127390446393,,0.1793893129770992,0.6808510638297873,0.9999999999999999,
0.00032808856210663655,0.25,0.16129032258064516,0.0,0.08436213991769548,,,,0.13043478260869565,0.1793893129770992,0.6808510638297873,0.9842150385798578,
0.0004975841262233916,,0.14772727272727273,0.0,0.13168724279835387,0.541866257903813,0.4644696189495366,0.3318935336322054,0.08695652173913043,0.1145038167938931,,,0.21771523178807944
,0.0,0.14772727272727273,0.0,0.13168724279835387,0.5880436865299866,0.5478887744593203,0.3008211405032328,0.08695652173913043,0.1145038167938931,0.6276595744680851,0.988400827071461,0.13245033112582782
0.000512083415196244,0.0,0.14772727272727273,0.0,0.13168724279835387,0.4702050201187967,0.4346035015447992,0.29986632596459,0.08695652173913043,0.1145038167938931,0.6276595744680851,0.9977053810076152,0.30711920529801323
,0.0,,0.0,0.13168724279835387,0.49051542441080664,0.5550978372811534,,0.08695652173913043,0.1145038167938931,,0.9955872711684906,0.18515452538631344
,0.0,,0.0,0.21399176954732513,0.6740754933895382,,,0.043478260869565216,0.1583969465648855,0.5531914893617023,0.9978818901608755,0.10954746136865343
0.0004554350303720765,,0.10813782991202346,0.0,0.21399176954732513,0.5472312703583061,0.6508753861997939,0.17847757095181366,0.043478260869565216,0.1583969465648855,0.5531914893617023,0.9880982399515861,
0.0003709120434915727,0.0,0.10813782991202346,0.0,,,0.7312049433573636,0.17845938400822048,,,,0.9915527762368249,0.17853200883002204
,0.28,,0.0,,,,0.23063772517709535,0.13043478260869565,0.1583969465648855,0.5957446808510638,,0.17742825607064017
0.00025210779198533257,0.28,0.5344574780058651,,0.1625514403292181,0.5077601073002492,0.26776519052523173,,,0.1583969465648855,0.5957446808510638,,0.12362030905077262
0.0004115999706867088,0.28,0.5344574780058651,,0.1625514403292181,,,0.2260091480326274,,,0.5957446808510638,0.9999999999999999,
0.0013006648991771147,0.0,0.08907624633431087,,0.12345679012345678,0.5870856485916843,,0.2151151688203039,0.043478260869565216,0.1698473282442748,0.574468085106383,0.9018609107872309,0.1357615894039735
,0.0,,,,0.49856294309254656,,0.2151151688203039,,0.1698473282442748,,,0.2651766004415011
0.0012870647909157572,,0.08907624633431087,0.0,,0.8637670051734051,,,,0.1698473282442748,,0.9999999999999999,0.0684326710816777
0.0015998672809269833,0.0,,,,,0.7929969104016479,0.14987860215151544,0.17391304347826086,0.37595419847328243,,0.994603863028897,0.21219646799116998
0.0025001719683110735,0.0,0.29692082111436957,0.0,0.2777777777777778,0.5449319793063806,,,0.17391304347826086,0.37595419847328243,,0.1777195017398759,0.24558498896247244
0.0023074101032843925,0.0,0.29692082111436957,0.0,,0.4935811458133742,0.8702368692070032,,0.17391304347826086,0.37595419847328243,,0.9938726108225328,
,,0.29692082111436957,0.0,,0.43878137574247933,,0.08887049986814467,0.17391304347826086,0.37595419847328243,0.8829787234042552,0.9928135559029705,0.40673289183222955
0.001853211446390621,0.0,,0.0,0.2777777777777778,0.43590726192757245,,,0.17391304347826086,0.37595419847328243,0.8829787234042552,,0.46716335540838855
0.0011420719011872333,0.0,,0.0,0.2777777777777778,0.5046943858976817,0.5303810504634398,0.14987860215151544,0.17391304347826086,,0.8829787234042552,0.9914014826768874,0.3109823399558499
0.0010623820106310136,0.0,0.3500733137829912,0.0,0.33333333333333337,0.6043303314811267,0.8105046343975283,,,,0.5531914893617023,,0.2326158940397351
0.0024255399692570115,0.0,0.3500733137829912,,,0.4849588043686529,0.9526261585993822,0.12898180396293502,0.21739130434782608,,0.5531914893617023,,
0.0015284948119520898,0.0,,,,0.5159992335696492,,0.10247433367585411,,,,0.9794240758485048,0.24061810154525382
,0.0,0.3500733137829912,,0.33333333333333337,,0.878475798146241,0.12126144640762397,0.21739130434782608,0.46755725190839686,0.5531914893617023,0.8689041303141863,
,0.0,0.3500733137829912,,,0.4713546656447595,0.8208032955715756,0.14711418672534987,0.21739130434782608,,0.5531914893617023,,0.23647902869757176
0.0007043956898671775,0.0,0.9233870967741936,0.0,,0.44242191990802826,0.6879505664263645,0.10258345533741327,0.043478260869565216,,0.6914893617021276,0.980457915174744,
0.0009741499033155941,0.0,,0.0,,0.4598582103851313,0.9268795056642637,0.08705180550882523,,0.001908396946564861,0.6914893617021276,0.9525694689596046,
0.0016191996662241201,0.0,,,0.4032921810699587,0.4397394136807816,0.9691040164778579,0.07409360819867418,0.043478260869565216,0.001908396946564861,0.6914893617021276,0.93295173735438,0.6534216335540839
,,0.9233870967741936,,,0.464648400076643,0.8805355303810505,,0.043478260869565216,0.001908396946564861,0.6914893617021276,,
,0.0,,0.0,0.4032921810699587,0.39317876987928735,,0.0570706289954442,0.043478260869565216,0.001908396946564861,0.6914893617021276,0.9051641535125322,0.7044701986754967
0.0028417482410901308,0.0,0.7855571847507332,,,0.4085073768921249,0.9588053553038105,,0.13043478260869565,0.4770992366412213,0.9148936170212765,0.9879217307983257,
0.0035867194605635074,,0.7855571847507332,,,0.5499137765855527,,0.06209931889896243,0.13043478260869565,0.4770992366412213,0.9148936170212765,0.9999999999999999,
0.009834002248850959,0.0,0.7855571847507332,0.0,,0.39777735198313835,0.945417095777549,0.0773217906864662,0.13043478260869565,0.4770992366412213,,0.9999999999999999,
0.01333732269842333,0.0,0.7855571847507332,,0.4917695473251028,0.5297949798812033,,,0.13043478260869565,0.4770992366412213,0.9148936170212765,,0.2905629139072847
,0.0,,0.0,,0.538608928913585,0.9783728115345005,0.10892160517964154,0.13043478260869565,0.4770992366412213,,0.9719098290382773,0.2591059602649006
0.0036360620021067803,0.0,,,,,0.9526261585993822,0.12187980248979259,0.13043478260869565,,,0.9792979978818902,
0.010900880163039446,0.0,0.7855571847507332,0.0,0.4917695473251028,0.42077026250239513,0.9835221421215243,0.11061299093380865,0.13043478260869565,,,0.6617580311664734,0.4299116997792494
0.00619827743951099,0.0,0.7855571847507332,0.0,,0.5315194481701476,0.9814624098867148,0.08921605179641535,0.13043478260869565,,0.9148936170212765,0.9943769226889909,
0.0038890689748036075,0.0,0.7855571847507332,,0.4917695473251028,0.5543207511017435,0.9835221421215243,0.06549118387909321,,0.4770992366412213,,,
,0.0,,,0.4917695473251028,0.4399310212684423,0.9814624098867148,0.04901381298365905,0.13043478260869565,0.4770992366412213,0.9148936170212765,,0.5405629139072847
0.0060492382365807396,0.0,,0.0,,,,0.049022906455455637,,,0.9148936170212765,0.9999999999999999,0.461644591611479
0.003198610585964598,0.0,0.7855571847507332,0.0,0.4917695473251028,0.5006706265568118,0.9340885684860968,,0.13043478260869565,,0.9148936170212765,0.9777598466891926,0.6189293598233996
0.01823448564840146,0.0,0.7855571847507332,,,0.2793638628089672,,0.028171575625858217,0.13043478260869565,0.4770992366412213,0.9148936170212765,0.9999999999999999,0.9017660044150109
0.037256765997661236,0.0,,1.0,0.9999999999999999,0.3529411764705882,,0.017459465849466685,,,,,0.6923289183222958
,0.0,,,,0.3653956696685189,1.0,0.02566177740999738,0.17391304347826086,,,,0.6812913907284768
0.026672172649890052,0.0,0.7008797653958945,0.0,0.9999999999999999,0.492239892699751,,,0.17391304347826086,0.41221374045801523,0.22340425531914887,0.435195925160119,0.7193708609271523
0.026551682434549757,,0.7008797653958945,0.0,,0.26154435715654345,0.9557157569515963,0.030117578590330027,,0.41221374045801523,0.22340425531914887,0.9869131070654092,
,0.0,0.7008797653958945,0.0,0.9999999999999999,0.3901130484767198,0.9474768280123584,0.03601924178632161,0.17391304347826086,0.41221374045801523,,,0.5441501103752759
0.018548749307068863,0.0,,0.0,0.9999999999999999,0.4907070319984671,,0.044412516254580856,0.17391304347826086,,,0.9392304200917848,0.3413355408388521
,0.0,0.7008797653958945,0.0,0.9999999999999999,0.35313278405824866,1.0,0.04201183970027918,0.17391304347826086,,0.22340425531914887,0.8605577689243029,0.31870860927152317
,,0.7008797653958945,1.0,0.9999999999999999,0.27802260969534387,0.8764160659114315,0.04370322545444626,,0.41221374045801523,,0.8647939886025517,0.2866997792494481
0.03966162481055387,0.0,,1.0,0.9999999999999999,0.4964552596282813,0.8208032955715756,0.0560066927952423,0.17391304347826086,0.41221374045801523,0.22340425531914887,,0.3667218543046357
0.027429058013790735,,0.7008797653958945,,0.9999999999999999,0.3278405824870666,0.9382080329557158,,0.17391304347826086,0.41221374045801523,,0.22267890463462603,0.3976269315673289
0.015022162556586567,0.0,,,0.4526748971193414,0.47997700708948077,1.0,0.05707972246724079,0.17391304347826086,0.41221374045801523,0.22340425531914887,,0.12969094922737306
0.015945845942469516,0.0,0.7008797653958945,0.0,,0.5650507760107301,,,0.17391304347826086,0.41221374045801523,0.22340425531914887,0.9178223813606334,0.15618101545253862
0.014242348084542769,0.0,0.7008797653958945,,0.4526748971193414,0.5152328032190076,0.9237899073120494,,0.17391304347826086,0.41221374045801523,0.22340425531914887,0.8537999899137627,
0.016376778298453364,0.0,0.7008797653958945,0.0,0.4526748971193414,0.7526346043303315,,0.07650337822477245,0.17391304347826086,0.41221374045801523,0.22340425531914887,,
0.02054009739026286,0.0,,,0.4526748971193414,0.8126077792680589,0.9814624098867148,,0.17391304347826086,0.41221374045801523,0.22340425531914887,0.981617832467598,
0.025132550476633216,0.0,0.7008797653958945,,,0.4393561985054609,,,0.17391304347826086,,0.22340425531914887,0.995486408795199,0.2734547461368653
0.03279401972892399,0.0,0.7008797653958945,0.0,0.4526748971193414,,,,0.17391304347826086,0.41221374045801523,0.22340425531914887,,0.22295805739514352
0.022523015654286598,0.0,,0.0,0.4526748971193414,0.8369419429009389,0.96086508753862,0.08332348207222036,0.17391304347826086,0.41221374045801523,0.22340425531914887,,0.0543598233995585
0.020163677864913385,,0.7008797653958945,0.0,,,0.7857878475798147,0.11787867489928981,0.17391304347826086,0.41221374045801523,0.22340425531914887,,0.28725165562913907
0.02578490608282263,,0.7008797653958945,0.0,0.4526748971193414,0.5284537267675801,0.9598352214212151,0.08824305031417946,0.17391304347826086,0.41221374045801523,0.22340425531914887,0.7483231630440264,0.2585540838852097
0.027461091326637734,0.0,0.7008797653958945,,0.4526748971193414,,0.9505664263645727,0.10301994198364996,,0.41221374045801523,0.22340425531914887,0.8314085430430178,0.26462472406181015
,,,0.0,0.257201646090535,0.3853228587852079,0.8815653964984552,0.13335576389709825,0.17391304347826086,,0.4255319148936172,0.9999999999999999,0.3576158940397351
0.0009605497950542364,0.0,,,,0.5470396627706459,0.8362512873326466,,0.17391304347826086,0.20801526717557245,,0.9964698169347925,0.20171081677704192
,0.0,,0.0,0.257201646090535,,0.6776519052523172,0.14297665705789814,,,0.4255319148936172,0.9907458772504918,0.21826710816777045
,0.0,0.1315982404692082,0.0,0.257201646090535,0.571948649166507,0.3110195674562307,0.18211495967045255,0.17391304347826086,0.20801526717557245,0.4255319148936172,0.9850219375661909,0.09933774834437087
0.0006755095095104097,0.0,0.1315982404692082,0.0,0.257201646090535,0.6321134316918952,0.7363542739443872,,,0.20801526717557245,0.4255319148936172,0.9858036209592012,0.1432119205298013
,0.0,0.07331378299120235,0.0,0.2119341563786007,0.6551063422111517,0.5715756951596292,0.1545344597113732,0.08695652173913043,0.011450381679389277,,0.9999999999999999,0.09133554083885209
0.0006694400397078201,0.0,0.07331378299120235,,0.2119341563786007,,0.8280123583934088,0.1465322045303677,,0.011450381679389277,0.5531914893617023,0.99662111049473,
0.0007031593163888723,0.0,0.07331378299120235,,0.2119341563786007,,,0.13351944638943702,0.08695652173913043,,0.5531914893617023,0.9999999999999999,0.21302428256070638
0.0006086329440929898,0.0,0.07331378299120235,0.0,0.2119341563786007,0.49664686721594176,,0.19551873709863687,0.08695652173913043,0.011450381679389277,0.5531914893617023,0.9753139341368703,0.315121412803532
0.0005586160170160958,,0.07331378299120235,0.0,0.2119341563786007,0.8181643993102127,,0.18819849230237612,0.08695652173913043,0.011450381679389277,0.5531914893617023,0.9892329416511171,0.0750551876379691
0.0008140957366695336,0.45,,,,,0.3934088568486097,0.2417954150715202,0.17391304347826086,0.4026717557251908,,0.992359675223158,0.1365894039735099
0.0007057444609344197,0.45,0.1092375366568915,,0.10699588477366251,0.6089289135849779,0.28733264675592174,0.4865189280615447,0.17391304347826086,,,0.9818699884008271,0.08167770419426049
,,0.1092375366568915,,,,0.24098867147270858,,0.17391304347826086,0.4026717557251908,0.2765957446808509,,0.031456953642384114
9.070485427203005e-05,0.6,,0.0,,0.5830618892508143,0.16374871266735327,0.46285771444679863,0.0,0.14885496183206098,0.31914893617021267,,
8.41857941136933e-05,0.8,0.0,0.0,0.07613168724279828,0.8265951331672735,0.2996910401647786,0.41091580354463525,0.13043478260869565,0.1297709923664122,0.1914893617021276,0.9932674365827828,
0.00037979145301758306,0.8,0.03885630498533725,,0.039094650205761305,0.7139298716229162,,,0.043478260869565216,0.27099236641221375,0.0,0.9999999999999999,0.06484547461368653
0.00035247883890593087,0.8,0.03885630498533725,0.0,,0.7114389729833303,0.364572605561277,,0.043478260869565216,0.27099236641221375,0.0,,
,0.9500000000000001,,,0.03703703703703709,0.6541483042728492,0.12770339855818746,0.5932399130664098,,,,0.9999999999999999,0.0780905077262693
,0.9500000000000001,0.03702346041055718,0.0,0.03703703703703709,0.6848055182985245,0.11328527291452112,0.5932399130664098,0.08695652173913043,0.41030534351145037,0.46808510638297873,0.9682283524131323,0.0750551876379691
0.0003161744176793315,0.8250000000000001,0.057551319648093846,0.0,0.061728395061728336,,,0.46744082423228356,0.043478260869565216,,0.22340425531914887,0.9921075192899289,0.15728476821192053
,0.8250000000000001,0.057551319648093846,0.0,0.061728395061728336,0.7758191224372485,0.13182286302780638,0.46744082423228356,0.043478260869565216,,0.22340425531914887,,0.0380794701986755
,0.9500000000000001,0.08137829912023462,0.0,0.0639917695473251,0.8570607396052886,,,0.13043478260869565,,,0.9839880982399516,0.031732891832229576
,0.0,0.37133431085043994,0.0,0.21399176954732513,0.44644567924889833,0.19979402677651908,0.2560539788485846,0.13043478260869565,0.17175572519083965,0.6382978723404256,,0.25220750551876375
0.0025106249440821995,,0.37133431085043994,0.0,0.21399176954732513,,0.5108135942327497,0.2932917458556502,0.13043478260869565,0.17175572519083965,0.6382978723404256,0.9948812345554491,
0.0014561107646767647,0.0,0.37133431085043994,,,,0.5787847579814624,0.28277059898698725,0.13043478260869565,0.17175572519083965,0.6382978723404256,0.9607141056029048,0.3567880794701987
0.004826240071358981,0.0,0.37133431085043994,1.0,,0.3416363287986205,,0.24965217470378015,0.13043478260869565,0.17175572519083965,0.6382978723404256,0.9999999999999999,
0.001889853060384031,0.0,,1.0,0.21399176954732513,0.45966660279747085,0.9186405767250256,0.24984313761150873,,,0.6382978723404256,0.9907963084371375,0.4288079470198675
0.004152641320860498,0.0,0.37133431085043994,1.0,0.21399176954732513,,,0.23055588393092602,0.13043478260869565,0.17175572519083965,0.6382978723404256,0.9958142115083968,
0.0023701279579111494,,0.37133431085043994,1.0,0.21399176954732513,0.4303506418854187,,0.22942829342814797,0.13043478260869565,0.17175572519083965,,,0.3945916114790287
0.0015083756435323955,0.0,0.37133431085043994,0.0,,0.5391837516765664,,,,0.17175572519083965,,0.9720359070048918,
,0.0,0.49230205278592387,,0.33950617283950624,0.5903429775819123,0.8465499485066941,0.20837690621902538,0.17391304347826086,0.1698473282442748,0.404255319148936,,
,0.0,0.49230205278592387,1.0,0.33950617283950624,0.5388005365012455,0.92173017507724,0.20312087952059216,0.17391304347826086,0.1698473282442748,0.404255319148936,,
0.004511526822335829,0.0,0.21041055718475074,1.0,0.2510288065843621,,0.9104016477857878,0.1744491629459211,0.30434782608695654,,0.5106382978723403,0.9958142115083968,
0.006838044515739485,,0.21041055718475074,,,0.5857443954780609,0.8022657054582903,0.1948276332420955,0.30434782608695654,0.22900763358778625,0.5106382978723403,0.9999999999999999,0.1619757174392936
,0.0,0.21041055718475074,,0.24485596707818924,0.8582103851312511,0.8609680741503605,0.18969891514881465,,0.22900763358778625,0.5106382978723403,0.9759947551565888,0.03863134657836645
,,,0.0,,0.7903812990994444,,,0.30434782608695654,0.22900763358778625,0.5106382978723403,0.9511069645468758,
,0.0,0.21041055718475074,0.0,,0.4636903621383407,,0.23114695959770482,0.30434782608695654,0.22900763358778625,0.5106382978723403,0.9532250743860003,0.2737306843267108
,,0.21041055718475074,0.0,0.24485596707818924,,0.7621009268795057,,0.30434782608695654,0.22900763358778625,,0.947652428261637,
,0.0,0.21041055718475074,,0.2510288065843621,0.915117838666411,0.7250257466529351,0.24632396402622558,0.30434782608695654,0.22900763358778625,,0.972288062938121,0.02041942604856513
0.003654607604281359,,0.21041055718475074,,0.2510288065843621,0.8978731557769687,0.6951596292481977,0.22936463912557176,0.30434782608695654,0.22900763358778625,0.5106382978723403,0.954738009985375,0.06125827814569537
0.0036431430502098018,0.0,,0.0,0.2510288065843621,,0.6035015447991761,0.22936463912557176,0.30434782608695654,0.22900763358778625,,,0.2524834437086093
0.0057801584086659445,0.0,0.21041055718475074,,,,0.7579814624098867,0.27447735270849055,,0.22900763358778625,0.5106382978723403,0.9786928236421403,0.21550772626931564
0.0008555704469872276,0.3,0.16385630498533724,0.0,0.08847736625514402,,0.16065911431513905,0.4601569533232092,0.21739130434782608,0.215648854961832,,0.955897927278229,0.12775938189845476
,0.3,,0.0,0.08847736625514402,0.5834451044261352,0.40473738414006183,0.4601569533232092,0.21739130434782608,0.215648854961832,0.4255319148936172,,0.15562913907284767
,0.3,0.16385630498533724,0.0,,0.6392029124353326,,0.47345160908983447,,0.215648854961832,0.4255319148936172,0.9857531897725553,0.266280353200883
0.0011217279375896653,0.3,,0.0,0.08847736625514402,0.4855336271316343,0.6405767250257466,0.47345160908983447,,,,0.9942508447223763,0.2944260485651214
0.0010855359139520027,,0.16385630498533724,0.0,0.08847736625514402,0.5359264226863384,0.5149330587023686,0.5370513508352355,0.21739130434782608,0.215648854961832,,0.9391043421251702,0.26186534216335544
0.0013628207658591873,,0.16385630498533724,0.0,0.08847736625514402,0.5426326882544549,,0.5370513508352355,0.21739130434782608,0.215648854961832,,0.9440465984164607,0.09547461368653423
0.00224525423660232,0.22,,0.0,0.09465020576131689,0.38934661812607774,0.7579814624098867,0.6206567305331503,0.26086956521739135,,0.6914893617021276,0.9384487366987746,0.29718543046357615
,0.22,0.19794721407624635,0.0,0.09465020576131689,0.39164590917800346,0.6930998970133883,,,,,0.9804074839880983,0.461644591611479
0.003748571988632558,0.22,0.19794721407624635,0.0,0.09465020576131689,0.48802452577122046,0.329557157569516,0.6298047631605271,0.26086956521739135,0.2729007633587786,0.6914893617021276,,
,,0.19794721407624635,0.0,0.09465020576131689,,,0.6089807127463195,0.26086956521739135,0.2729007633587786,,0.9920318725099602,
0.002335284705340729,,0.19794721407624635,0.0,0.09465020576131689,0.551255029699176,0.06179196704428426,0.5698969709645446,0.26086956521739135,0.2729007633587786,0.6914893617021276,0.9499974784406677,0.05132450331125828
0.004075761370027699,,,0.0,0.09465020576131689,,,0.7072083950931628,0.26086956521739135,0.2729007633587786,,0.9999999999999999,0.04994481236203091
0.0004706087048785499,0.8,0.11656891495601175,,0.014403292181069949,0.48802452577122046,,,0.0,,0.404255319148936,,0.13355408388520973
0.000327751369339826,0.8,0.11656891495601175,,0.014403292181069949,,0.16683831101956748,,,0.24427480916030536,0.404255319148936,,0.20750551876379691
0.006802526877635442,0.2,0.12866568914956011,0.0,0.5390946502057613,0.9854378233378044,,0.06105356964235377,0.17391304347826086,0.14694656488549612,,0.9818447728075042,0.0935430463576159
,,0.12866568914956011,0.0,0.5390946502057613,0.722743820655298,1.0,0.06956505924396876,0.17391304347826086,0.14694656488549612,0.042553191489361764,0.9656815774875184,0.1672185430463576
0.007309552401329528,0.2,0.12866568914956011,,0.5390946502057613,0.6286644951140065,1.0,0.08012257999981813,0.17391304347826086,0.14694656488549612,,0.9874678501185133,0.14266004415011038
0.005775212914752723,,0.12866568914956011,0.0,,,0.9124613800205973,,0.17391304347826086,0.14694656488549612,,0.9746835443037976,0.1153421633554084
0.009204688148393592,0.2,0.12866568914956011,0.0,0.5390946502057613,,0.9433573635427395,0.08631523429330086,,0.14694656488549612,0.042553191489361764,0.991224973523627,
0.006111618898440686,,0.12866568914956011,,,0.6984096570224182,0.913491246138002,0.07279324173176079,,,0.042553191489361764,0.9772807504160572,0.1757726269315673
,0.2,0.12866568914956011,0.0,,0.38302356773328217,0.6168898043254376,0.07792195982504162,0.17391304347826086,0.14694656488549612,0.042553191489361764,0.9886529830046901,0.24061810154525382
0.00876004328655945,0.2,0.12866568914956011,0.0,0.5390946502057613,0.6616210001916077,0.8414006179196704,0.09123480253525994,0.17391304347826086,0.14694656488549612,0.042553191489361764,0.9676483937667053,0.3603752759381898
0.006429366882365133,0.2,0.12866568914956011,0.0,0.39094650205761294,0.9074535351599925,0.6601441812564366,0.11748765561203615,,,0.042553191489361764,0.9688335266528822,0.157560706401766
,0.2,0.12866568914956011,0.0,0.39094650205761294,0.7489940601647825,0.5118434603501545,0.15844465258391,0.17391304347826086,0.14694656488549612,0.042553191489361764,0.9833577084068789,0.03945916114790288
,0.2,0.2382697947214076,,0.1625514403292181,0.45200229929105185,0.6035015447991761,0.253516900217334,,0.06870229007633583,,0.9859801301124614,0.32891832229580575
0.0032914509944264284,0.2,0.2382697947214076,0.0,0.1625514403292181,0.4397394136807816,0.4037075180226571,0.3000300084569288,,0.06870229007633583,,,0.3109823399558499
0.0012170410930081056,0.2,0.2382697947214076,0.0,0.1625514403292181,,0.5746652935118435,0.253516900217334,0.08695652173913043,,0.6382978723404256,0.9951081748953553,0.16556291390728478
0.002422842427122527,,0.2382697947214076,1.0,0.1625514403292181,0.7913393370377467,0.5036045314109165,,0.08695652173913043,0.06870229007633583,0.6382978723404256,0.9845428412930556,0.13383002207505518
0.000563336715751443,,,,0.12757201646090532,0.6125694577505268,0.30895983522142123,0.26807554856368615,0.13043478260869565,0.1278625954198473,0.5319148936170215,,0.04966887417218542
0.0010084311679413303,,0.21810850439882698,,0.12757201646090532,0.6309637861659322,,0.285325864561831,0.13043478260869565,0.1278625954198473,0.5319148936170215,0.9999999999999999,0.03449227373068432
,0.4,0.21810850439882698,1.0,0.12757201646090532,0.7100977198697068,0.474768280123584,0.33260282443234007,0.13043478260869565,0.1278625954198473,0.5319148936170215,0.9807100711079731,0.11920529801324503
0.0006176247512079369,0.4,,,0.12757201646090532,,,0.3394774891105675,0.13043478260869565,0.1278625954198473,0.5319148936170215,0.9913006203035958,0.06705298013245034
0.0008256726883300281,0.4,0.21810850439882698,,,,0.30072090628218334,0.27377715538015257,0.13043478260869565,0.1278625954198473,,0.9999999999999999,0.15066225165562916
0.002293585199845161,0.2,0.10520527859237538,0.0,0.1191358024691358,,0.3017507723995881,0.2701761405487001,0.17391304347826086,0.05534351145038163,0.24468085106382986,0.9999999999999999,0.08609271523178808
0.0003311232970079312,0.2,0.10520527859237538,,,0.8160567158459476,,0.3241913630204876,0.17391304347826086,,0.24468085106382986,0.9758182460033284,
0.0003453977908029099,0.2,0.10520527859237538,,0.1191358024691358,,,0.37420545790177234,0.17391304347826086,0.05534351145038163,,0.9882243179182006,
9.767350478611415e-05,0.9,0.02749266862170088,1.0,0.03292181069958855,,0.2255406797116375,,,0.020992366412213692,0.10638297872340408,0.9965202481214382,0.03945916114790288
3.079693936869422e-05,0.9,0.09200879765395896,,0.030864197530864224,0.6757999616784826,0.18434603501544802,0.5617674071783867,0.0,0.18702290076335876,0.2872340425531916,0.9945030006556055,
0.000149825986052808,0.8,,,,0.5114006514657982,0.2945417095777549,0.7238039811219527,0.0,,0.5957446808510638,0.8605577689243029,
,0.525,0.1781524926686217,0.0,0.04115226337448563,0.5073768921249281,0.29248197734294545,,0.21739130434782608,,0.4255319148936172,0.9999999999999999,
0.00032258108024873144,0.8,0.16458944281524926,0.0,,0.6323050392795554,0.25746652935118436,0.36256581400212784,0.13043478260869565,0.11068702290076332,0.7021276595744679,,0.04415011037527594
,,0.16458944281524926,,0.053497942386831254,,0.21112255406797117,0.36256581400212784,0.13043478260869565,,0.7021276595744679,,0.08195364238410596
0.0008579307963549013,0.0,0.4934017595307918,0.0,0.10699588477366251,,0.1596292481977343,0.39766661513699314,0.13043478260869565,0.1946564885496183,0.36170212765957444,0.9999999999999999,
0.0013824903439231344,,0.4934017595307918,0.0,0.10699588477366251,0.5972408507376893,0.29042224510813597,0.43928743555001865,,0.1946564885496183,0.36170212765957444,0.9999999999999999,
0.0015141079205681742,0.0,0.4934017595307918,,,0.4270933128951907,0.5674562306900103,,0.13043478260869565,,,,
,0.7000000000000001,,,0.030864197530864224,0.6342211151561602,,0.6090989278796752,0.17391304347826086,0.3263358778625954,0.23404255319148937,0.9847697816329619,
0.00032651499586152077,0.34,,0.0,0.09876543209876543,0.5803793830235676,,0.39666633323936745,0.26086956521739135,,0.37234042553191493,,0.2144039735099338
0.001052940613160319,0.34,0.2063782991202346,0.0,0.09876543209876543,,0.15242018537590113,0.39666633323936745,0.26086956521739135,0.27099236641221375,0.37234042553191493,,0.08636865342163355
0.0005488374267785907,,,0.0,,,0.3934088568486097,0.2630195782447781,0.26086956521739135,,0.6170212765957446,,0.14348785871964678
0.000772283833585029,0.33,0.06304985337243403,,0.17901234567901225,,0.7106076210092689,0.17910502050577892,0.26086956521739135,0.06679389312977096,0.6170212765957446,0.9999999999999999,0.13079470198675497
0.00048330963242841293,0.33,,,,,0.694129763130793,0.1866980694559376,,,0.6170212765957446,,0.1600441501103753
0.0038561364812451137,,0.3460410557184751,0.0,0.3271604938271605,0.46196589384939657,0.7600411946446962,0.17940510507506663,0.13043478260869565,0.22328244274809156,0.6170212765957446,0.9983357708406879,0.22737306843267108
0.008812982550948702,0.0,0.3460410557184751,,0.3271604938271605,0.4907070319984671,0.5139031925849639,0.13737507843119423,0.13043478260869565,0.22328244274809156,0.6170212765957446,,0.11727373068432673
0.002870297228680088,0.0,0.3460410557184751,0.0,0.3271604938271605,,,,0.13043478260869565,,0.6170212765957446,0.9984870644006254,0.27566225165562913
0.0029567309745725185,0.0,0.3460410557184751,,0.3271604938271605,0.5182985246215751,0.8228630278063851,0.19398194036501193,0.13043478260869565,0.22328244274809156,,0.9911493267436583,0.17025386313465785
0.0027789179888744373,,0.3460410557184751,0.0,,0.41080666794405063,0.7703398558187435,0.2560176049613982,0.13043478260869565,,,,
,0.0,,0.0,0.3271604938271605,0.4255604521939068,0.7085478887744593,0.263901645009048,0.13043478260869565,0.22328244274809156,0.6170212765957446,0.9999999999999999,0.3921081677704194
,0.0,0.3460410557184751,0.0,0.3271604938271605,0.5405250047901896,0.6622039134912462,0.21850703380043468,,0.22328244274809156,0.6170212765957446,,0.23813465783664456
,,0.3460410557184751,0.0,,0.488982563709523,0.5756951596292481,0.26119179041366203,,0.22328244274809156,0.6170212765957446,,0.30353200883002207
,0.0,0.25366568914956017,0.0,,0.5393753592642269,0.529351184346035,0.3101601360383381,0.17391304347826086,0.19083969465648848,0.7446808510638299,0.9999999999999999,0.14183222958057395
,0.0,,0.0,,0.4751868173979691,0.4840370751802266,,0.17391304347826086,0.19083969465648848,0.7446808510638299,0.9999999999999999,0.16473509933774835
0.003120157068886684,,0.25366568914956017,0.0,0.2222222222222222,0.411381490707032,0.7353244078269825,0.3265920395747893,0.17391304347826086,0.19083969465648848,,0.9854506026526804,0.2762141280353201
,,,0.0,0.2222222222222222,0.5499137765855527,0.121524201853759,,,0.19083969465648848,0.7446808510638299,0.9918805789500227,
0.003339894355258207,0.0,0.25366568914956017,0.0,0.2222222222222222,,0.26776519052523173,0.38977348161754677,0.17391304347826086,0.19083969465648848,0.7446808510638299,,
0.0026380838099365764,0.0,0.25366568914956017,0.0,0.2222222222222222,,0.4201853759011329,0.38977348161754677,,0.19083969465648848,0.7446808510638299,0.9999999999999999,
0.0006726995697869887,0.0,0.10190615835777128,0.0,0.154320987654321,0.44203870473270757,0.23583934088568487,,0.13043478260869565,,0.457446808510638,0.9635382520550708,0.22737306843267108
0.0006847261118032305,,0.10190615835777128,0.0,0.154320987654321,0.5311362329948267,0.14727085478887744,,0.13043478260869565,,0.457446808510638,0.9453073780826062,0.15480132450331124
,0.0,0.10190615835777128,0.0,0.154320987654321,0.49492239892699763,0.3017507723995881,,,0.46374045801526714,0.457446808510638,0.9285642241161934,0.2030905077262693
0.0004935378130216653,0.35000000000000003,0.20527859237536655,0.0,0.10884773662551439,,0.262615859938208,0.5011503241822696,,0.22328244274809156,0.457446808510638,,
0.0005002816683578758,,,0.0,0.2674897119341565,,,0.4845729250970728,,0.07061068702290074,0.8085106382978724,0.9818699884008271,
,0.0,0.17338709677419356,0.0,,0.5267292584786357,0.36663233779608656,0.4845729250970728,,0.07061068702290074,0.8085106382978724,0.9810883050078167,
0.00037417157357074105,0.0,0.17338709677419356,0.0,0.2674897119341565,0.47442038704732703,0.32543769309989706,,0.17391304347826086,,0.8085106382978724,0.9999999999999999,0.17328918322295805
0.0003141512610784684,0.0,0.17338709677419356,,,0.4422303123203678,0.446961894953656,0.37296874573743505,0.17391304347826086,,,0.9999999999999999,
0.00027076579174884803,,0.17338709677419356,0.0,0.2674897119341565,0.44721210959953994,0.583934088568486,0.40787858396457183,0.17391304347826086,0.07061068702290074,0.8085106382978724,0.9947299409955116,0.24365342163355408
,0.0,0.17338709677419356,0.0,0.2674897119341565,0.47863575397585756,0.35427394438722964,0.3348761923814893,,0.07061068702290074,,,0.18708609271523177
0.0005468142701777276,0.0,0.17338709677419356,,0.2674897119341565,0.46445679248898253,0.4376930998970134,0.3348761923814893,0.17391304347826086,,,0.9999999999999999,0.22102649006622516
0.0006203222933424211,0.0,0.17338709677419356,0.0,,0.4611994634987545,0.572605561277034,,0.17391304347826086,0.07061068702290074,,,
,0.55,,,0.2037037037037036,0.6006897873155775,,,0.17391304347826086,,,0.9999999999999999,0.15038631346578366
0.0002716649724603428,0.55,,0.0,0.2037037037037036,0.6347959379191416,0.25952626158599384,,0.17391304347826086,0.34923664122137404,0.5319148936170215,0.9774824751626406,0.0794701986754967
,0.0,0.1440615835777126,0.0,,,,0.625994598477753,,0.3148854961832061,,0.9185788491603208,
,0.85,0.13526392961876835,,0.09053497942386823,0.5662004215366928,,,0.13043478260869565,0.31297709923664113,0.5638297872340423,,
,,0.05681818181818181,0.0,0.10288065843621397,,0.2760041194644696,0.6560394292937101,0.13043478260869565,,0.46808510638297873,0.9849715063795451,0.1175496688741722
0.0002548053341198167,0.4,0.028958944281524925,0.0,0.09053497942386823,0.6472504311170723,,0.6967872764142622,,0.282442748091603,0.7553191489361701,0.9822230067073479,0.11479028697571741
0.0008225255558397966,0.6,0.045087976539589444,,0.053497942386831254,0.5782716995593026,0.33985581874356335,0.8712182524165902,0.13043478260869565,,0.6063829787234043,,0.10375275938189846
0.0007431728580503874,0.6,,0.0,,0.4451044261352751,0.16065911431513905,0.8712182524165902,0.13043478260869565,0.42748091603053434,0.6063829787234043,,0.1672185430463576
,,0.057184750733137835,0.0,0.05144032921810693,0.6068212301207127,,1.0,0.17391304347826086,0.0,0.46808510638297873,0.9686318019062988,0.07643487858719647
0.0004123867538092667,0.8,,,0.057613168724279795,,,,0.13043478260869565,,,0.9644460134146957,0.17439293598233996
0.10089526927539973,,,1.0,,,0.9732234809474769,0.09026180105302405,1.0,,0.8085106382978724,0.9516617075999799,
,,0.6466275659824048,1.0,0.7921810699588477,0.5430159034297758,0.9073120494335736,,,0.91412213740458,0.8085106382978724,0.9859801301124614,0.31843267108167767
0.05839560534419064,0.0,0.6466275659824048,1.0,0.7921810699588477,0.4916650699367694,0.8290422245108137,,1.0,0.91412213740458,0.8085106382978724,0.9962933077815321,
0.04782506169503657,0.0,0.6466275659824048,0.0,0.7921810699588477,0.4887909561218625,0.8074150360453141,0.1254444434340587,,,0.8085106382978724,0.984467194513087,0.3018763796909492
0.050979050438193244,0.0,0.6466275659824048,0.0,0.7921810699588477,0.5435907261927572,0.8764160659114315,,1.0,0.91412213740458,0.8085106382978724,,0.1672185430463576
0.041271270681718354,0.0,0.6466275659824048,,0.7921810699588477,0.34508526537650897,,0.08857041529885697,1.0,0.91412213740458,0.8085106382978724,,0.2334437086092715
0.038979034252940435,0.0,0.6466275659824048,,0.685185185185185,0.9999999999999999,0.82389289392379,0.07048349989542509,1.0,0.91412213740458,,,0.09823399558498896
0.05113584507476013,0.0,0.6466275659824048,0.0,0.685185185185185,0.0,0.8753861997940269,,1.0,0.91412213740458,0.8085106382978724,0.893590196177316,
,0.0,0.6466275659824048,,,0.26863383789998085,0.9114315139031927,0.05662504887741092,,,0.8085106382978724,0.7960814967976196,0.33857615894039733
0.15191523243596597,0.0,,0.0,0.5061728395061728,0.057865491473462316,,,1.0,,0.8085106382978724,,0.3200883002207505
0.05498377653201286,,0.6466275659824048,0.0,,0.26997509101360406,1.0,,1.0,0.91412213740458,0.8085106382978724,0.9460890614756164,0.04221854304635761
0.06365817285580244,,0.6466275659824048,,0.5061728395061728,,0.9670442842430483,0.02065127445007231,1.0,0.91412213740458,0.8085106382978724,,0.05518763796909493
0.1036977907579509,0.0,,,0.5061728395061728,0.5087181452385515,1.0,0.003591921359655914,1.0,0.91412213740458,0.8085106382978724,0.922462050532049,
0.09285086143760114,0.0,,,0.5823045267489712,0.4433799578463308,0.8928939237899073,,1.0,0.91412213740458,,0.8763931615310908,0.19729580573951436
0.12478133049072339,0.0,,,,0.25771220540333384,1.0,0.004055688421282358,,0.91412213740458,0.8085106382978724,0.9999999999999999,0.9116997792494481
,0.0,0.6466275659824048,0.0,0.5823045267489712,,,0.0006729169129481988,1.0,,,,
0.11034262381830795,0.0,0.6466275659824048,0.0,0.588477366255144,0.6194673309063038,,0.020769489583428072,1.0,0.91412213740458,0.8085106382978724,0.9999999999999999,0.5383554083885209
0.26572903099341033,0.0,0.6466275659824048,0.0,0.588477366255144,0.5401417896148687,,0.023324755158271884,,0.91412213740458,,0.9999999999999999,
1.0,0.0,,,0.588477366255144,,,0.02608917058443745,1.0,0.91412213740458,0.8085106382978724,0.9999999999999999,0.4271523178807947
,0.0,0.6466275659824048,0.0,0.588477366255144,,0.9907312049433572,0.03542816611954279,,0.91412213740458,0.8085106382978724,,0.5339403973509933
0.18888954329262894,0.0,0.6466275659824048,0.0,,0.3287986204253689,,0.026962143876910774,1.0,,0.8085106382978724,0.9999999999999999,0.8024282560706402
0.2539149204202591,0.0,,0.0,0.648148148148148,0.27572331864341826,0.8918640576725025,0.03535541834517002,,0.91412213740458,0.8085106382978724,,0.8349889624724061
,0.0,,0.0,0.648148148148148,0.2527304081241617,1.0,,1.0,0.91412213740458,,,
0.07818185210545413,,0.6466275659824048,0.0,0.648148148148148,0.4123395286453343,0.9691040164778579,0.07246587674708328,,0.91412213740458,,0.993771748449241,0.4243929359823399
,,0.6466275659824048,0.0,0.6337448559670781,,0.9237899073120494,0.06016240940628724,1.0,,0.8085106382978724,0.9999999999999999,0.3708609271523179
0.09790313306031209,,0.6466275659824048,,0.6337448559670781,0.5575780800919717,,,1.0,,0.8085106382978724,,0.42466887417218546
,,0.6466275659824048,0.0,,,,0.04975947767098003,1.0,0.91412213740458,0.8085106382978724,0.9999999999999999,0.4867549668874172
0.08616061975131359,0.0,0.6466275659824048,0.0,0.6337448559670781,0.4188541866257903,,,1.0,0.91412213740458,0.8085106382978724,0.9904180745372939,
0.43099394986258266,0.0,0.6466275659824048,0.0,0.6337448559670781,,1.0,,,0.91412213740458,,0.9999999999999999,
0.1113885957809542,,,0.0,,,0.7713697219361483,0.0337185934217825,1.0,0.91412213740458,0.8085106382978724,0.8518836048212215,0.7792494481236203
0.10778243153750461,0.0,0.6466275659824048,0.0,0.6337448559670781,0.5447403717187201,,0.04632214533186625,1.0,,0.8085106382978724,,
0.46670715977137434,0.0,0.6466275659824048,0.0,0.6337448559670781,0.37746694769112843,0.8496395468589084,0.043448608244141526,1.0,0.91412213740458,,,0.7077814569536423
0.23277405791712882,,0.6466275659824048,,0.5637860082304528,0.11055757808009192,1.0,0.004410333821349657,,0.91412213740458,0.8085106382978724,0.9327247970144739,
0.134256447238099,0.0,,,,0.39222073194098483,1.0,0.014149442115505284,1.0,,,0.8365777396742144,0.2869757174392936
0.0831469031991501,,,0.0,0.4362139917695472,0.3939452002299292,0.9783728115345005,0.02956287681073759,1.0,0.91412213740458,0.8085106382978724,0.792576529325735,0.6807395143487858
0.5746830275594392,0.0,0.6466275659824048,0.0,,0.42077026250239513,,,1.0,0.91412213740458,0.8085106382978724,0.0057491552776236824,0.23123620309050769
0.211360069272882,,0.6466275659824048,,0.4362139917695472,0.20444529603372297,,0.03858360083296204,,,0.8085106382978724,0.07178879419032728,0.9006622516556291
,0.0,,0.0,0.4362139917695472,,,,,0.91412213740458,0.8085106382978724,0.5311664733471179,0.5063465783664458
0.5141040990501504,0.0,0.6466275659824048,,,,1.0,,1.0,0.91412213740458,0.8085106382978724,0.22177114327500125,
0.2031955084125099,0.0,0.6466275659824048,0.0,0.6049382716049384,0.5504885993485343,1.0,0.06411806963780702,,0.91412213740458,0.8085106382978724,0.06790559281859901,0.7538631346578366
0.12170276052974331,,,0.0,,0.6171680398543783,0.9052523171987641,0.06273586192472423,1.0,0.91412213740458,0.8085106382978724,,
,,0.6466275659824048,0.0,0.6049382716049384,0.45909178003448925,1.0,0.061199065191099314,,0.91412213740458,,0.040672752029855264,
,0.0,0.6466275659824048,0.0,,0.5460816248323433,1.0,0.06631868981258356,1.0,0.91412213740458,,0.8029401381814514,0.3667218543046357
0.13534782782667573,,,0.0,0.47119341563786,0.3998850354474036,0.8722966014418125,0.0747119642808428,1.0,0.91412213740458,,0.7343537243431338,
0.0791739856229996,0.0,,,0.47119341563786,0.48706648783291817,,0.08113195536924041,,0.91412213740458,0.8085106382978724,0.005547430531040396,
0.09875027368812907,0.0,,0.0,0.40946502057613154,0.3839816056715847,0.6972193614830071,0.08492393310842146,1.0,,0.8085106382978724,0.008396792576529324,0.4257726269315673
0.1781949127052886,,0.6466275659824048,0.0,0.6049382716049384,0.4474037171872006,,0.07092908001345834,,0.91412213740458,0.8085106382978724,0.018558676685662415,
,,0.6466275659824048,0.0,,0.4360988695152327,,0.07893133519446392,,0.91412213740458,0.8085106382978724,0.06134953855464219,
0.42323964020183014,0.0,0.6466275659824048,0.0,0.6049382716049384,,0.780638516992791,0.06668242868444745,1.0,0.91412213740458,0.8085106382978724,0.046648847647385146,0.35292494481236203
,0.0,0.6466275659824048,,,0.5340103468097336,0.8568486096807414,,1.0,,0.8085106382978724,0.20961722729335822,0.4390176600441501
0.11302679063970864,0.0,0.6466275659824048,0.0,0.40946502057613154,,0.94129763130793,0.087170020642181,1.0,0.91412213740458,0.8085106382978724,,0.49558498896247244
0.15631222611517515,0.0,0.6466275659824048,,,,0.9485066941297631,0.09935527284962127,,0.91412213740458,0.8085106382978724,,0.3708609271523179
0.12536916988086305,,,0.0,0.7304526748971193,0.5878520789423259,,0.09048913784793895,,0.91412213740458,0.8085106382978724,0.27618639366584297,0.5943708609271523
,0.0,0.6466275659824048,0.0,0.7304526748971193,0.4964552596282813,1.0,0.07134737971610182,,,0.8085106382978724,0.0226940339906198,
0.1536675108474913,,,,0.7304526748971193,,0.8753861997940269,0.06283589011448683,1.0,,0.8085106382978724,0.17305461697513744,0.8910044150110377
0.10547738178358788,0.0,0.6466275659824048,0.0,0.7304526748971193,0.39586127610653377,,0.0625267120734025,1.0,0.91412213740458,,0.9999999999999999,0.5836092715231787
0.24777801206430763,0.0,0.6466275659824048,0.0,0.7304526748971193,,,0.06698251325373515,1.0,0.91412213740458,0.8085106382978724,0.9862575016390136,0.5623620309050772
0.10922640336257619,0.0,,0.0,,0.5451235868940408,0.9711637487126674,0.08506942865716706,,0.91412213740458,0.8085106382978724,0.9724141409047354,0.4908940397350993
0.11987742368540903,0.0,0.6466275659824048,0.0,0.7304526748971193,,0.9464469618949536,0.07804926843019398,,0.91412213740458,0.8085106382978724,0.10777144586212113,0.613962472406181
,,0.6466275659824048,0.0,0.7304526748971193,0.5326690936961104,0.9629248197734295,,1.0,0.91412213740458,0.8085106382978724,,0.44315673289183216
0.11148188577977175,0.0,,0.0,0.7304526748971193,0.515424410806668,,0.09715465267484473,1.0,,0.8085106382978724,0.9788693327954007,0.4059050772626932
0.10478568702127058,,,0.0,0.6748971193415637,0.5027783100210766,0.9866117404737385,,1.0,0.91412213740458,0.8085106382978724,0.9999999999999999,0.4525386313465783
0.07543451783907093,0.0,0.6466275659824048,,0.6748971193415637,0.6108449894615827,0.9237899073120494,0.10857605325137083,,,,,0.43349889624724064
,,,0.0,0.6748971193415637,0.5928338762214985,0.9814624098867148,,1.0,0.91412213740458,0.8085106382978724,0.8950779161833678,0.44150110375275936
0.0571412482516555,0.0,0.6466275659824048,,0.6748971193415637,0.5242383598390495,0.9155509783728115,0.1126317416726532,1.0,0.91412213740458,,0.9702203842856422,0.4288079470198675
,0.0,0.6466275659824048,,0.6748971193415637,0.6068212301207127,,0.12426229210050109,1.0,0.91412213740458,0.8085106382978724,0.016037117353371325,0.46854304635761584
,0.0,,,0.6748971193415637,,0.8753861997940269,0.13194627576862572,1.0,,0.8085106382978724,0.025619042816077464,
0.09210150671215922,,0.6466275659824048,0.0,0.6748971193415637,0.4550680206936194,0.7971163748712667,,1.0,,0.8085106382978724,0.008018558676685661,0.4197019867549669
0.0540161456888556,,0.6466275659824048,0.0,0.6748971193415637,,0.8970133882595263,0.13348307250225067,,0.91412213740458,0.8085106382978724,0.6427706893943215,
,,0.6466275659824048,0.0,0.6748971193415637,0.5393753592642269,0.8805355303810505,,1.0,0.91412213740458,,0.9862070704523678,0.3565121412803532
,0.0,0.6466275659824048,0.0,0.6748971193415637,,0.8959835221421216,,,0.91412213740458,0.8085106382978724,,0.23620309050772625
0.08804103141422692,,0.6466275659824048,,0.5555555555555557,0.5073768921249281,,,,0.91412213740458,0.8085106382978724,0.9999999999999999,0.3170529801324503
,0.0,0.6466275659824048,0.0,0.40946502057613154,0.467905729066871,,0.12828160663459703,,,,0.8345604922083817,0.5405629139072847
,0.0,,,0.40123456790123446,,0.835221421215242,,1.0,0.91412213740458,0.8085106382978724,0.9999999999999999,0.401766004415011
0.0453197194376344,0.0,0.6466275659824048,0.0,0.30246913580246926,0.5112090438781375,,0.17911411397757548,1.0,,0.8085106382978724,0.996041151848303,0.3073951434878587
0.05215888792926325,0.0,0.6466275659824048,0.0,0.47119341563786,,0.666323377960865,0.12760868972164885,1.0,0.91412213740458,,0.943970951636492,0.2740066225165563
0.07178609210218109,0.0,0.6466275659824048,0.0,0.40946502057613154,0.4983713355048859,,0.09788213041857251,,0.91412213740458,0.8085106382978724,0.7626204044581169,0.6172737306843268
0.05468243859607319,0.0,0.6466275659824048,0.0,,,0.9340885684860968,,1.0,0.91412213740458,0.8085106382978724,0.9982601240607191,
0.16878835848716442,0.0,,0.0,0.47119341563786,0.3339720252922017,0.972193614830072,0.08830670461675562,1.0,0.91412213740458,,0.8804276564627567,0.63962472406181
0.1149454174828605,0.0,0.6466275659824048,0.0,0.47119341563786,,,,1.0,0.91412213740458,0.8085106382978724,0.9566291794845933,0.44977924944812364
0.16103629677819056,,0.6466275659824048,0.0,,0.5112090438781375,0.8764160659114315,0.0747119642808428,1.0,0.91412213740458,,0.965757224267487,0.3140176600441501
0.06408753164554117,0.0,0.6466275659824048,0.0,0.30246913580246926,0.6110365970492432,,,1.0,0.91412213740458,,0.9903424277573252,0.16583885209713026
,,0.6466275659824048,0.0,0.30246913580246926,0.6706265568116497,,0.20742209168038267,1.0,,0.8085106382978724,,
,0.0,0.6466275659824048,,,0.4217283004406974,0.38516992790937177,,1.0,,0.8085106382978724,0.9899641938574815,0.23979028697571741
0.026663518035541914,,0.6466275659824048,,,0.44261352749568894,,0.23592103229091838,,0.91412213740458,0.8085106382978724,,0.320364238410596
0.06390286240691793,0.0,0.6466275659824048,,0.40740740740740733,,0.791967044284243,,,,,0.9893590196177316,0.36561810154525387
0.054280729613212925,0.0,,,0.40740740740740733,0.44912818547614497,0.518022657054583,,1.0,0.91412213740458,,,0.2682119205298013
0.0016245947504930883,0.0,1.0,0.0,,,0.9248197734294542,,0.13043478260869565,1.0,0.7978723404255321,0.9954359776085531,
0.001989999312126756,0.0,1.0,,,0.35504885993485324,0.9824922760041195,0.056906946503105446,0.13043478260869565,,0.7978723404255321,0.866735589288416,0.6136865342163356
0.002260765103875604,0.0,1.0,0.0,,,0.9794026776519054,0.06301775955041876,0.13043478260869565,1.0,0.7978723404255321,,0.7712472406181015
,,1.0,,0.4609053497942387,0.4640735773136616,0.8300720906282183,0.08914330402204261,0.13043478260869565,,,0.9999999999999999,
0.0030712641176991583,,0.33834310850439886,0.0,0.41152263374485576,,0.4088568486096808,0.11385936036519383,,0.38931297709923657,0.7021276595744679,,0.3272626931567329
,0.0,0.33834310850439886,0.0,,0.40410040237593414,0.266735324407827,0.15177004428520763,0.21739130434782608,0.38931297709923657,,0.9908971708104293,0.43791390728476826
0.0031839988994028096,,0.33834310850439886,0.0,0.41152263374485576,,,0.15177004428520763,0.21739130434782608,0.38931297709923657,,0.9999999999999999,
,0.0,0.33834310850439886,0.0,0.41152263374485576,0.47097145046943856,0.6426364572605561,0.11635097163746148,0.21739130434782608,0.38931297709923657,0.7021276595744679,0.9999999999999999,0.3087748344370861
0.0024509418243567373,0.0,0.33834310850439886,0.0,,,,0.12445325500822961,0.21739130434782608,0.38931297709923657,0.7021276595744679,,0.347682119205298
,,0.42045454545454547,0.0,0.3868312757201645,0.5809542057865492,0.6817713697219361,0.12267093453609655,,0.1641221374045801,0.8936170212765959,0.9876191436784508,
,0.0,0.42045454545454547,0.0,0.3868312757201645,0.6543399118605097,0.9073120494335736,0.09438114377688257,0.0,,,0.9999999999999999,0.10789183222958057
0.0011607299009507488,0.0,,0.0,0.3868312757201645,,,0.11451409033454883,0.0,0.1641221374045801,0.8936170212765959,0.9913006203035958,0.13107064017660044
0.0004618416929414764,0.0,0.42045454545454547,0.0,,,0.8022657054582903,0.12507161109039822,0.0,0.1641221374045801,0.8936170212765959,,0.1697019867549669
