0,1,2,3,4,5,6,7,8,9,10
,,0.0,0.0684931506849315,,,,,,,
,,,,,0.19718309859154928,0.16961130742049468,,,,0.2153846153846155
0.5840707964601769,0.10958904109589043,0.56,0.0684931506849315,,,,,0.3307086614173227,,0.2153846153846155
0.24778761061946908,0.39726027397260266,,,0.10684474123539231,,,,,,
0.24778761061946908,,0.0,0.06164383561643835,0.10517529215358931,,,0.567547723935391,,,
,,,,0.0951585976627713,,,,,,
0.23893805309734517,,0.0,0.02054794520547945,,,0.053003533568904596,,,,0.24615384615384617
0.256637168141593,,,0.3561643835616438,,0.22535211267605634,,0.567547723935391,0.4803149606299213,,
0.18584070796460184,,0.08,,,0.19718309859154928,,,,,
,0.2602739726027397,,0.3561643835616438,0.09849749582637728,,0.3392226148409894,,0.4803149606299213,,
0.08849557522123891,,,,,,,,,,
,0.33561643835616434,0.29,,,0.11267605633802817,0.0812720848056537,0.5381791483113005,0.4094488188976375,,
,0.3424657534246575,,0.19863013698630136,,0.7183098591549296,,,0.3307086614173227,0.3293413173652695,
,0.3424657534246575,,0.20547945205479448,,,0.5017667844522967,,,0.35928143712574856,
0.24778761061946908,,,,0.12353923205342235,0.07042253521126761,0.0812720848056537,,,,
,,,,,,,0.5014684287812088,0.23622047244094446,,0.12307692307692308
,,,,0.10851419031719531,,0.19081272084805656,,,,
,,,,0.11686143572621036,,0.2296819787985866,0.5969162995594672,,,
,0.25342465753424653,,0.0958904109589041,,0.11267605633802817,0.215547703180212,0.4941262848751933,,,
0.1504424778761062,,0.16,,,,0.06007067137809187,0.3986784140969206,,,
,,,,0.11352253756260433,,,,,0.155688622754491,
0.2920353982300885,,,0.04794520547945205,,0.1267605633802817,,,0.3385826771653542,,
,,0.0,,,,,,0.5748031496062991,,
,,,0.07534246575342465,,,,,,,0.2153846153846155
0.18584070796460184,0.3801369863013699,,,0.12854757929883137,,,,,,
,,,0.1095890410958904,,,,0.47944199706314805,,,
,,,,,,0.37809187279151946,,0.3385826771653542,0.1976047904191617,0.2153846153846155
,,,,,,,0.6262848751835577,0.5196850393700787,0.1317365269461078,
,,0.14,,,,0.03180212014134276,,,0.1616766467065868,
,,,0.0821917808219178,,,,0.4941262848751933,,,
,,,0.0410958904109589,,,,0.28854625550661694,,0.08982035928143708,0.2153846153846155
,0.226027397260274,,,,0.15492957746478872,,,0.46456692913385833,,0.32307692307692304
0.23893805309734517,0.226027397260274,,,0.1035058430717863,,0.28621908127208484,,,0.29940119760479045,
,0.25342465753424653,,,,0.09859154929577466,0.028268551236749116,,,,
,,,,,,,,,0.1137724550898204,
,,,,,,,,,,0.12307692307692308
,,,,,,0.10954063604240281,0.5014684287812088,0.40157480314960603,,
,0.13013698630136986,,,0.1035058430717863,,,0.3913362701908909,,,
0.3716814159292037,0.3698630136986301,,0.0547945205479452,,,,,,,0.12307692307692308
,,0.36,,,,,,0.3622047244094486,0.13772455089820365,
,,0.15,,,,0.23674911660777387,,0.3385826771653542,,0.2769230769230768
0.2743362831858408,,0.04,0.19863013698630136,,,0.13780918727915192,,0.47244094488188937,,
,0.3493150684931507,,,,,,,,,0.15384615384615397
,,0.31,,0.1035058430717863,0.11267605633802817,0.1413427561837456,,,0.125748502994012,
,,,0.08904109589041095,,,,,,,0.12307692307692308
,,,,,,,,,,0.13846153846153864
,,,,,0.15492957746478872,,,,0.17365269461077845,
0.23008849557522126,,,,0.12353923205342235,,,0.4500734214390576,0.5275590551181102,0.035928143712574856,
,,,,,,0.0176678445229682,,0.5275590551181102,0.035928143712574856,
,0.3493150684931507,,,,0.19718309859154928,,0.48678414096916356,,0.125748502994012,0.1692307692307693
,,,0.0821917808219178,0.12687813021702837,,0.31802120141342755,,,,
,,,0.0684931506849315,0.12020033388981635,0.23943661971830985,,,,0.08982035928143708,
0.32743362831858414,,,,0.12020033388981635,,,0.55286343612336,,,0.12307692307692308
,,,,,,,,,,
,0.43150684931506844,,,,,,0.42070484581498135,,0.1137724550898204,
,,,0.0410958904109589,,,,,,0.47305389221556904,
,,,0.0684931506849315,,0.295774647887324,,,,,
,,,,0.12353923205342235,,,0.5088105726872243,,,
,,,0.06164383561643835,0.6494156928213689,,,,0.3307086614173227,0.4850299401197605,
,0.1232876712328767,,0.06164383561643835,,,,0.42804698972099686,0.5511811023622046,,
,,0.15,,0.10684474123539231,,0.12014134275618375,,,,
0.35398230088495575,0.25342465753424653,,0.0684931506849315,0.16360601001669448,,0.45936395759717313,0.5234948604992695,,,
,,,,,,0.4204946996466431,,,,0.1692307692307693
,,0.08,,0.10684474123539231,,0.0636042402826855,0.567547723935391,,,
0.35398230088495575,,0.28,,,0.26760563380281693,0.45936395759717313,,,,
,,0.26,0.0684931506849315,,,,,,,
,,0.04,,0.05509181969949915,,0.2791519434628975,,,0.08982035928143708,
,,,,0.15025041736227043,,,,0.5590551181102361,0.13772455089820365,
0.3097345132743363,,,0.0684931506849315,,,,,0.44094488188976344,,
,,,,0.12020033388981635,,0.15547703180212014,0.5234948604992695,,,0.2769230769230768
0.2831858407079646,,,0.0684931506849315,0.10517529215358931,,0.05653710247349823,0.42804698972099686,,,0.3076923076923077
0.3097345132743363,0.3116438356164383,,,,0.15492957746478872,,0.48678414096916356,,,0.12307692307692308
,,0.68,0.0547945205479452,,,0.22261484098939927,0.530837004405285,,,
,0.14383561643835616,,,,,,0.55286343612336,,,
,,,,0.18363939899833054,0.5070422535211268,0.5194346289752649,0.5014684287812088,,,0.13846153846153864
,,,,,0.14084507042253522,,,0.3228346456692912,,
0.48672566371681414,0.13013698630136986,0.44,0.0958904109589041,0.11352253756260433,,,,,,0.19999999999999996
,,,0.06164383561643835,,,0.1448763250883392,,,0.35928143712574856,
,,0.12,,,,,0.5088105726872243,0.49606299212598426,,0.15384615384615397
,0.2945205479452055,,,,,,,0.3700787401574801,0.1616766467065868,0.3846153846153846
,,,,0.1419031719532554,,,0.42804698972099686,0.47244094488188937,,
,,,0.0547945205479452,0.27712854757929883,,,,,0.1437125748502994,
0.3716814159292037,,,0.08904109589041095,,,,,,0.1616766467065868,
,,,,,0.02816901408450704,,,0.590551181102362,,
,,,0.11643835616438356,,,,,,0.1197604790419162,
,,,,0.11686143572621036,,0.3392226148409894,,0.5118110236220472,,
,,,,,,0.2968197879858657,,,,
,,0.0,,,,,,,0.09580838323353294,
0.3097345132743363,,,,0.11686143572621036,0.02816901408450704,,,,,0.3846153846153846
,,0.15,0.06164383561643835,0.10016694490818029,0.07042253521126761,,,,0.1437125748502994,0.15384615384615397
,,0.09,,,0.22535211267605634,,,0.7007874015748028,,
0.2920353982300885,0.6301369863013698,0.05,0.08904109589041095,,,,,,0.1317365269461078,
,0.30136986301369867,,,,,,,0.46456692913385833,,
,,,,,,0.36042402826855124,,,,
,0.42808219178082185,,,,,,0.47209985315713254,0.35433070866141714,,0.18461538461538463
0.05309734513274339,0.15068493150684933,,0.06164383561643835,,0.36619718309859156,0.20141342756183744,,0.7401574803149606,0.27544910179640725,
0.1504424778761062,0.18493150684931509,,,0.09015025041736227,,,,,0.1497005988023952,
,,0.0,,,,,,,,
,0.25342465753424653,,,0.3739565943238731,0.1267605633802817,,,,,
,,,,,,0.08480565371024736,0.42804698972099686,,,
,,0.44,0.13013698630136986,0.12854757929883137,,,0.5455212922173303,,,0.32307692307692304
0.4070796460176991,,,,,0.4366197183098592,,,,,
,,,,0.09682804674457429,,,0.530837004405285,,,
,,,0.31506849315068486,,0.3943661971830986,,,,,
0.22123893805309736,,0.42,,,,,,,,0.32307692307692304
,,0.0,,,,,,,0.10179640718562874,0.13846153846153864
0.19469026548672563,,,,0.11185308848080133,,,0.4941262848751933,,,
0.2654867256637168,,0.03,,,0.08450704225352114,,,,0.13772455089820365,0.18461538461538463
,,,,,,,,,0.09580838323353294,
0.23893805309734517,,0.26,,0.09682804674457429,,0.40636042402826855,,,,
,,,,0.14691151919866444,,,,,0.17365269461077845,
0.3008849557522124,0.2054794520547945,0.17,,0.10183639398998329,,0.04240282685512367,0.5234948604992695,0.43307086614173196,,
,,0.17,,,,,,,,0.12307692307692308
,,0.05,,,0.323943661971831,,,0.5354330708661417,,0.476923076923077
,,,,,,,0.4427312775330421,,,
,,,,,0.25352112676056343,0.15194346289752653,,,,
,,0.42,,,,,,0.6614173228346458,,
,,,,,0.14084507042253522,0.20848056537102472,0.516152716593254,0.6299212598425195,,0.13846153846153864
,,,0.0684931506849315,,,,,,,
0.2920353982300885,0.2602739726027397,,,0.12020033388981635,,,0.4941262848751933,,0.1317365269461078,
0.2920353982300885,,0.32,0.0684931506849315,,,,0.4941262848751933,,0.1317365269461078,0.1692307692307693
,,,,,,,,,,
,,,,0.14524207011686144,0.2112676056338028,,,,,0.1692307692307693
,,,,,,0.07773851590106007,,,0.1317365269461078,
,0.3150684931506849,0.3,,,,0.17314487632508835,,0.5669291338582676,,
0.0707964601769912,,,,,0.16901408450704225,0.30742049469964666,,,,
,0.136986301369863,,,0.07345575959933222,,0.0636042402826855,,0.3779527559055116,0.2934131736526946,
0.3716814159292037,,0.48,,,,,0.5455212922173303,0.23622047244094446,,0.13846153846153864
,,,0.0410958904109589,,0.2112676056338028,,,0.48818897637795233,,
,0.2054794520547945,,,,,,,0.47244094488188937,0.1317365269461078,0.12307692307692308
,,,0.11643835616438356,,,0.07773851590106007,,,,0.36923076923076925
,,,0.11643835616438356,,,,,,,
0.2831858407079646,,,,,,,,0.43307086614173196,0.1197604790419162,
,,,0.13013698630136986,,,,,,,0.24615384615384617
0.6194690265486726,0.2191780821917808,,,,,,0.5822320117474362,,,
,0.3458904109589041,,,,,,,,,
0.3097345132743363,0.41438356164383555,,,0.10016694490818029,0.14084507042253522,,,0.48818897637795233,,
0.256637168141593,0.25342465753424653,,,0.10684474123539231,,,,0.5118110236220472,0.125748502994012,0.19999999999999996
,0.2808219178082192,,,,,0.48763250883392223,0.4757709251101403,,0.1616766467065868,
,0.15068493150684933,0.37,,,,0.18374558303886923,0.4647577092511028,,,
,,,,,,,,,,
,,0.25,0.07534246575342465,,,,,,,0.24615384615384617
,,,,0.12854757929883137,,,0.5418502202643225,0.44881889763779537,,
,,0.5,,0.5425709515859767,,,,0.23622047244094446,,
0.2743362831858408,,,,,,0.20141342756183744,,,0.1497005988023952,
0.20353982300884965,,,0.11643835616438356,0.11519198664440736,,0.10954063604240281,,0.5669291338582676,,
,0.2465753424657534,,,,0.25352112676056343,0.35335689045936397,,,0.17365269461077845,0.5846153846153845
,,,0.11643835616438356,,,0.10954063604240281,,,,
,,0.09,,,,0.10954063604240281,,,,
,,,,,0.18309859154929578,,0.4904552129221855,,,
0.23008849557522126,,0.0,0.0684931506849315,,0.19718309859154928,,0.4904552129221855,0.49606299212598426,,0.12307692307692308
,,,0.0958904109589041,,,,,,,0.0923076923076922
,,,,,,,,,,
,,,,,,,,,,
,0.06164383561643835,,,,,,0.7327459618208678,0.2598425196850389,0.3053892215568863,
0.920353982300885,,0.44,,,,,,0.2598425196850389,,
,,0.0,,,,,,0.6850393700787398,0.3772455089820359,
,,,,0.10517529215358931,0.2112676056338028,0.1590106007067138,,0.5039370078740153,0.1137724550898204,0.1692307692307693
0.3185840707964601,,0.17,0.0958904109589041,,,,,,,0.13846153846153864
,,,,0.08514190317195325,,0.10954063604240281,,0.3779527559055116,,
0.22123893805309736,,0.0,,,,,,,0.2215568862275449,
0.5752212389380531,,0.48,,,,,,0.3385826771653542,,
,,,,,,,0.4904552129221855,,,
,,0.0,,,,,,,,
,,,0.06164383561643835,0.9999999999999999,,,0.4941262848751933,0.25196850393700787,,
0.47787610619469034,0.13013698630136986,,0.11643835616438356,,,,,0.48818897637795233,,
,,,,,0.23943661971830985,,0.45374449339206535,,0.1916167664670659,0.13846153846153864
0.21238938053097345,0.5856164383561643,,,0.12520868113522537,,,,0.4803149606299213,,
,,,,0.10851419031719531,,,,,,
,,,0.10273972602739725,,,,0.7217327459618303,,0.32335329341317365,
0.20353982300884965,,,,,0.08450704225352114,,,,0.34730538922155696,
0.6106194690265487,,0.51,,0.15358931552587646,,,,,,
,,0.06,,,0.36619718309859156,,,,,
,0.17123287671232873,,0.21232876712328766,,0.22535211267605634,,0.6813509544787024,,,0.2615384615384615
,,0.2,,,,,,,,
0.256637168141593,,,,,,,,,0.26347305389221565,
0.2920353982300885,,0.06,,,,,,,0.2035928143712575,
0.20353982300884965,0.2876712328767123,,0.14383561643835616,,,,,,,
,0.0410958904109589,0.51,,,,,,,,
,,,0.37671232876712324,,,0.02473498233215548,,,0.2934131736526946,
,,,,,0.1267605633802817,,,0.5039370078740153,,0.32307692307692304
,,,,,,,,0.29921259842519676,,
0.654867256637168,,0.55,0.07534246575342465,,,0.15194346289752653,0.7070484581497851,,,
0.6194690265486726,,,0.1643835616438356,,,,,,0.37125748502994016,
,0.273972602739726,,,,,,,,0.3173652694610779,
,,0.48,0.07534246575342465,,,0.04240282685512367,,,,
0.5132743362831859,,0.23,,,,,,0.3779527559055116,,
,0.15068493150684933,,,,,,0.831864904552134,,,
,0.48630136986301364,0.37,,,,0.22614840989399293,0.5895741556534517,,,0.23076923076923084
0.22123893805309736,0.3493150684931507,,0.07534246575342465,,,0.0812720848056537,0.6226138032305499,0.7322834645669292,0.2395209580838323,
0.23008849557522126,,,,0.13689482470784642,,0.08833922261484099,0.6776798825256947,,0.281437125748503,
,,0.06,0.11643835616438356,,,0.13427561837455831,,,,
,,,,0.09348914858096828,,,,0.3779527559055116,,0.2615384615384615
,,,,,,0.07773851590106007,0.6850220264317244,,,
,,,,,0.07042253521126761,0.06713780918727916,0.7143906020558006,0.29921259842519676,0.155688622754491,
,,,,,,,,,,
,,0.44,,0.33722871452420705,,,,,,
,,0.38,0.0547945205479452,0.08347245409015025,,,,,,
,,,,0.08514190317195325,,,0.7143906020558006,0.29921259842519676,,
,,,,,0.25352112676056343,0.3250883392226149,0.5932452276064595,,,
,,0.29,,0.12520868113522537,0.35211267605633806,0.2332155477031802,,,0.2095808383233533,0.40000000000000013
0.22123893805309736,0.15753424657534243,0.29,,,0.26760563380281693,,,0.5354330708661417,,0.40000000000000013
,0.30136986301369867,,,,0.5070422535211268,,0.6997063142437696,,0.1916167664670659,0.2615384615384615
0.4424778761061947,0.4452054794520548,,,,,,,0.44094488188976344,0.18562874251497005,
0.4601769911504425,,,,,0.28169014084507044,0.1872791519434629,,,,
,0.4452054794520548,,,0.11686143572621036,,,0.6299559471365654,,,
,,0.39,,,,,,,0.2275449101796407,
0.4159292035398231,,,,0.13021702838063437,0.33802816901408456,,0.7107195301027929,0.393700787401575,0.17365269461077845,
,0.3424657534246575,0.05,,,,,,,,
,0.32191780821917804,,,0.13021702838063437,0.47887323943661975,0.23674911660777387,,0.4251968503937005,0.2215568862275449,
,,,0.6917808219178081,0.09849749582637728,0.16901408450704225,0.15547703180212014,,,,0.12307692307692308
0.47787610619469034,,0.2,,,0.16901408450704225,,,0.3307086614173227,0.21556886227544905,0.12307692307692308
,0.2191780821917808,0.5,0.24657534246575344,,0.056338028169014086,,,,,
0.7787610619469028,,,0.11643835616438356,,,0.053003533568904596,,0.3307086614173227,,
,,,,0.08180300500834724,,0.03180212014134276,,0.34645669291338566,0.17365269461077845,
,,,,,0.1267605633802817,0.12367491166077739,,0.38582677165354307,0.1976047904191617,
,0.1643835616438356,,,0.18363939899833054,,0.12367491166077739,,,,0.6307692307692307
,,0.28,0.15753424657534246,,,,,,,0.15384615384615397
,0.30136986301369867,,,,0.2112676056338028,,,,,
0.2920353982300885,,,,,,,0.4574155653450873,,0.24550898203592816,
,,,,,,0.053003533568904596,,,0.3053892215568863,
,0.21232876712328763,0.45,0.0684931506849315,,0.07042253521126761,0.0353356890459364,0.34728340675478364,,,
0.6902654867256637,,,,,0.3802816901408451,0.3286219081272085,0.7878120411159983,,,
,,,,,0.1267605633802817,,0.7290748898678459,,0.5089820359281437,
,,,,,,,,,,
,,,0.06164383561643835,,,,0.5969162995594672,0.44094488188976344,,0.2153846153846155
0.5575221238938054,,,0.06164383561643835,,,,0.5969162995594672,,,
0.6460176991150444,0.30821917808219174,,0.11643835616438356,,,,0.7731277533039673,,,
,,,0.0684931506849315,,,,0.5748898678414207,0.6771653543307088,0.28742514970059885,
0.17699115044247782,,,,,,0.0989399293286219,0.3986784140969206,,,0.6000000000000001
0.8141592920353984,,0.67,,,0.07042253521126761,,,0.2204724409448815,0.35928143712574856,
0.4424778761061947,,,,0.12854757929883137,,0.1413427561837456,0.5748898678414207,,,0.24615384615384617
,,,,,,,,,,
,0.46232876712328763,,,,,,,,,
,,0.0,,,0.09859154929577466,,0.5381791483113005,,,
,0.06164383561643835,0.4,,,0.5563380281690141,,,,,
,,,,0.17362270450751252,,,,0.393700787401575,,
,,,0.11643835616438356,,,0.12367491166077739,,,0.2095808383233533,0.2153846153846155
0.3185840707964601,,,,0.14524207011686144,,,0.530837004405285,,,
0.6460176991150444,,0.66,,0.10016694490818029,0.07042253521126761,0.10954063604240281,,,0.13772455089820365,
,,,,,,,,,,0.2769230769230768
,,0.66,0.3356164383561644,,,,,,,
,,,,0.15859766277128548,0.08450704225352114,,,,,
0.7256637168141593,,,0.3356164383561644,,,0.12720848056537104,0.8906020558003007,,0.2395209580838323,
,0.15068493150684933,,0.13013698630136986,,,,0.7143906020558006,0.34645669291338566,,0.15384615384615397
,,,,,,,0.4500734214390576,0.3622047244094486,,0.5538461538461539
,0.0821917808219178,,,,,,0.48678414096916356,0.4566929133858264,,0.04615384615384599
,,,0.06164383561643835,,,0.1413427561837456,,,0.4251497005988025,
0.24778761061946908,,,,,0.15492957746478872,0.2332155477031802,0.42804698972099686,0.24409448818897594,0.17964071856287425,
,0.2876712328767123,,0.23972602739726026,0.18697829716193656,0.07042253521126761,,,0.21259842519685002,,
0.6106194690265487,,,,,,,0.7511013215859066,0.4094488188976375,,0.40000000000000013
,,0.53,0.10273972602739725,,,,,,0.47904191616766467,
,,0.38,,,,,,,,
0.32743362831858414,,0.42,,,,,,0.3700787401574801,,
0.32743362831858414,,,0.07534246575342465,,,,0.5381791483113005,,0.281437125748503,0.15384615384615397
,,,,0.12520868113522537,,0.16961130742049468,,,,0.12307692307692308
0.24778761061946908,0.3493150684931507,,,0.13021702838063437,,,,,,
,,,,,0.3098591549295775,0.14840989399293286,0.5895741556534517,,,
,,,0.0684931506849315,0.11185308848080133,,,0.5234948604992695,,0.125748502994012,
,,,,,,0.16607773851590107,0.5895741556534517,0.5433070866141732,0.24550898203592816,
,0.1780821917808219,,0.1095890410958904,,,,,,0.2215568862275449,
,,,,,,0.28975265017667845,,,,
0.8053097345132743,,,,0.12186978297161938,,,,0.25196850393700787,,
0.4336283185840708,,,,,,0.0706713780918728,,,,
,,,,0.1669449081803005,,0.31448763250883394,,,0.125748502994012,
,,0.65,,,0.07042253521126761,,,,0.1437125748502994,0.23076923076923084
0.654867256637168,,0.76,,,,,0.7584434654919221,,,
,,,0.11643835616438356,,,0.15194346289752653,,0.34645669291338566,0.1916167664670659,
0.36283185840707965,,,,,,,0.4574155653450873,0.2834645669291338,0.1317365269461078,0.15384615384615397
,0.0958904109589041,0.3,0.0547945205479452,,,,,0.43307086614173196,0.08383233532934128,0.36923076923076925
,0.2465753424657534,,0.11643835616438356,0.12186978297161938,,0.2049469964664311,,,,
,,,,,,,,,,
,,0.05,,0.10517529215358931,0.19718309859154928,,,,0.16766467065868265,
,0.2191780821917808,,,,0.11267605633802817,,,,0.1916167664670659,
,,,,0.1352253756260434,0.15492957746478872,0.08480565371024736,,,,
,0.15068493150684933,,,,,,,0.35433070866141714,,
,,,,,,0.15194346289752653,,,,
0.22123893805309736,,,,,,,0.47944199706314805,,0.18562874251497005,
,0.1917808219178082,,0.3972602739726028,0.1419031719532554,,,,,,0.5076923076923077
,0.273972602739726,0.34,0.1232876712328767,,0.323943661971831,0.4098939929328622,,,,0.1692307692307693
,,,,0.17529215358931552,,,,0.4566929133858264,,
,,,,0.09015025041736227,0.46478873239436624,,0.55286343612336,,,
,,0.33,,,,0.215547703180212,,0.4251968503937005,,
,,,,0.07846410684474123,,,,,,
,,,,,0.19718309859154928,,,,,
0.5221238938053098,,0.47,0.0821917808219178,,,,0.567547723935391,,0.3413173652694611,0.40000000000000013
,,,,,,,,,0.06586826347305388,0.3846153846153846
,,,,,,0.14840989399293286,,0.6141732283464565,0.13772455089820365,
,,,,,,,,,0.09580838323353294,
0.4336283185840708,0.452054794520548,0.22,,0.10851419031719531,,,0.6409691629956029,,,0.33846153846153837
,,0.33,,,,,,0.393700787401575,,0.13846153846153864
0.5221238938053098,,0.47,0.0821917808219178,,,,,,,
,,,,0.11018363939899833,,,,,,
,,,,,,,,,,0.23076923076923084
,,,,,,,0.7584434654919221,,,
0.3008849557522124,,,0.07534246575342465,,,,,0.4094488188976375,,
,0.19863013698630133,,,,0.295774647887324,,,,,0.23076923076923084
0.21238938053097345,,,,0.08347245409015025,,,0.36930983847283017,0.26771653543307083,,
0.7079646017699115,0.13013698630136986,,,0.10016694490818029,,,,,0.2934131736526946,
,,0.76,0.19178082191780824,0.14691151919866444,,,,,,
,,,,0.10851419031719531,0.14084507042253522,,,0.38582677165354307,0.17964071856287425,0.49230769230769234
,,0.01,,,,0.07420494699646643,0.24449339207048126,0.6535433070866139,,0.6307692307692307
,,0.1,,0.11185308848080133,,0.08833922261484099,,,0.13772455089820365,0.2615384615384615
0.4159292035398231,,,,0.19198664440734559,,,,,,0.4307692307692308
,,,0.07534246575342465,,,,,,,
,,,,,0.22535211267605634,0.10247349823321555,0.6850220264317244,,0.16766467065868265,
,0.17123287671232873,0.53,,,0.11267605633802817,,,,,0.10769230769230775
,,0.63,,0.12020033388981635,,0.05653710247349823,,,,
,,0.4,0.04794520547945205,,0.28169014084507044,,0.3766519823788599,,,0.41538461538461546
,0.3424657534246575,0.67,,,,,,,,0.7692307692307694
,,,0.1232876712328767,0.1419031719532554,0.3943661971830986,,0.6409691629956029,0.4251968503937005,,0.18461538461538463
,,,,,0.18309859154929578,,,,0.16766467065868265,
,0.0958904109589041,,0.11301369863013697,0.12186978297161938,0.1267605633802817,,,,,
,,,,,,,,0.26771653543307083,,
,0.2602739726027397,0.42,,,,,,,,
,,,0.0821917808219178,,,,,,,0.12307692307692308
,,,,,0.49295774647887325,0.14840989399293286,,,,0.2153846153846155
,,,,,0.19718309859154928,,,0.24409448818897594,,
,,,,0.11519198664440736,,,,,0.2275449101796407,
,0.17123287671232873,,0.11643835616438356,,,0.21908127208480566,,,,
,0.10958904109589043,0.51,,0.11352253756260433,,0.0636042402826855,,,0.33532934131736536,0.15384615384615397
0.4424778761061947,,0.24,,,,0.07773851590106007,,0.3149606299212597,,
0.4159292035398231,,,,,0.07042253521126761,,,,0.2215568862275449,0.19999999999999996
,,0.11,0.1232876712328767,,,,,,,
,,,,,0.07042253521126761,0.038869257950530034,,,,
,,,,,0.07042253521126761,0.04240282685512367,,,0.43113772455089827,0.15384615384615397
,,0.68,,,,0.0636042402826855,,0.25196850393700787,0.1976047904191617,
0.49557522123893805,,,,,0.07042253521126761,,,0.3385826771653542,,
,,0.39,0.0684931506849315,,,0.038869257950530034,,,0.08383233532934128,
0.4159292035398231,0.4486301369863014,,0.13013698630136986,,,,,,0.2035928143712575,
0.4070796460176991,0.19863013698630133,,0.1095890410958904,,,0.06713780918727916,,,,
,,,,0.0667779632721202,,0.07420494699646643,,,0.3413173652694611,
,0.39041095890410954,,,,,,,0.5826771653543306,,0.49230769230769234
,,,,0.06510851419031718,0.3802816901408451,,0.3766519823788599,,0.1317365269461078,
0.5398230088495575,,,0.11643835616438356,,,0.0353356890459364,0.5234948604992695,,,
,0.273972602739726,0.25,,,,,,,0.1916167664670659,0.0923076923076922
,0.15753424657534243,0.53,,,0.056338028169014086,0.0353356890459364,0.5234948604992695,,,
0.2831858407079646,,,0.0684931506849315,0.11519198664440736,,0.11307420494699648,,0.5433070866141732,,
,,,,0.1035058430717863,,0.2473498233215548,0.6556534508076339,,,
0.5132743362831859,,,,,0.5211267605633804,,,0.3385826771653542,,0.5538461538461539
,,,,,,,0.55286343612336,,,
,,,,,,,,,,
0.47787610619469034,,,0.08904109589041095,,,,0.6850220264317244,,,0.2769230769230768
,0.11643835616438356,0.75,0.13013698630136986,,0.3098591549295775,,,,,0.4615384615384617
,,,,0.18864774624373956,,,0.5822320117474362,,,
,0.2671232876712329,,,,0.07042253521126761,0.03180212014134276,,,,
,,,,,0.07042253521126761,0.03180212014134276,,,,
0.6991150442477876,0.3287671232876712,0.49,,0.14691151919866444,,,,,,
0.23893805309734517,,,,,0.5352112676056339,,0.47944199706314805,,,
,0.08904109589041095,0.49,,0.12687813021702837,,,,,,
,,0.49,,,,,,0.5826771653543306,,
,,0.49,0.1095890410958904,,,,0.567547723935391,,0.1317365269461078,
,0.16780821917808217,,0.1095890410958904,,,0.35335689045936397,,,,
,,,,,,0.2791519434628975,,,0.26347305389221565,
,,,,0.10851419031719531,0.07042253521126761,,,,0.1437125748502994,
,0.1780821917808219,,,,,,,,,
,,,,,,,,,,
0.47787610619469034,,,0.1232876712328767,0.15025041736227043,,,,,,
0.3982300884955752,,,0.0821917808219178,0.11018363939899833,,,,,0.32335329341317365,
,0.3493150684931507,0.24,,,,,0.5381791483113005,0.2755905511811019,,0.15384615384615397
,,0.24,0.0821917808219178,0.12020033388981635,0.056338028169014086,0.02473498233215548,,0.49606299212598426,0.26347305389221565,
,,,,,,0.10247349823321555,,,,
,,,0.29109589041095896,,,,,,,
,,,0.1643835616438356,,,,0.6409691629956029,,0.2035928143712575,
,,0.49,0.36986301369863006,,,,,0.3700787401574801,,
,,,0.0821917808219178,,,,,,0.155688622754491,
,,0.24,0.1095890410958904,,,,0.6776798825256947,,,
,,0.74,,,,0.03180212014134276,0.7878120411159983,,,
,0.23972602739726023,0.49,,,,0.35335689045936397,0.5969162995594672,,,
,,0.24,,,,0.07773851590106007,,0.5590551181102361,0.2694610778443114,0.1692307692307693
0.5309734513274336,,,,0.09181969949916528,,0.053003533568904596,,,,
,,,0.11643835616438356,0.11185308848080133,,,,,,
0.19469026548672563,,,,,,0.06713780918727916,,,,0.1692307692307693
,0.2328767123287671,,,,,,,,,
0.9646017699115044,,,,0.13856427378964942,,,,,,
,,,0.22602739726027396,,,,,,0.24550898203592816,
0.5575221238938054,,0.49,,,0.1267605633802817,,,,,0.5076923076923077
,,,0.22602739726027396,0.13856427378964942,,0.06007067137809187,,0.14173228346456668,,0.41538461538461546
0.7433628318584071,0.23972602739726023,,0.23287671232876708,0.12186978297161938,,,,0.44094488188976344,,
,,0.49,0.13013698630136986,,0.056338028169014086,,0.6850220264317244,,0.1437125748502994,
,0.2191780821917808,,,0.11018363939899833,,,0.567547723935391,,0.1497005988023952,
,,,0.1232876712328767,0.1335559265442404,,,,,0.16766467065868265,
0.7168141592920354,0.3287671232876712,,,,,,,,,0.4615384615384617
,0.39726027397260266,0.24,,0.3572621035058431,,,,,,
0.4601769911504425,,,,,,,0.6556534508076339,,0.27544910179640725,
,,0.24,0.08904109589041095,,,,,,,
,,,0.1643835616438356,0.09682804674457429,,0.10954063604240281,,,,
,,,,,0.1267605633802817,,,,,
,0.32191780821917804,,,,,,,,,
,0.15068493150684933,0.49,0.15753424657534246,0.11018363939899833,0.26760563380281693,,,0.35433070866141714,,0.24615384615384617
,,,,0.11185308848080133,0.3802816901408451,0.1413427561837456,,,,
,0.2602739726027397,,0.0958904109589041,0.15191986644407343,,,,,,
0.5309734513274336,,0.49,,0.08514190317195325,,,0.55286343612336,,,
0.68141592920354,,,,0.12854757929883137,0.056338028169014086,,,0.35433070866141714,,
,,,,,,,0.7290748898678459,,0.059880239520958084,
,0.10958904109589043,0.49,,,0.1267605633802817,0.053003533568904596,0.55286343612336,,0.1976047904191617,
,,,,,,,,,,0.3538461538461537
,0.2671232876712329,,0.10273972602739725,,0.09859154929577466,0.11307420494699648,,,,
0.03539823008849563,,0.24,,,,,,0.7716535433070866,,0.8615384615384618
0.49557522123893805,0.11643835616438356,,,0.07846410684474123,,,0.55286343612336,,,
,,0.49,,,0.28169014084507044,0.24381625441696114,0.6336270190895874,,,
,,0.49,,,,,0.15638766519823832,,0.10179640718562874,
0.46902654867256643,0.25342465753424653,,,,,0.13074204946996465,,,,0.0923076923076922
0.2920353982300885,,,,,,,,0.5196850393700787,,
0.6902654867256637,,,0.07534246575342465,,,,0.6850220264317244,0.23622047244094446,0.1616766467065868,
0.6460176991150444,0.3150684931506849,,,,,,0.5822320117474362,0.2755905511811019,,0.24615384615384617
0.34513274336283184,,0.18,,,0.056338028169014086,0.08480565371024736,0.48678414096916356,,,
,,0.45,0.0958904109589041,,,0.05653710247349823,,0.20472440944881853,,0.13846153846153864
,,,,,0.15492957746478872,0.10247349823321555,0.7731277533039673,0.2834645669291338,,
,,,,,,,0.7731277533039673,,,
,0.3150684931506849,,,0.14023372287145242,,,,0.3385826771653542,,
,,0.48,,,,0.04946996466431096,,0.47244094488188937,,
,0.363013698630137,,0.28767123287671226,,0.14084507042253522,,,,,0.3076923076923077
,0.1643835616438356,0.19,,0.10517529215358931,,,,0.6456692913385824,,
,,0.54,,,0.33802816901408456,,0.604258443465497,0.5118110236220472,,
,,0.38,,,,,,0.4094488188976375,0.24550898203592816,0.2153846153846155
,,,0.08904109589041095,,,,,,,
,,,,,,,0.7070484581497851,,,
0.4424778761061947,,,,0.11185308848080133,,0.2296819787985866,,,,
,0.2328767123287671,,,,,,,,,
0.5929203539823009,,,,0.12687813021702837,0.07042253521126761,,0.6409691629956029,,0.281437125748503,
,,0.23,,,,,,,0.17365269461077845,0.15384615384615397
0.47787610619469034,0.3150684931506849,0.22,,,,,,0.30708661417322825,0.1317365269461078,0.1692307692307693
0.2920353982300885,,0.25,,,0.28169014084507044,0.13780918727915192,,,0.3772455089820359,
0.19469026548672563,,,0.32191780821917804,,,0.18374558303886923,0.7070484581497851,,,
,,,0.08904109589041095,0.14357262103505844,,,0.6409691629956029,,,0.10769230769230775
0.3716814159292037,,,,,,0.03180212014134276,0.6409691629956029,,,
,0.2876712328767123,,,0.1419031719532554,,0.08833922261484099,0.55286343612336,,,0.13846153846153864
0.36283185840707965,,,,0.1419031719532554,0.08450704225352114,,,0.417322834645669,,
,,,,,0.056338028169014086,,,0.40157480314960603,,
0.2654867256637168,,,,,,,0.4647577092511028,,,
0.48672566371681414,,0.22,0.17123287671232876,,0.14084507042253522,,,0.5433070866141732,,
,,,0.0684931506849315,,,0.3392226148409894,,,,
0.4424778761061947,,,,0.12353923205342235,,0.4982332155477032,0.5748898678414207,,,
,,,,,,0.4911660777385159,,,0.1197604790419162,
,,,,,,,,0.4803149606299213,,
0.38053097345132747,0.11643835616438356,,,,0.33802816901408456,,,,,0.2923076923076924
,,,,,,,,,0.17365269461077845,
0.4336283185840708,,0.44,,,0.28169014084507044,,,,,0.1692307692307693
0.46902654867256643,,0.45,0.0958904109589041,0.09849749582637728,,0.12014134275618375,,,,0.15384615384615397
,,,,0.09849749582637728,,,0.6629955947136636,,,
,0.3767123287671233,0.05,,,0.07042253521126761,,,,,
0.36283185840707965,0.2465753424657534,0.3,,,,0.07773851590106007,,0.46456692913385833,,
,,,,,,,,,,
,,,,0.15692821368948245,,,,,,
,,,0.1095890410958904,0.15358931552587646,,,0.8024963289280436,,,
,,,,,,0.2296819787985866,,0.18897637795275557,,1.0000000000000002
,0.14383561643835616,0.59,,0.11185308848080133,0.11267605633802817,,,,,
,,0.47,,,,,,,,
0.5398230088495575,,,,,0.09859154929577466,0.09187279151943463,0.6262848751835577,,0.10179640718562874,
,,,,,,,,,,
0.22123893805309736,,0.02,,,,,,,,0.40000000000000013
0.23008849557522126,,,,,,,,,,
,,,0.04794520547945205,,,0.07420494699646643,,,,
,,,,,,,,,0.27544910179640725,
,,0.14,,0.12020033388981635,0.33802816901408456,0.14840989399293286,,0.3149606299212597,,0.19999999999999996
,,0.45,,,,,,,,0.12307692307692308
,,,0.0958904109589041,,,0.08833922261484099,,,0.1437125748502994,
,,,,,0.07042253521126761,,,,,0.12307692307692308
0.3185840707964601,,,0.0547945205479452,0.1035058430717863,,0.02473498233215548,,,,
0.4601769911504425,,,,,0.4366197183098592,,,,0.1197604790419162,
,,,0.0547945205479452,,0.056338028169014086,,,,0.1137724550898204,0.1692307692307693
,,0.41,,,,,,,,
,,0.39,,,,,,0.4094488188976375,0.1916167664670659,
0.5486725663716815,0.0958904109589041,,,,0.26760563380281693,0.15194346289752653,,,0.125748502994012,
0.3008849557522124,,,,,0.2112676056338028,,,,0.09580838323353294,
,,,,0.11018363939899833,,0.18374558303886923,,,,
,,0.23,0.11643835616438356,,,0.03180212014134276,,0.49606299212598426,,
0.22123893805309736,0.363013698630137,,0.06164383561643835,,0.16901408450704225,,,,,
0.2743362831858408,,,,,,,,,,0.15384615384615397
,,0.0,0.22945205479452055,,,0.028268551236749116,0.47944199706314805,,,
0.4070796460176991,,,,,0.15492957746478872,0.30742049469964666,0.7143906020558006,,,
,0.2465753424657534,,,0.12020033388981635,,,0.6116005873715125,,0.17365269461077845,
0.3893805309734514,0.23972602739726023,,,0.12020033388981635,,,,,,0.15384615384615397
0.04424778761061948,0.23972602739726023,0.02,0.0273972602739726,,0.23943661971830985,,,,,
0.21238938053097345,0.363013698630137,,0.0821917808219178,,,,,,0.2035928143712575,0.1692307692307693
,,,,,0.056338028169014086,,,,0.17365269461077845,
0.21238938053097345,0.363013698630137,,,,,,0.5234948604992695,,0.2035928143712575,
,,,,,0.11267605633802817,0.06007067137809187,,,0.2035928143712575,0.15384615384615397
0.256637168141593,,,0.11643835616438356,,,,,0.4566929133858264,,
,0.4417808219178082,0.04,,,0.04225352112676056,,,,,
0.24778761061946908,,,,,0.2112676056338028,0.10954063604240281,,,,
,,0.12,,0.09348914858096828,,,,,,
,,,0.04794520547945205,,,,,0.417322834645669,,
,,,,,,,,,0.16766467065868265,0.1692307692307693
,,0.0,,,0.16901408450704225,,,,,
0.3008849557522124,0.21232876712328763,,,,,,,0.47244094488188937,0.07784431137724554,
0.46902654867256643,,,,,,,,0.4251968503937005,0.10778443113772454,
,,,,0.10517529215358931,,,,,,0.15384615384615397
,,0.04,,,,,,,,
,0.2465753424657534,0.24,,,,,,,0.1197604790419162,
,,,,,,,,,0.155688622754491,
,,,,,,,,0.6299212598425195,,0.4307692307692308
,,,,,,,0.6850220264317244,,0.2335329341317365,
0.15929203539823011,,0.02,,,0.04225352112676056,,0.5088105726872243,0.5669291338582676,,
,,0.02,,0.09181969949916528,,,0.5088105726872243,0.5669291338582676,,
,,,0.15753424657534246,0.09849749582637728,,,,,,0.6615384615384614
0.38053097345132747,0.5171232876712328,,,,0.04225352112676056,,0.6850220264317244,0.5511811023622046,,
,,,,,0.1267605633802817,,,,,
,,0.34,,,0.2112676056338028,,0.5822320117474362,0.6377952755905509,,
0.2743362831858408,,0.2,,,,0.11660777385159012,0.6336270190895874,0.5826771653543306,,0.13846153846153864
,,0.1,,0.1669449081803005,,,,,0.10179640718562874,
0.2743362831858408,0.5787671232876712,,0.0821917808219178,0.1669449081803005,0.14084507042253522,0.05653710247349823,0.4574155653450873,,0.10179640718562874,
,0.32191780821917804,,,,,0.18374558303886923,,,,
,,0.0,,,0.25352112676056343,,0.6556534508076339,,0.1616766467065868,
,0.19863013698630133,,,,,0.33568904593639576,0.7466960352422944,0.30708661417322825,,
,,,,,,,,,,
0.23893805309734517,,0.18,,,0.15492957746478872,,0.5587371512481667,,0.2395209580838323,
,,,,0.09849749582637728,,0.08833922261484099,0.5535976505139502,0.6141732283464565,,
,,,0.0821917808219178,,,0.07773851590106007,,,,0.1692307692307693
0.32743362831858414,,,0.136986301369863,,,,,0.43307086614173196,,
,0.2465753424657534,,,,,,,0.2755905511811019,,
,,,,,,,0.35315712187959036,0.6771653543307088,,
0.3716814159292037,,,,,,,,,,
,,,0.07534246575342465,,0.056338028169014086,0.10247349823321555,0.536710719530106,0.40157480314960603,,
,0.39726027397260266,,,,,,,,,0.24615384615384617
,,,,,0.14084507042253522,0.13427561837455831,,,,
,0.32191780821917804,0.18,,,0.15492957746478872,0.24028268551236748,,0.3149606299212597,0.125748502994012,
,,,,0.15191986644407343,,,0.6835535976505156,,0.17365269461077845,0.1692307692307693
,,,,,0.323943661971831,0.31095406360424027,0.5411160058737181,,,0.19999999999999996
,,,,,,0.09187279151943463,,0.5118110236220472,,
,,,0.0958904109589041,,,,,,0.1197604790419162,0.19999999999999996
,0.30821917808219174,,,,,0.48763250883392223,,0.417322834645669,,0.15384615384615397
,,,,,,,0.5286343612334861,,,
,,0.0,,,,,,0.5433070866141732,,
,,,,,0.06338028169014086,0.14840989399293286,,,,
,,,,0.3823038397328882,0.07042253521126761,,0.4427312775330421,,,0.2923076923076924
,,,0.11643835616438356,,,,,,0.1616766467065868,0.2153846153846155
,,,,0.2971619365609349,,0.13780918727915192,0.4911894273127757,,0.1616766467065868,0.15384615384615397
0.16814159292035402,,0.14,,,,,,,,
,,,,,0.35211267605633806,,0.5925110132158693,,0.1197604790419162,
,,,0.1095890410958904,,,0.2791519434628975,,,,
,,,,,,,,,,
,0.30136986301369867,0.24,0.08904109589041095,,0.25352112676056343,0.18374558303886923,,,,
,0.3493150684931507,0.17,,0.14524207011686144,,,,0.2755905511811019,,0.13846153846153864
,,,,,,0.4381625441696113,,,0.125748502994012,
,0.33561643835616434,,,,0.22535211267605634,0.28621908127208484,,,0.1616766467065868,0.19999999999999996
,,,0.11643835616438356,0.0717863105175292,0.08450704225352114,,0.46402349486049843,,,
,,0.54,,,,,,0.3385826771653542,,
0.5486725663716815,,,,,,,,0.1968503937007875,0.5089820359281437,
,0.2328767123287671,,,,,,0.5425844346549269,,,0.18461538461538463
,0.2602739726027397,,0.18493150684931506,0.11686143572621036,,0.028268551236749116,,,0.1137724550898204,0.3538461538461537
,,0.34,,0.11686143572621036,,,0.6336270190895874,0.43307086614173196,0.1137724550898204,
,0.33561643835616434,,,,,,,,,
,,,0.1643835616438356,,0.09859154929577466,,,0.38582677165354307,0.06586826347305388,
,,0.08,0.1095890410958904,,0.18309859154929578,,,,,
0.3185840707964601,,0.4,0.10273972602739725,,,,,0.46456692913385833,,
,,,,,0.04225352112676056,0.014134275618374562,,,,
,,,,,,,,,,
0.24778761061946908,0.2808219178082192,0.12,,,0.04225352112676056,,,,,0.12307692307692308
0.2654867256637168,,,,,0.04225352112676056,0.03180212014134276,,,0.1317365269461078,0.2923076923076924
0.23893805309734517,,,,,,,0.4074889867841449,,,
,,0.55,,0.10016694490818029,,,,,,0.3846153846153846
,,0.24,,,,,,0.5511811023622046,,
,,,0.13013698630136986,0.15191986644407343,0.25352112676056343,,0.68428781204112,,0.2574850299401198,
,,,,,,,0.5954478707782727,,0.2275449101796407,
,,,,,0.09859154929577466,,,0.38582677165354307,0.1497005988023952,
,,,,,,,,,,
,,,,,,,,,0.24550898203592816,0.8615384615384618
,,,,,,,,,0.18562874251497005,
,0.10273972602739725,0.34,,,,,0.36930983847283017,,,0.40000000000000013
,,0.14,,,,0.10954063604240281,,,,0.3538461538461537
0.2831858407079646,0.30821917808219174,,,,,,0.301027900146849,,0.24550898203592816,0.6615384615384614
,0.33561643835616434,0.08,0.0821917808219178,,,,0.27092511013215415,,0.26347305389221565,0.41538461538461546
,,,,,,,,,,
,0.2191780821917808,0.42,,,,,,,,
,0.23972602739726023,0.44,0.04794520547945205,0.22537562604340566,0.49295774647887325,,,,0.3173652694610779,0.23076923076923084
,,,,,,,0.5044052863436264,,,
,0.3732876712328767,,0.0410958904109589,0.09015025041736227,,0.17314487632508835,,0.5118110236220472,,0.13846153846153864
,0.10958904109589043,,,0.0,,,,,,
,0.10958904109589043,0.28,0.10273972602739725,,,,,,,
,,0.04,0.08904109589041095,0.1335559265442404,,,0.46989720998531936,,,
0.5752212389380531,,,,,,,,,0.26347305389221565,
,0.3698630136986301,0.0,,,0.28169014084507044,,,,,
,,,,,,,,,,
,,,,0.12687813021702837,,,0.4574155653450873,,,
0.46902654867256643,0.08904109589041095,0.46,,,,,,,,
,,,,,,,,,,
,0.3561643835616438,,0.06164383561643835,,,,,0.6692913385826769,,
0.24778761061946908,0.3835616438356165,0.16,,,0.15492957746478872,0.11660777385159012,,,0.2215568862275449,
0.4159292035398231,,,,,,0.05653710247349823,0.5146842878120452,,,
,,,,,0.35211267605633806,0.4098939929328622,,0.3779527559055116,0.44311377245508987,
,,,,,,,,,,
,,0.39,,,,,0.4735682819383271,0.5748031496062991,,
0.3185840707964601,0.0958904109589041,,,,,,0.43098384728341443,0.5196850393700787,,0.44615384615384635
,,,,,,0.09187279151943463,0.4985315712187912,,,
,0.30136986301369867,,0.06164383561643835,,,,0.3164464023494986,,,0.4307692307692308
,,,,,,,0.2569750367107133,,0.1616766467065868,0.476923076923077
,,0.32,0.1232876712328767,0.09181969949916528,,,,,0.06586826347305388,
,,0.06,0.1095890410958904,,,,,,,
,,,0.11643835616438356,0.10851419031719531,,,,,,0.19999999999999996
,,,,,,,,,,
0.20353982300884965,0.2671232876712329,0.23,0.07534246575342465,,0.16901408450704225,,0.3164464023494986,,,0.4307692307692308
,,,,0.1035058430717863,,,,,0.2934131736526946,
,,,,0.11352253756260433,,,,,,0.3846153846153846
,,,0.0821917808219178,0.08681135225375626,,,0.2672540381791464,,0.1437125748502994,0.5230769230769232
,,,,,,0.1413427561837456,0.37812041116006867,,0.1437125748502994,
,,,,0.09181969949916528,,0.014134275618374562,,0.38582677165354307,,
,0.1780821917808219,,,0.15358931552587646,,0.014134275618374562,,,0.1916167664670659,0.5230769230769232
0.3716814159292037,,,,0.16193656093489148,,,,,,
,0.23972602739726023,,0.08904109589041095,,0.08450704225352114,,,,,
,,,,0.13689482470784642,,,,,,
0.23008849557522126,0.3287671232876712,0.04,,,0.23943661971830985,,,0.622047244094488,,
,,0.18,0.04794520547945205,,0.1267605633802817,,0.417767988252578,0.3228346456692912,,
,,0.0,,,0.4084507042253521,,,,,0.4615384615384617
,,,,,0.18309859154929578,0.0706713780918728,,,0.2694610778443114,
,0.3287671232876712,,0.1095890410958904,,,,,,,0.1692307692307693
,,,,,,,,,,
0.3893805309734514,0.4657534246575342,0.12,,,0.09859154929577466,,,,0.1916167664670659,
,,,,,,,0.4185022026431824,,,
,,,0.3904109589041096,0.1669449081803005,,,0.9412628487518475,,,
,0.15068493150684933,,,,,,0.417767988252578,,0.1497005988023952,0.2615384615384615
,0.3698630136986301,,0.0958904109589041,,,,,0.622047244094488,,
0.48672566371681414,,0.23,,,0.1267605633802817,0.04240282685512367,,0.3779527559055116,,
0.23008849557522126,,,0.08904109589041095,,,,,0.622047244094488,0.1497005988023952,
,0.13013698630136986,0.39,,,0.22535211267605634,,0.32085168869309655,,,
,0.32191780821917804,0.01,,,,,,,0.1497005988023952,
0.32743362831858414,0.13013698630136986,,,0.11018363939899833,,,0.32085168869309655,,,
,,,0.17123287671232876,0.12020033388981635,,,0.6497797356828272,0.5826771653543306,0.09580838323353294,
,,,,,0.2112676056338028,,,,0.21556886227544905,
,0.32191780821917804,,,0.08013355592654424,,0.04240282685512367,,,,0.36923076923076925
,,0.06,0.34931506849315064,,0.14084507042253522,,0.4500734214390576,0.5275590551181102,,0.36923076923076925
0.4070796460176991,,,,,,,,,0.155688622754491,
,,,,0.11018363939899833,,,,0.5433070866141732,0.155688622754491,
,0.1780821917808219,,,,,0.0176678445229682,,,,
,0.18835616438356162,,0.2534246575342466,,,0.014134275618374562,,0.417322834645669,,
,,0.39,,0.07846410684474123,,,,,0.1137724550898204,0.476923076923077
,0.13356164383561644,,,0.11185308848080133,,0.0,,,,0.5384615384615385
,,0.31,0.5410958904109588,,0.35211267605633806,,0.5998531571218848,,0.18562874251497005,
0.33628318584070804,,0.32,0.08904109589041095,0.11519198664440736,0.4366197183098592,0.2579505300353357,,,,
,,0.12,0.06164383561643835,,,0.1413427561837456,,0.5039370078740153,0.33532934131736536,0.5230769230769232
,0.19863013698630133,,0.0958904109589041,,,,,0.393700787401575,0.13772455089820365,
0.33628318584070804,0.1643835616438356,,,0.11519198664440736,,,,0.44094488188976344,0.2335329341317365,
,,,,0.10016694490818029,,,,0.5039370078740153,,
0.19469026548672563,0.19863013698630133,,0.5410958904109588,0.12020033388981635,,,,,,
,,,,,,0.07773851590106007,0.3737151248164565,,0.281437125748503,
,,0.36,0.0684931506849315,0.08681135225375626,0.7323943661971831,,,,,
,,,,,,,,,,
,0.23972602739726023,0.27,,,0.18309859154929578,0.07773851590106007,,0.34645669291338566,0.281437125748503,0.4307692307692308
0.17699115044247782,,,,,,0.06713780918727916,,,,
,0.33561643835616434,0.01,,0.1035058430717863,0.16901408450704225,0.11307420494699648,,,,
,,,0.0684931506849315,0.11018363939899833,,,,,,0.1692307692307693
0.24778761061946908,,0.01,,,,,0.5440528634361357,,,
,,,,,,0.06713780918727916,0.5425844346549269,,,
,,0.38,,,0.25352112676056343,0.2332155477031802,0.3935389133627041,,,
,0.1232876712328767,0.38,,,,0.2332155477031802,,0.5118110236220472,,
,,,,0.09348914858096828,0.3098591549295775,0.12720848056537104,,,,
,,0.17,,,,,,,,
,0.14383561643835616,,,,0.16901408450704225,,0.36857562408224,,,
0.46902654867256643,0.10273972602739725,0.49,,,,0.038869257950530034,,0.35433070866141714,,
0.48672566371681414,,,,0.1335559265442404,,,0.6071953010279003,,,0.24615384615384617
,,0.34,0.0958904109589041,,,,0.629221732745961,,,
,,,,0.13021702838063437,0.14084507042253522,,,,0.18562874251497005,
,,,0.07534246575342465,,0.08450704225352114,0.04946996466431096,,,,0.41538461538461546
,0.0,,,,,0.053003533568904596,,0.5275590551181102,,
,,,,,0.1267605633802817,0.053003533568904596,,,,0.5384615384615385
,,,,0.1352253756260434,0.07042253521126761,,0.29441997063142367,,,
,,,,0.07679465776293823,,0.014134275618374562,,0.44881889763779537,,0.4307692307692308
,,,,0.0667779632721202,,,,,,
,,0.4,,0.11686143572621036,0.07042253521126761,,0.3898678414096963,,,
,,0.12,,0.18030050083472454,,0.10600706713780918,0.3759177679882555,0.5748031496062991,0.2275449101796407,
0.3008849557522124,0.32191780821917804,,0.07534246575342465,,,,,0.48818897637795233,,
,0.23972602739726023,,,0.07679465776293823,,,,0.3307086614173227,0.31137724550898205,
,,,,0.11018363939899833,,,0.42951541850220565,0.417322834645669,,0.13846153846153864
0.17699115044247782,0.30821917808219174,,,0.17195325542570952,,,,0.5039370078740153,0.21556886227544905,0.1692307692307693
0.3716814159292037,0.10273972602739725,,,,,,,0.3228346456692912,,0.4307692307692308
0.34513274336283184,,0.27,,,,,,,,
0.32743362831858414,,,,,,,,,,
0.34513274336283184,,0.2,,,,,,,,
0.3893805309734514,0.1917808219178082,,,,,,,0.3622047244094486,,
0.5132743362831859,0.0958904109589041,,0.0684931506849315,,0.07042253521126761,,,,,0.3846153846153846
,,,,,,,0.5264317180616729,,,0.3846153846153846
,,0.5,,0.15358931552587646,,,0.466960352422916,,,
0.23008849557522126,,,,0.11853088480801335,,,,,0.1137724550898204,
0.33628318584070804,,,,,,0.3992932862190813,,,0.10179640718562874,
,,,,,0.7042253521126761,,0.3017621145374392,,0.2934131736526946,0.6923076923076923
,0.226027397260274,,,0.10517529215358931,,0.0,,,,0.3076923076923077
,,,,0.08681135225375626,0.08450704225352114,0.0176678445229682,,,,
,,,0.03424657534246575,0.09015025041736227,,,,,,
0.22123893805309736,0.1643835616438356,0.3,,0.11352253756260433,,0.22614840989399293,,0.5511811023622046,0.10179640718562874,
,,,,,0.18309859154929578,,,0.3149606299212597,0.10778443113772454,
,,,,,,0.07420494699646643,,,,
,0.15068493150684933,,0.07534246575342465,,0.4225352112676057,,,,0.08982035928143708,
,,,0.07534246575342465,0.11185308848080133,0.25352112676056343,,0.5066079295154253,,,
0.08849557522123891,,,0.08904109589041095,,0.02816901408450704,,,0.7637795275590551,0.17964071856287425,
,,,0.03424657534246575,,,,,0.29921259842519676,,
,,,,,,,,0.5748031496062991,0.1197604790419162,
,0.21232876712328763,,,,,,,0.5511811023622046,,
0.46902654867256643,,,,,,,,,0.2934131736526946,
,,,0.07876712328767121,,0.16901408450704225,,0.3737151248164565,,,0.5076923076923077
,,0.32,,,,,,,,
0.3185840707964601,,,,0.11519198664440736,,,,0.40157480314960603,,
,,,,,,,,0.48818897637795233,,
,,,0.07534246575342465,,,0.06713780918727916,,,,
,,,,,,,,0.38582677165354307,0.2215568862275449,
,0.10958904109589043,,,,,0.021201413427561835,0.25477239353891434,,,
0.38053097345132747,,0.31,0.07534246575342465,,,,,,,0.3076923076923077
,0.40410958904109584,,,,,,,,,0.24615384615384617
,,0.16,,,0.02816901408450704,,,,,
,0.18493150684931509,,,,0.18309859154929578,0.07420494699646643,0.4339207048458178,,,
,0.1780821917808219,0.4,,0.09348914858096828,0.15492957746478872,,,,0.25149700598802394,0.6461538461538461
,0.0410958904109589,,,,,,0.0,0.11811023622047223,,
0.3008849557522124,,,,,,,,,,
,,,,0.11018363939899833,,,,,0.16766467065868265,
0.5929203539823009,,,0.10273972602739725,,,,,,,
,0.1643835616438356,,,,,0.007067137809187281,,,,
,,0.09,,0.08347245409015025,,,0.4236417033773847,,,
,,0.42,,,,,,,,
,,0.01,,,0.15492957746478872,,,,0.13772455089820365,
0.35398230088495575,,,,0.13856427378964942,,,0.598384728340676,,0.1616766467065868,0.3076923076923077
,,,,,,0.1625441696113074,,,,
,,,,,0.5633802816901409,,,,0.125748502994012,
,,,,0.1318864774624374,,,,0.5354330708661417,,0.476923076923077
,,0.01,,,,0.03180212014134276,0.37224669603524774,,,
0.3097345132743363,,,,,,0.028268551236749116,0.6218795888399455,,,
0.256637168141593,,0.08,,,,,,,,
0.38053097345132747,,,,,,0.14840989399293286,,0.3622047244094486,,
0.48672566371681414,,0.34,,,,,,,,0.33846153846153837
,,,0.1095890410958904,,,0.10247349823321555,,0.3779527559055116,,0.6307692307692307
,,,0.06164383561643835,0.1035058430717863,,,0.48825256975037234,0.4803149606299213,,0.12307692307692308
,0.19863013698630133,,0.363013698630137,,,0.12720848056537104,0.3839941262848754,,0.26347305389221565,
,,0.21,,,,0.11660777385159012,,,,
,,,,,,,,,,
,,,0.0547945205479452,,0.16901408450704225,,,,0.18562874251497005,
,,,,,0.23943661971830985,,,,0.28742514970059885,
,,0.33,0.1643835616438356,0.056761268781302165,,,,,,
0.20353982300884965,0.2191780821917808,,,0.09682804674457429,,,0.3164464023494986,0.4566929133858264,0.1497005988023952,
0.22123893805309736,,0.17,,0.11686143572621036,,0.1590106007067138,,0.590551181102362,,0.3076923076923077
0.4159292035398231,0.25342465753424653,,,0.11519198664440736,,,,,,
,,,,,,0.1590106007067138,,,,0.3076923076923077
,,0.59,,,,0.13780918727915192,,0.22834645669291298,,
,0.14383561643835616,,,,,,0.3076358296622601,,,
,,0.27,0.07534246575342465,,,,0.5433186490455171,0.30708661417322825,,
,,,0.21232876712328766,,0.02816901408450704,,,,0.155688622754491,0.5692307692307692
,,,,,0.3802816901408451,,,,,0.10769230769230775
,0.2808219178082192,0.57,,,,,0.516152716593254,0.35433070866141714,0.2574850299401198,0.49230769230769234
,,0.53,,,,0.014134275618374562,,,,
,,,,,0.08450704225352114,,,,,
,0.1780821917808219,,0.0684931506849315,,,,,,0.18562874251497005,
,0.11643835616438356,0.65,,,0.07042253521126761,,0.4096916299559581,,0.17964071856287425,
,,,0.07534246575342465,,,,,,,
0.2743362831858408,,,,,,,,,,0.2769230769230768
0.17699115044247782,,0.08,,,,,,,,
,0.3424657534246575,,,0.12353923205342235,0.3802816901408451,,0.5088105726872243,,,
,,,,,0.25352112676056343,,,,,
,,,,,0.4507042253521127,,,,,0.1692307692307693
,0.3424657534246575,,0.1232876712328767,0.12687813021702837,,,,,,
0.256637168141593,,,,,,,,,,
,,0.34,,,,0.215547703180212,0.5594713656387711,,0.3173652694610779,
,0.136986301369863,,,0.10183639398998329,0.02816901408450704,,,,,
,,,0.37671232876712324,,,,0.5947136563876683,,,0.40000000000000013
,,,0.37671232876712324,0.11352253756260433,,0.007067137809187281,0.5947136563876683,,,0.40000000000000013
0.2920353982300885,,,0.5068493150684932,0.06343906510851419,,,0.2268722466960469,,,
,0.10273972602739725,,0.03424657534246575,0.05843071786310518,0.02816901408450704,0.007067137809187281,,0.3307086614173227,0.10778443113772454,
,0.1232876712328767,,,0.06343906510851419,,,0.2268722466960469,0.21259842519685002,,0.6000000000000001
0.19469026548672563,,0.08,,,,,,,,
,,,,,,0.010600706713780918,,0.5039370078740153,0.1976047904191617,
0.2920353982300885,,,,0.07512520868113523,,,0.28854625550661694,,,
0.6194690265486726,0.19863013698630133,,,0.13856427378964942,0.295774647887324,0.12367491166077739,,,0.2574850299401198,0.23076923076923084
,0.13013698630136986,0.36,0.08904109589041095,0.11185308848080133,,,,,,
,,,,0.17529215358931552,,,0.4757709251101403,0.4803149606299213,,
,,,,,0.11267605633802817,,,,,
,,,,0.14023372287145242,,,0.4838472834067602,0.3622047244094486,,0.15384615384615397
,,0.45,0.0821917808219178,,0.056338028169014086,,,,,
0.35398230088495575,0.273972602739726,,,0.14023372287145242,0.056338028169014086,,,,0.1137724550898204,
,,,,,,,,,,
,,,0.0547945205479452,,0.23943661971830985,,0.2900146842878115,,,
,0.25342465753424653,,0.0821917808219178,,,,,,0.17964071856287425,0.5538461538461539
,,,0.08904109589041095,,,,,0.4251968503937005,,0.6153846153846154
0.3982300884955752,0.1232876712328767,,,,0.1267605633802817,,,,,0.5076923076923077
0.3097345132743363,,0.1,,0.13021702838063437,0.04225352112676056,,,0.48818897637795233,,
,,,0.0821917808219178,,,,,,0.2574850299401198,
0.32743362831858414,,,,,,,,,,
,0.14383561643835616,,,,,,,,,
0.38053097345132747,,,,,,0.014134275618374562,,,0.155688622754491,
0.21238938053097345,,,,,0.19718309859154928,0.053003533568904596,,,,
,,,,0.1318864774624374,,,0.41483113069017463,,,
0.22123893805309736,,,,0.08848080133555926,,,,0.44094488188976344,,
0.08849557522123891,,,,,,,,0.6141732283464565,0.1497005988023952,
,,,,,,,,,,
,0.1917808219178082,,0.0684931506849315,,,0.0812720848056537,,,,
0.16814159292035402,,0.0,0.08904109589041095,,,,,,0.17365269461077845,0.476923076923077
0.47787610619469034,,0.33,,0.13856427378964942,,0.2932862190812721,,,,
0.5221238938053098,0.21232876712328763,0.35,,,,0.22614840989399293,,0.3700787401574801,,0.32307692307692304
0.3982300884955752,,,,,,,,,,
,,0.21,,,,,0.24522760646108566,,,0.1692307692307693
0.24778761061946908,,0.34,,,,,,,,
,,0.07,,,,,,0.49606299212598426,0.2095808383233533,0.4307692307692308
,,,,,,,,,,0.5230769230769232
0.3008849557522124,,0.43,,,,0.15547703180212014,,,,0.5384615384615385
,,0.45,0.07534246575342465,,,,,0.3779527559055116,,0.4615384615384617
0.256637168141593,,,0.19178082191780824,,,,,,,
0.3185840707964601,,,0.07534246575342465,,,0.2826855123674912,,,0.18562874251497005,
,0.1917808219178082,,0.0547945205479452,,0.4507042253521127,,0.5014684287812088,0.5275590551181102,,
,,,,,0.47887323943661975,,,,0.17365269461077845,0.2615384615384615
,0.19863013698630133,0.45,,,,0.028268551236749116,0.5102790014684331,,,0.5230769230769232
0.47787610619469034,,0.47,,,0.07042253521126761,,,,,0.5538461538461539
0.3185840707964601,,,,,,,0.3421439060205671,0.44094488188976344,,
,,,,,0.2112676056338028,0.22614840989399293,,,,
,0.3287671232876712,,,,,,0.44713656387665424,,0.1197604790419162,
,,,0.08904109589041095,,,,0.44713656387665424,0.3228346456692912,,
,0.0410958904109589,,,,,0.28975265017667845,,,0.2574850299401198,
,,0.18,0.0821917808219178,0.050083472454090144,,,,,0.32335329341317365,
,,,,,,0.10954063604240281,,0.3307086614173227,0.2035928143712575,0.36923076923076925
0.5309734513274336,0.1643835616438356,,,,,,,,0.2335329341317365,
,,,,,,0.053003533568904596,,0.3700787401574801,,
,0.136986301369863,,,,0.15492957746478872,,,0.3149606299212597,,
,,0.24,,0.11018363939899833,0.1267605633802817,,,0.43307086614173196,,0.24615384615384617
,,0.24,0.0547945205479452,,,,,,,
,,,,,0.19718309859154928,,,,,
0.2654867256637168,,0.29,0.0958904109589041,0.12353923205342235,0.056338028169014086,,,0.4566929133858264,,0.476923076923077
,,,,,,,,,,
,0.32191780821917804,0.0,,,0.35211267605633806,,,,,
,,0.46,,0.1035058430717863,,,0.47136563876652815,,,
,0.1643835616438356,,,,,,,0.5669291338582676,,
0.16814159292035402,,0.0,,,,,0.3920704845815095,,,
0.08849557522123891,0.5445205479452054,,0.0821917808219178,,,0.2544169611307421,,0.7401574803149606,,
,,,,,,,,,,0.40000000000000013
0.19469026548672563,,,,,0.2112676056338028,,0.41483113069017463,,,
0.18584070796460184,,,,0.11352253756260433,,,0.3898678414096963,,,
,,0.3,,,0.07042253521126761,,0.24889867841410762,,,
,0.3561643835616438,0.23,,,,0.3992932862190813,0.3898678414096963,,,
,,,,,0.056338028169014086,,,,0.06586826347305388,
,0.1917808219178082,,,,,,,,0.1437125748502994,
,0.523972602739726,0.0,0.0958904109589041,0.2570951585976628,,0.021201413427561835,0.399412628487525,,,
,,,,,0.14084507042253522,0.12367491166077739,0.3171806167400888,,,
,,0.0,,,,0.021201413427561835,,,0.10778443113772454,
,,0.12,0.06164383561643835,,,0.2049469964664311,,,,0.1692307692307693
0.1415929203539823,,,,0.11018363939899833,0.28169014084507044,,,,,0.1692307692307693
,,,0.0410958904109589,,0.04225352112676056,,,,0.125748502994012,
,,0.26,,,,,,,,
0.2743362831858408,0.30821917808219174,,,0.0951585976627713,0.04225352112676056,0.010600706713780918,0.33113069016152963,0.3307086614173227,0.125748502994012,
,0.2054794520547945,,0.06164383561643835,,,,,,,
0.46902654867256643,,,0.3356164383561644,,,,,,,
,,,,,0.323943661971831,,,,,
,,0.46,,,0.323943661971831,,,,0.31137724550898205,
,0.1643835616438356,,,,,,,,,0.40000000000000013
,,,,,,,,,,
,0.1643835616438356,0.46,,,,0.13427561837455831,0.38693098384729296,,,
,0.18493150684931509,,0.07534246575342465,,,,,,,
0.17699115044247782,0.2191780821917808,,0.0821917808219178,,,,,,0.17365269461077845,
,,,,,,,,,,0.3076923076923077
,0.1780821917808219,,,,0.056338028169014086,0.02473498233215548,0.47870778267254366,,,0.32307692307692304
,0.14383561643835616,,0.0684931506849315,,,0.010600706713780918,,,,
0.3716814159292037,,,,,,0.0812720848056537,,,0.13772455089820365,
0.2920353982300885,0.30821917808219174,,,,,0.2579505300353357,0.4919236417033801,,0.21556886227544905,0.1692307692307693
,,,,0.07512520868113523,0.5915492957746479,,,,0.28742514970059885,0.5538461538461539
,,0.52,,,,0.13427561837455831,0.5337738619677026,,,
,,0.22,,,,,0.4926578560939845,,,
0.5221238938053098,,,0.08904109589041095,,,,,,,0.5538461538461539
,,,,,0.09859154929577466,,0.6703377386196792,,,
,,,,0.1318864774624374,,,,0.3228346456692912,0.10778443113772454,0.15384615384615397
0.3893805309734514,,,,0.15358931552587646,,,0.5594713656387711,,,
,,,,0.10517529215358931,,0.21201413427561838,0.5220264317180607,,,
0.2743362831858408,,0.34,,0.09015025041736227,,,,,,
0.2654867256637168,,,,0.10517529215358931,0.25352112676056343,,,0.5196850393700787,0.18562874251497005,
,,,,0.07512520868113523,0.18309859154929578,,,,,
,,,0.08904109589041095,,,,,,0.041916167664670656,
,0.14383561643835616,,,,,0.37809187279151946,0.41483113069017463,,,
0.2831858407079646,0.2945205479452055,,0.0547945205479452,,,,,,0.18562874251497005,
,,,,,0.14084507042253522,,,,0.041916167664670656,
,,,0.0547945205479452,,0.49295774647887325,,,0.2834645669291338,0.041916167664670656,0.13846153846153864
,,0.39,,0.11185308848080133,,,,,0.155688622754491,
,,0.41,,0.07679465776293823,,,,,,
,0.11643835616438356,0.25,,,1.0,,,0.46456692913385833,,
,0.2945205479452055,0.19,,,,,,,0.2095808383233533,
,0.42465753424657526,,,,0.19718309859154928,,,,0.08982035928143708,
,,0.01,,,,0.10954063604240281,,0.5196850393700787,0.16766467065868265,
0.22123893805309736,0.3287671232876712,,0.0958904109589041,,,0.10954063604240281,,0.5196850393700787,,
0.256637168141593,0.3150684931506849,,,,,0.19081272084805656,,,0.155688622754491,
0.1327433628318584,0.3561643835616438,,0.10273972602739725,,0.35211267605633806,,,0.5748031496062991,,
,,,,0.11686143572621036,,,,,,
,0.3150684931506849,,,,,,0.4596182085169005,0.4566929133858264,,0.40000000000000013
,,,,,0.19718309859154928,,0.3898678414096963,0.5511811023622046,0.17964071856287425,
,,,,,,,0.4588839941262819,0.2204724409448815,,
,,,,,,0.21201413427561838,,,,0.2153846153846155
0.3185840707964601,,,0.08904109589041095,,,,,0.49606299212598426,,0.18461538461538463
0.34513274336283184,,0.32,,,0.35211267605633806,,0.32966226138032084,,,
0.23008849557522126,,,,0.11519198664440736,,,0.4089574155653395,,0.1616766467065868,0.2923076923076924
,0.30821917808219174,0.05,,0.11519198664440736,,,0.4089574155653395,,,
0.5132743362831859,,,0.0958904109589041,,0.16901408450704225,,,,0.32335329341317365,
,,0.31,,,,,,,0.1317365269461078,
,,,,,,0.19081272084805656,0.05653450807636773,0.7559055118110236,,
0.23893805309734517,,0.2,,,0.323943661971831,0.2049469964664311,,,0.1437125748502994,0.5076923076923077
,,,0.0684931506849315,0.10851419031719531,,,,,,
0.2831858407079646,,0.13,,0.15025041736227043,,,,,,
,,0.22,,,,,0.5,,0.125748502994012,
,,0.2,,,,,,0.49606299212598426,,
,,0.2,0.0684931506849315,,,,,0.49606299212598426,,
,,0.28,,,0.22535211267605634,,,,0.17964071856287425,0.2769230769230768
,,0.19,,,,,0.34434654919236607,0.5118110236220472,,
0.5929203539823009,0.17123287671232873,,,,,,,,0.1437125748502994,0.32307692307692304
,,0.44,,,,0.08833922261484099,,0.4803149606299213,,0.6153846153846154
0.21238938053097345,,,,,,0.3674911660777385,,0.44094488188976344,,
,,0.0,,0.14691151919866444,,,,,,0.40000000000000013
0.3185840707964601,,0.1,,,,0.19081272084805656,,0.43307086614173196,,
,,,0.10273972602739725,,,,,,0.2035928143712575,
0.256637168141593,0.43493150684931503,,,,0.07042253521126761,,,,,0.19999999999999996
,,,0.0821917808219178,0.10183639398998329,,,0.46328928046990825,,,0.3846153846153846
,,0.0,,,,,0.40455212922174155,,0.07185628742514968,0.1692307692307693
,,,,0.1352253756260434,,,,,,
,0.9999999999999999,,,0.20868113522537565,,,,,,0.3846153846153846
,,,0.08561643835616436,,,0.07773851590106007,0.32085168869309655,,,0.6307692307692307
,,0.07,0.07534246575342465,0.14691151919866444,,,,,,
,0.17123287671232873,,,,0.04225352112676056,,,,,
,,0.32,0.1095890410958904,,0.295774647887324,,,,,
,,0.09,,0.09348914858096828,,0.0812720848056537,,,,0.41538461538461546
,,,,,,,0.5748898678414207,,0.17365269461077845,
,,0.1,0.03424657534246575,0.09849749582637728,,,0.4353891336270266,,,
,,,,0.08681135225375626,,,,0.46456692913385833,,
0.3008849557522124,,,,0.11853088480801335,,0.12367491166077739,,0.47244094488188937,0.08383233532934128,
,0.1643835616438356,,,0.12353923205342235,,,0.40455212922174155,0.5196850393700787,,0.2615384615384615
,,,,,,,0.40308370044053277,,0.1197604790419162,0.2615384615384615
,,0.27,0.07534246575342465,0.11853088480801335,,,0.44713656387665424,,0.1497005988023952,0.2153846153846155
,,0.0,0.02054794520547945,,0.2112676056338028,,,,,
0.46902654867256643,,0.46,0.08904109589041095,,0.1267605633802817,,,0.34645669291338566,,
0.256637168141593,,0.27,,,,,,,0.1497005988023952,0.2153846153846155
0.3982300884955752,,,,0.671118530884808,,,0.4735682819383271,,,
,,,,,0.15492957746478872,0.28975265017667845,,,,
,0.42465753424657526,,,,,,,,0.155688622754491,
0.3982300884955752,,0.42,0.06164383561643835,,,,,,0.1317365269461078,
0.3982300884955752,0.1643835616438356,0.39,,,0.28169014084507044,,,0.34645669291338566,0.2934131736526946,0.40000000000000013
,,,,,,0.0989399293286219,,,,
,0.2328767123287671,,,0.10851419031719531,,,,,0.1616766467065868,0.33846153846153837
0.16814159292035402,0.273972602739726,,0.06164383561643835,,,0.11307420494699648,,,0.1137724550898204,0.13846153846153864
0.24778761061946908,,,,,,0.3003533568904594,,0.43307086614173196,,
,,0.26,0.0821917808219178,0.11853088480801335,,,0.44713656387665424,0.43307086614173196,0.13772455089820365,
0.2831858407079646,0.5136986301369862,,,0.15859766277128548,,,,,,
0.33628318584070804,0.18493150684931509,0.1,,,0.07042253521126761,0.06713780918727916,,,,
,,,,,,,,,,
,,,,0.2570951585976628,,0.0176678445229682,0.4412628487518333,,,0.24615384615384617
0.12389380530973448,,,,0.07512520868113523,,,0.3237885462555141,,,
,0.2602739726027397,,,,,,,,0.07185628742514968,
,,,,,,,,0.48818897637795233,,
,,0.02,,,,,,,,0.32307692307692304
0.256637168141593,0.2671232876712329,0.02,,0.12020033388981635,,,0.3898678414096963,,,0.32307692307692304
,0.2054794520547945,,0.11643835616438356,,,,0.6204111600587368,,0.1197604790419162,0.40000000000000013
0.3185840707964601,0.2191780821917808,,0.0958904109589041,,0.1267605633802817,,,,0.1197604790419162,
,0.32191780821917804,,,0.07345575959933222,,,,,0.13772455089820365,0.4615384615384617
0.23008849557522126,,,,0.11018363939899833,,,,,,
,,,0.06164383561643835,,,,,,,
,,,,0.11519198664440736,,,0.3751835535976511,,0.1137724550898204,
,0.3595890410958904,,,,,,,0.49606299212598426,,
,,,,,,,,,0.07784431137724554,
0.23008849557522126,0.3150684931506849,,0.0958904109589041,,,,,,,
,0.136986301369863,,,,,,,,,0.2615384615384615
,0.3561643835616438,,,0.2604340567612688,,0.3250883392226149,,,0.10179640718562874,
,0.24315068493150682,,,0.1318864774624374,,,,,0.1916167664670659,0.25128205128204617
,,,0.0958904109589041,,,0.11307420494699648,,,,
0.6194690265486726,,,0.03424657534246575,,0.07042253521126761,,0.5117474302496419,0.2598425196850389,,
,0.48630136986301364,0.27,,,,,0.4735682819383271,,,
,0.2602739726027397,,,,,,,,,
,0.4452054794520548,0.32,,,,,,0.417322834645669,,
,,0.0,,0.0951585976627713,,,,,,
,,,,,0.15492957746478872,,,0.20472440944881853,,
,0.452054794520548,,,,0.15492957746478872,,,,,0.12307692307692308
,0.43150684931506844,,0.19863013698630136,,0.46478873239436624,,,,,
,,0.26,,,0.16901408450704225,,,0.4094488188976375,,
,0.523972602739726,,0.03424657534246575,,,,0.3325991189427384,,0.07784431137724554,
0.05309734513274339,,,,,,,0.3839941262848754,,0.17365269461077845,
0.23008849557522126,,,,,0.1267605633802817,0.07773851590106007,0.4419970631424377,,,
0.256637168141593,,0.02,,0.10851419031719531,,,0.40381791483113716,,,
,,,0.11643835616438356,,,,0.40381791483113716,,,
,,0.09,,,,,,,,0.18461538461538463
,0.3561643835616438,,,,,0.06007067137809187,,,,
,0.3561643835616438,,,,0.09859154929577466,,,0.44094488188976344,,
,,,0.3561643835616438,,,0.15194346289752653,,0.4803149606299213,,
,0.2465753424657534,,0.08904109589041095,,,,,,,
,,0.0,,,,0.09540636042402827,,,0.155688622754491,0.6307692307692307
0.3008849557522124,,,,,,0.09540636042402827,,0.49606299212598426,,0.40000000000000013
0.22123893805309736,0.3424657534246575,0.06,0.0273972602739726,0.09682804674457429,,,0.30323054331864796,,0.08982035928143708,0.2153846153846155
0.3008849557522124,0.273972602739726,,,,,,,,0.08982035928143708,
,,0.14,,,0.36619718309859156,0.23674911660777387,0.48604992657855917,,,0.12307692307692308
0.35398230088495575,,,,,,,0.5418502202643225,,,
,0.3801369863013699,,,,,,0.5418502202643225,0.44881889763779537,0.1916167664670659,
,,,0.07534246575342465,,,,,,0.1137724550898204,0.23076923076923084
,,,,,,,0.4500734214390576,0.40157480314960603,,
0.2654867256637168,0.1232876712328767,,0.07534246575342465,,,,,,0.2934131736526946,
,0.14383561643835616,,,,,,,,0.4610778443113773,
,,,,0.08347245409015025,0.09859154929577466,,,,,
0.3097345132743363,,0.36,,,,,,,,
0.12389380530973448,,0.0,0.0821917808219178,0.08681135225375626,,,,0.6299212598425195,0.35928143712574856,
,0.5753424657534246,,,,,,0.2591776798825265,,0.06586826347305388,
0.15929203539823011,0.23972602739726023,,,,,,0.4574155653450873,,0.2395209580838323,0.33846153846153837
,0.0821917808219178,,,,0.09859154929577466,,0.5381791483113005,0.3779527559055116,0.3652694610778443,
,0.30821917808219174,0.25,0.07534246575342465,0.15358931552587646,,,,,,
,,,,,,0.03180212014134276,,,,
,0.3150684931506849,,,,,,,0.6456692913385824,0.3053892215568863,
,,,,0.08681135225375626,,,0.3766519823788599,,,
0.2831858407079646,,,0.04794520547945205,0.10851419031719531,,,,,,
0.2831858407079646,,0.01,0.04794520547945205,0.10851419031719531,0.02816901408450704,0.04593639575971732,,,0.07784431137724554,
0.15929203539823011,,0.09,,,,,0.4941262848751933,,0.2035928143712575,
,,,0.03424657534246575,,,,0.5381791483113005,,,
,,,0.06164383561643835,,,0.19081272084805656,,0.5275590551181102,,
,,0.4,,,,0.215547703180212,,,0.35928143712574856,
,0.21232876712328763,,,0.0951585976627713,0.16901408450704225,,,,,
,0.1917808219178082,,0.06164383561643835,,,,0.3986784140969206,,,0.2615384615384615
0.49557522123893805,,,0.9931506849315068,,0.7605633802816901,0.31448763250883394,,,,
,0.2876712328767123,,,,0.7605633802816901,,,0.34645669291338566,,0.0923076923076922
,,,0.26712328767123283,,,,0.4185022026431824,,,0.41538461538461546
,,0.0,,,,,,,,0.2923076923076924
,,0.19,,,,,0.518355359765053,0.3307086614173227,,
,,0.02,,,,,,0.5196850393700787,,
,,,,,,,,0.5039370078740153,,0.5076923076923077
,0.3767123287671233,,,0.10016694490818029,0.4225352112676057,0.303886925795053,0.4104258443465483,0.4566929133858264,,
,0.45547945205479456,,,,0.25352112676056343,0.3250883392226149,,,,0.18461538461538463
,0.3493150684931507,,,,,0.08480565371024736,,,0.25149700598802394,0.2153846153846155
,,,,,,,,,,
,0.1780821917808219,,,0.07345575959933222,0.19718309859154928,,,,0.2574850299401198,
,,,0.07534246575342465,,0.19718309859154928,,,,0.2395209580838323,
,0.136986301369863,,,,,0.038869257950530034,0.5323054331864938,,0.2694610778443114,0.40000000000000013
,0.3150684931506849,,0.07534246575342465,0.08347245409015025,,,0.26945668135095957,,0.2574850299401198,
,,0.33,,0.1035058430717863,,0.2791519434628975,,0.5275590551181102,,
0.6283185840707963,,0.63,,,,0.06007067137809187,,,,
,0.5342465753424658,0.0,0.04794520547945205,,,,0.33773861967695495,,,
,,0.06,,,,0.2932862190812721,0.1681350954478802,,,
0.2654867256637168,,,,,,0.2791519434628975,,,,0.0923076923076922
,0.11643835616438356,,,,,,,,0.1616766467065868,
,,,0.0547945205479452,,,0.03180212014134276,,0.4566929133858264,,
0.1415929203539823,,,0.0821917808219178,,,,,0.6692913385826769,,
0.19469026548672563,0.3561643835616438,,,,,,0.39500734214389865,,,
,0.32191780821917804,,,,,,0.42070484581498135,,0.2035928143712575,0.19999999999999996
,0.2465753424657534,0.32,0.0821917808219178,,,,0.5293685756240905,,,
,,0.08,,,,,,,0.1437125748502994,0.40000000000000013
,,0.05,0.0821917808219178,,0.26760563380281693,,,,0.1317365269461078,
0.18584070796460184,0.39726027397260266,,,,,,0.24008810572686912,,,
0.1327433628318584,,,,0.09849749582637728,,,0.2415565345080779,0.5039370078740153,,
,,,,,,,,,0.25149700598802394,
,,,0.08904109589041095,,,,,,,
0.46902654867256643,0.2602739726027397,,,,,,,,,
,,0.11,0.08904109589041095,,,,,,,
0.22123893805309736,,,,,0.02816901408450704,,0.5881057268722429,,,
0.08849557522123891,,0.03,0.0410958904109589,0.11352253756260433,,,,,,
,,,,,,,0.6027900146842882,,,0.33846153846153837
,,0.54,0.0821917808219178,,0.02816901408450704,0.010600706713780918,,0.46456692913385833,,0.2923076923076924
,,0.16,0.0821917808219178,0.1035058430717863,,,0.4397944199706245,,0.1317365269461078,
,,0.21,,,0.11267605633802817,,,,,
,,0.05,0.0684931506849315,0.09015025041736227,,,0.3590308370044113,,,0.33846153846153837
,,0.1,,,,,,,,
,0.2876712328767123,0.04,,,0.056338028169014086,,,0.7716535433070866,,0.4615384615384617
,0.2876712328767123,,0.0684931506849315,,,0.4982332155477032,,,0.155688622754491,0.19999999999999996
0.15929203539823011,,,,,,,,,0.2215568862275449,
,,,0.0958904109589041,,0.08450704225352114,,0.3678414096916356,0.5590551181102361,0.17964071856287425,0.476923076923077
,0.42465753424657526,0.03,,,,0.0353356890459364,,,,
,,0.04,,,,0.03180212014134276,,,,
0.2831858407079646,0.47945205479452047,0.29,,,0.28169014084507044,,,0.3307086614173227,,
,,,,0.10851419031719531,,,0.4023494860499284,,,0.40000000000000013
,,,,,,,0.43906020558003434,,0.1317365269461078,
0.22123893805309736,,,,0.1035058430717863,0.22535211267605634,,,0.5039370078740153,0.2335329341317365,
,,,,,,0.04946996466431096,0.29588839941263245,,,
,,0.21,,,,,,0.5748031496062991,,
,,0.04,,,,,,0.5511811023622046,0.2035928143712575,
,,,,,,0.038869257950530034,,,,
,,,0.06164383561643835,0.11018363939899833,0.22535211267605634,0.20848056537102472,,,0.1616766467065868,
,,,,0.1035058430717863,,,,,,
,,0.21,,,,0.20848056537102472,0.6130690161527212,,,
,,,,,,0.18374558303886923,,,,0.33846153846153837
,0.2808219178082192,0.06,,,0.3943661971830986,,,,,
,,,0.08904109589041095,,0.08450704225352114,,0.46989720998531936,,,0.32307692307692304
,,0.08,,0.15692821368948245,0.18309859154929578,,,,,
,,,,,,,,,,
,,,,0.11686143572621036,0.11267605633802817,,,0.5118110236220472,,
0.19469026548672563,,,,0.10684474123539231,0.3943661971830986,,0.3839941262848754,,,
,,0.19,0.07534246575342465,,0.295774647887324,,0.37812041116006867,,,
,0.2808219178082192,,0.0547945205479452,,,0.0636042402826855,,0.43307086614173196,,0.36923076923076925
,,,,,,,,,,
0.22123893805309736,,0.08,0.0821917808219178,0.08514190317195325,,0.1625441696113074,,,0.1616766467065868,
,0.2191780821917808,,,,,0.04240282685512367,0.32085168869309655,,0.21556886227544905,
,0.40068493150684925,,,,0.16901408450704225,,,,0.1976047904191617,
,,0.14,,0.08681135225375626,,,,,,
0.21238938053097345,,,0.08904109589041095,,,,,0.48818897637795233,0.155688622754491,
0.1327433628318584,0.2808219178082192,0.08,,0.10851419031719531,0.323943661971831,,0.3825256975036808,,,0.2923076923076924
,0.3150684931506849,,,,0.26760563380281693,,,,,
0.1415929203539823,0.273972602739726,,,,0.14084507042253522,,,,0.17964071856287425,
,,0.29,,0.07011686143572621,0.25352112676056343,0.15194346289752653,0.4838472834067602,,,
,,,,0.08681135225375626,,,,,,
,,0.42,,,0.18309859154929578,,,0.40157480314960603,,0.3076923076923077
,,0.43,0.0958904109589041,,,,,,,
,,,,,,0.0706713780918728,,0.48818897637795233,0.16766467065868265,0.2769230769230768
,0.3287671232876712,,,,,,,,0.10778443113772454,
,0.1917808219178082,,,,,,0.5697503671072042,,,
0.24778761061946908,,0.3,0.06164383561643835,0.1035058430717863,,0.0636042402826855,0.3024963289280578,0.393700787401575,,
,,,0.0958904109589041,,,,,,,0.1692307692307693
,0.3767123287671233,,,0.11853088480801335,0.23943661971830985,,,,,0.15384615384615397
0.1504424778761062,,,0.19178082191780824,,,,0.4251101321585935,0.606299212598425,,0.44615384615384635
,,,,0.08347245409015025,,,,,0.1616766467065868,
,,0.04,,,,0.04946996466431096,,,,0.23076923076923084
,0.5034246575342466,,0.10273972602739725,,0.19718309859154928,,,0.6299212598425195,,0.40000000000000013
,,0.26,,,,,,0.3700787401574801,0.1137724550898204,
,,,,,,,0.4515418502202664,,,
,0.3287671232876712,,,,,,,,,
,,0.13,,,,,,0.43307086614173196,0.125748502994012,0.2615384615384615
,,0.14,,,,0.0989399293286219,0.2856093979441994,0.5826771653543306,,
,,0.14,0.08904109589041095,0.04340567612687812,,,,0.5511811023622046,,
,0.39041095890410954,,,,0.47887323943661975,,0.4588839941262819,0.46456692913385833,0.10778443113772454,
,,,0.8904109589041095,,,,,,0.08982035928143708,
,,,,0.08013355592654424,0.15492957746478872,,,,0.18562874251497005,
,,,,,0.2112676056338028,,,0.44094488188976344,,0.36923076923076925
0.19469026548672563,,,,,,,,,0.2035928143712575,
,0.30136986301369867,,,,,,0.2900146842878115,0.6299212598425195,,0.44615384615384635
,,,,,0.16901408450704225,,0.2606461086637353,,,
,,,0.0821917808219178,,,,0.41923641703377257,,,
,,,,0.09015025041736227,0.295774647887324,0.14840989399293286,,,,
0.256637168141593,,,,0.08848080133555926,,0.19081272084805656,,0.47244094488188937,,0.4615384615384617
,,,0.06164383561643835,,,,,,0.1976047904191617,0.3846153846153846
0.23008849557522126,,,,0.09348914858096828,0.46478873239436624,0.3392226148409894,,,0.2694610778443114,
,,0.15,,0.10851419031719531,0.35211267605633806,,0.2254038179148381,,,
0.0707964601769912,0.42465753424657526,,,0.12854757929883137,0.2112676056338028,,,,,
0.19469026548672563,,,0.0684931506849315,0.09348914858096828,,,,,,
,,0.08,,,0.4366197183098592,0.13427561837455831,,0.5590551181102361,,
,,0.13,,,,,,,0.25149700598802394,0.40000000000000013
