"","V1","V2","V3","V4","V5"
"1",12.7358744624717,12.1692833360037,12.78631583622,12.0388206362485,13.0039921943943
"2",4.5783144453619,4.50125386802866,4.67374251623396,5.05584233643226,5.19706537503599
"3",6.00847280729285,5.4970253456564,5.95458545402396,5.7180616189328,5.3105928202342
"4",0.209103821028053,0.210976260859348,0.207155793982133,0.202297571378341,0.212404050604624
"5",0.00632726199243004,0.00625904308194407,0.00638230076484323,0.00647806486787686,0.0063354945629009
"6",10.3320294851189,10.6464905428315,10.3807843301995,10.5215645434265,11.0293752722008
"7",5.36569951762238,5.41152538869805,5.37937735039164,5.41110318076099,5.42065315420075
"8",0.650458791272311,0.622114057687481,0.643308393041851,0.668573003827688,0.634041851139397
"9",11.0193261336772,11.2408106594559,9.22636638130183,9.74946378846949,10.6535147874197
