"","V1","V2","V3","V4","V5"
"1",11.7210794194025,11.3727699329997,12.0362809780935,11.5784475815042,12.0080184599939
"2",3.44498305724566,3.30212292516294,3.20652129348264,3.77266929667309,3.67557782713875
"3",4.71419474671262,4.43083536415735,4.89639578902895,5.01164900528093,5.49673846311163
"4",0.2023150685485,0.204693411130993,0.201935910537626,0.196510606546965,0.207115812094744
"5",0.00522867310572491,0.00499140998896975,0.00517686995776436,0.00605629374255184,0.00512600528727591
"6",8.51031673530498,7.59452259339966,7.88251858641935,8.15941374685242,8.33495746801481
"7",5.17150893300113,5.32024757236549,5.18318429997572,5.26159200446996,5.33163196818508
"8",0.630810259805379,0.604273994069139,0.599875284892234,0.658424510466365,0.601936836768728
"9",8.10481011598322,6.90371081192823,7.68075452462152,8.01538038038038,9.82983983974682
