"","V1","V2","V3","V4","V5"
"1",9.75427450142524,9.62267656377549,10.05007900572,9.94952285635135,10.578843992063
"2",2.30236328497938,2.8868139377814,2.26479983204983,2.75103371245704,2.92030221126478
"3",4.25463750458251,4.57707519640289,4.1241801472011,4.58926088532833,4.24533074436899
"4",0.194283865612723,0.196416854912417,0.194809303709041,0.191856386464781,0.200463432962528
"5",0.00436099763091252,0.00453117159132515,0.00466517083383123,0.00439247077230073,0.00457815552269511
"6",6.23950979494774,6.39514583705623,6.31177330481262,6.6043635241929,6.67373693394688
"7",4.96711554164178,4.80543913315392,4.81627720047373,5.09466419604266,4.9606429956498
"8",0.582260273717389,0.562209070940363,0.552285681588669,0.626974940917737,0.591643859798517
"9",4.98683862372567,4.65715140171184,5.36957171775593,5.71553422016941,6.8818254784411
