"","V1","V2","V3","V4","V5"
"1",8.40488876733273,8.14196897676957,8.03449436352459,8.13052405688747,7.47772730199471
"2",1.94344278053307,2.26494401356219,2.03873954466723,2.44053058012366,2.39239545805265
"3",3.54236961302586,3.40298531190944,3.46061999731399,3.22612357812358,3.59428125663924
"4",0.180292782852705,0.185915509225232,0.186357188019453,0.184741145824412,0.189490829943847
"5",0.00356103930116541,0.00349701960005177,0.00356876091504609,0.0036975805957396,0.00338308606510228
"6",4.64803228552643,4.87913575593171,4.76704370595908,4.97122808260497,4.64246512022268
"7",4.57082489593637,4.59620047439396,4.57796992404884,4.72342060945838,4.66539837656208
"8",0.561642909517049,0.543238826758452,0.531944523060011,0.567628956411795,0.564876060350799
"9",3.50426280155341,2.4378160801964,3.67798618898109,2.40678744441683,3.47348348052881
