0
79.99
61.89
40.27
41.05
44.3
47.03
45.85
39.29
38.07
28.02
43.01
42.33
47.81
52.91
39.36
42.62
41.84
28.24
8.06
44.21
52.52
38.6
52.91
41.72
53.69
38.41
30.08
42.23
36.25
50.46
43.7
39.0
53.1
35.08
15.05
40.76
26.26
32.82
46.93
49.19
14.64
9.13
50.95
33.02
9.87
50.66
48.7
55.06
44.7
30.28
28.8
33.4
36.3
29.0
41.3
25.2
35.3
28.3
35.3
24.4
39.3
46.2
49.2
46.8
45.7
54.9
34.9
46.9
49.2
33.4
55.9
55.9
38.0
55.9
56.1
59.09
59.8
60.29
61.8
68.3
66.9
50.7
56.4
74.7
52.2
71.3
67.7
71.3
74.5
71.3
49.9
63.4
64.9
64.9
60.2
69.3
64.3
55.2
64.3
66.1
77.3
77.3
77.3
71.7
77.3
59.89
64.9
66.6
65.2
66.7
62.5
70.7
65.2
57.6
59.2
65.2
79.3
76.8
79.3
73.3
82.6
79.3
67.8
11.58
24.89
29.45
40.71
10.38
22.14
22.84
27.66
12.45
24.99
37.34
15.04
26.4
35.34
40.57
12.47
24.9
34.2
20.08
31.54
35.34
9.45
22.72
28.47
40.39
10.76
21.54
33.54
7.75
17.82
32.85
39.23
18.0
30.39
45.71
50.77
53.9
13.18
17.84
40.23
49.97
13.36
22.32
24.54
31.35
40.86
30.23
44.3
13.82
29.22
38.33
42.35
42.55
42.92
25.37
37.4
44.4
19.52
31.35
38.5
45.08
47.82
26.77
33.73
42.7
45.84
36.97
24.43
32.66
36.64
21.6
35.57
21.5
48.67
22.5
34.74
45.08
41.89
51.04
22.95
39.94
48.72
21.02
33.94
44.14
28.68
42.03
51.06
21.78
42.29
50.6
55.83
52.5
60.32
51.33
58.61
21.91
36.99
51.96
56.74
17.57
40.15
46.64
17.37
33.7
45.94
59.3
30.45
47.71
66.95
27.42
35.96
63.53
38.6
52.2
53.96
15.34
26.05
30.22
37.27
46.23
25.62
31.97
43.06
60.28
51.02
55.55
39.38
55.65
47.28
44.33
52.3
49.25
41.37
39.4
67.87
59.0
76.24
69.84
14.4
19.42
20.73
21.29
23.08
15.82
12.55
8.49
15.61
12.18
34.24
31.81
33.01
29.59
24.28
20.73
46.39
39.16
41.2
33.69
38.2
41.41
24.85
27.22
37.27
33.27
36.56
53.72
48.59
51.72
35.85
53.46
51.26
39.27
55.02
53.66
56.81
50.94
41.16
52.96
44.28
40.15
57.03
44.42
51.02
23.35
52.01
61.07
56.14
55.25
50.24
46.68
46.68
22.75
34.77
45.9
41.67
56.34
61.46
44.03
55.55
57.92
33.49
59.59
29.55
37.92
32.01
72.1
65.7
40.29
74.36
15.07
23.25
62.94
59.49
23.64
38.61
68.75
23.85
32.07
11.65
48.85
43.94
54.32
15.62
21.86
10.22
14.6
31.97
23.4
25.57
41.68
27.74
8.2
25.42
15.69
32.63
17.24
19.77
39.44
33.08
24.07
32.05
11.96
25.45
25.22
39.7
13.09
7.51
17.58
21.18
18.2
17.2
22.63
21.86
12.37
33.04
8.0
31.9
10.34
19.77
37.44
17.6
10.73
31.38
13.22
20.97
27.04
32.04
35.17
36.45
6.47
21.95
24.1
25.08
11.36
31.25
32.33
9.31
26.94
12.54
27.53
32.92
7.84
12.25
17.54
30.57
14.2
24.5
38.21
43.7
30.14
20.87
20.28
47.71
43.38
29.89
6.9
33.19
25.46
33.95
11.41
20.59
25.89
29.23
31.02
10.39
27.87
19.35
11.39
4.78
16.11
43.38
15.03
32.53
7.68
17.28
24.05
36.59
50.73
13.66
14.14
2.33
16.89
23.52
6.81
39.7
17.96
22.35
41.68
9.56
50.53
17.17
30.44
9.73
3.32
26.32
32.1
54.6
21.48
9.69
8.37
39.66
4.83
10.35
43.57
51.86
11.85
27.83
35.76
17.44
31.74
37.91
15.87
9.01
40.66
12.05
18.91
43.89
36.94
14.5
22.44
12.64
33.21
36.94
52.61
59.76
67.31
69.66
71.62
18.13
27.34
29.98
31.35
32.72
6.27
14.7
23.22
27.92
39.0
41.24
13.52
24.0
11.47
22.44
31.84
29.39
31.45
37.23
18.13
32.72
41.05
42.13
18.13
26.74
61.92
47.22
51.04
55.16
13.71
19.69
31.65
19.11
48.79
24.0
37.42
11.47
19.69
14.99
27.92
34.68
38.11
48.4
58.78
67.11
20.77
25.18
39.09
24.39
50.51
74.99
37.17
16.5
36.35
15.42
33.42
39.05
27.68
26.86
45.3
30.12
15.57
44.61
57.21
52.82
33.4
40.06
41.94
61.23
40.87
33.3
15.09
38.46
37.26
42.13
41.54
39.45
37.91
44.28
31.18
23.69
32.76
28.63
18.28
31.42
31.03
12.18
25.56
36.44
32.96
17.95
40.68
19.01
33.72
8.54
13.46
29.72
52.44
40.93
13.2
29.87
13.29
39.42
46.23
44.52
26.14
15.52
43.57
35.86
41.05
46.24
26.92
10.54
29.07
9.74
33.8
39.84
26.97
27.23
30.65
33.05
24.58
21.91
30.88
15.34
24.34
23.89
22.93
31.42
28.94
40.93
25.56
36.44
32.96
26.23
17.96
38.63
19.01
33.72
8.54
32.25
23.52
29.73
49.77
40.93
44.87
13.2
37.43
29.87
12.46
23.79
13.29
39.42
46.23
44.52
23.74
15.53
43.58
35.87
41.05
28.99
46.25
26.92
10.54
25.1
29.07
9.74
33.8
37.17
33.76
16.5
38.22
15.42
33.42
27.68
26.86
45.3
15.57
44.61
53.52
52.83
33.4
18.03
42.64
61.24
40.87
15.09
38.46
35.23
31.88
41.54
37.92
44.28
31.18
23.7
32.77
32.4
