0
24.0
36.2
28.7
27.1
16.5
18.9
21.7
19.9
17.5
20.2
19.6
15.2
14.5
13.9
16.6
18.4
21.0
12.7
18.9
20.0
21.0
30.8
34.9
26.6
24.7
21.2
19.3
16.6
14.4
19.4
20.5
25.0
23.4
18.9
35.4
24.7
23.3
25.0
33.0
23.5
19.4
22.0
20.9
21.4
20.0
20.8
20.3
28.0
23.9
24.8
22.9
23.9
26.6
22.5
22.2
28.7
22.6
22.0
22.9
20.6
21.4
43.8
33.2
27.5
26.5
18.6
19.3
20.1
19.5
20.4
19.8
21.7
18.7
18.5
18.3
19.2
20.4
19.3
22.0
20.5
17.3
21.4
15.7
16.2
18.0
19.2
23.0
18.4
15.6
13.3
14.0
13.4
11.8
13.8
15.6
14.6
17.8
19.6
15.3
17.0
15.6
13.1
23.3
50.0
50.0
50.0
22.7
25.0
50.0
23.8
19.1
23.1
23.6
22.6
37.2
39.8
36.2
37.9
32.5
26.4
32.0
29.8
30.5
36.4
29.1
50.0
33.3
30.3
32.9
24.1
42.3
48.5
50.0
22.6
24.4
24.4
20.0
21.7
19.3
22.4
28.1
23.7
25.0
23.3
28.7
21.5
26.7
21.7
27.5
30.1
44.8
50.0
31.6
46.7
31.5
24.3
31.7
41.7
48.3
25.1
23.7
23.3
22.0
20.1
22.2
23.7
17.6
18.5
20.5
24.5
26.2
24.4
24.8
20.9
44.0
30.1
33.8
43.1
48.8
31.0
22.8
20.7
25.2
24.4
32.4
33.2
29.1
35.1
35.4
46.0
50.0
32.2
20.1
23.2
22.3
37.3
27.9
23.9
21.7
28.6
27.1
22.5
29.0
24.8
22.0
26.4
36.1
28.4
33.4
28.2
22.8
20.3
22.1
21.6
23.8
16.2
17.8
21.0
23.8
23.1
20.4
18.5
25.0
23.0
22.2
19.3
22.6
19.8
19.4
21.1
19.5
20.6
19.0
32.7
16.5
23.9
31.2
17.5
17.2
24.5
22.9
24.1
18.2
20.6
17.8
22.7
25.0
19.9
20.8
16.8
27.5
21.9
23.1
50.0
50.0
50.0
50.0
13.8
15.0
13.1
10.4
11.3
8.8
10.5
7.4
10.2
15.1
23.2
13.8
12.7
13.1
8.5
5.0
6.3
5.6
7.2
12.1
8.3
5.0
27.9
27.5
17.2
17.9
7.2
7.5
8.4
16.7
14.2
20.8
13.4
11.7
8.3
10.2
11.0
9.5
14.5
14.1
16.1
14.3
11.7
8.7
8.4
10.5
17.1
18.4
15.4
11.8
14.1
17.8
14.9
14.1
12.7
13.5
14.9
20.0
16.4
19.5
19.9
19.1
19.9
13.8
16.7
21.4
23.0
23.7
20.6
21.2
19.1
20.6
8.1
13.6
20.1
21.8
24.5
23.1
19.7
22.4
20.6
22.0
