0
15.55
15.55
20.84
21.46
19.68
19.5
19.95
17.41
16.95
15.98
29.9
23.93
24.77
6.05
6.04
6.37
6.4
6.4
6.81
7.18
7.1
7.1
10.85
10.77
10.56
8.6
8.5
24.58
24.63
24.63
24.59
29.03
28.09
26.91
26.37
25.27
24.03
23.54
35.56
37.12
36.9
35.94
32.96
32.12
32.21
10.36
10.43
10.36
10.39
10.71
10.8
11.13
11.16
11.68
11.69
11.7
11.69
15.2
12.96
24.29
24.31
24.13
28.88
28.83
27.9
25.36
23.67
22.79
35.65
37.26
36.97
33.16
32.4
33.12
32.41
10.42
10.32
10.72
10.55
11.45
11.46
11.32
11.45
11.42
11.43
15.41
15.18
13.0
12.97
13.04
24.28
24.4
24.35
29.01
29.62
29.05
25.41
26.47
22.93
23.84
24.17
23.87
35.78
35.48
36.97
36.7
32.52
33.28
33.24
10.39
10.34
10.77
10.68
10.68
11.22
11.16
11.1
11.59
11.6
11.53
11.61
15.16
15.36
15.12
15.36
12.73
24.38
24.23
24.04
24.32
28.05
28.86
29.79
26.44
25.37
27.03
23.8
22.8
23.59
24.24
35.89
35.45
33.08
32.31
10.08
10.14
10.66
10.53
10.72
11.18
11.22
11.2
11.44
11.33
11.43
15.4
15.32
13.0
13.0
24.33
24.03
24.26
29.83
29.02
25.36
26.45
24.37
23.89
22.89
23.86
37.03
36.71
36.77
33.21
33.27
10.47
10.37
10.34
10.39
10.7
13.69
11.21
11.11
11.34
11.22
11.34
15.16
15.36
12.59
12.74
12.8
12.62
28.15
28.41
32.68
32.84
29.54
29.6
28.66
26.84
27.27
26.97
26.19
38.67
40.03
39.04
36.13
36.43
12.43
12.5
12.41
12.57
12.78
12.93
12.73
12.72
13.17
13.18
17.5
17.35
17.52
17.37
15.09
15.12
15.08
15.16
28.67
28.57
28.18
32.46
33.27
32.33
31.66
29.87
29.27
28.4
25.74
25.98
24.94
40.19
38.98
36.86
36.45
12.35
12.29
12.2
12.49
12.85
12.73
12.95
13.05
13.0
17.14
17.11
14.34
14.66
14.6
14.6
28.67
28.56
28.17
29.4
29.43
29.07
24.7
25.48
25.37
39.04
38.35
39.83
35.99
35.64
36.52
12.03
11.98
11.69
12.41
12.28
12.1
12.19
12.46
12.31
12.12
12.97
13.01
12.74
16.83
16.93
16.66
16.86
13.91
14.34
13.95
13.99
28.7
28.55
28.15
28.62
32.67
32.07
33.28
28.42
29.08
29.88
24.96
25.43
26.0
40.0
38.84
36.45
36.81
36.26
12.32
12.3
12.18
12.43
12.49
12.17
12.28
12.86
12.95
12.86
16.99
16.56
16.62
14.61
14.65
28.69
28.58
28.61
32.31
31.53
32.46
29.71
29.09
28.31
29.39
24.6
25.49
38.65
12.12
11.67
11.64
12.02
12.27
12.19
12.25
12.27
12.47
12.12
12.18
12.93
12.82
12.78
13.02
16.92
13.68
13.99
13.86
32.26
32.26
32.53
37.24
36.66
35.96
32.09
31.29
29.91
29.53
41.4
42.62
42.5
40.78
40.71
40.43
14.52
14.61
14.5
14.6
14.5
14.58
14.42
14.42
15.23
15.23
19.52
19.36
19.48
17.17
17.14
32.71
32.24
36.57
35.69
32.48
32.74
32.13
31.64
28.95
28.01
42.74
41.92
40.15
40.42
14.18
14.5
14.66
14.4
14.71
14.71
14.62
15.34
15.3
19.2
18.88
18.9
32.23
32.75
34.24
34.95
35.05
31.28
32.12
32.05
28.67
29.67
29.47
42.49
42.08
39.32
39.84
38.89
39.68
13.97
14.22
14.1
13.78
14.07
13.94
13.86
14.32
14.56
14.33
15.16
15.18
14.72
18.48
18.46
16.35
16.55
16.74
32.67
32.74
36.45
35.73
36.57
31.66
32.15
32.75
28.64
29.52
41.73
40.4
40.6
40.11
14.37
14.32
14.44
14.6
14.47
14.66
14.54
14.62
14.53
14.71
15.34
15.29
15.09
15.3
19.06
16.9
16.94
16.77
32.84
32.72
35.24
32.31
31.12
32.06
30.0
29.5
29.06
29.92
42.11
41.96
41.09
40.79
38.82
39.72
39.86
14.41
14.19
12.43
12.63
12.42
14.12
14.37
14.92
14.92
15.16
17.69
18.19
18.16
17.88
16.54
16.44
16.48
