0
0.27
2.61
3.76
4.99
7.16
11.93
32.75
0.17
0.37
0.66
1.59
2.33
4.61
7.11
11.99
21.09
35.01
0.09
0.29
0.56
0.86
1.31
1.99
2.94
4.21
5.54
8.25
13.08
50.14
0.2
0.35
0.65
0.93
1.37
1.97
2.83
3.99
5.19
8.03
21.51
33.97
50.36
0.35
0.65
0.93
1.37
3.99
5.19
8.03
12.86
21.51
33.97
50.36
0.12
0.43
0.69
1.09
1.67
4.62
6.86
11.56
34.5
54.23
0.28
0.44
0.7
1.07
1.57
2.23
3.09
4.09
8.28
12.8
20.41
32.34
0.2
0.38
0.64
0.97
1.36
1.98
4.35
12.15
30.09
44.38
0.15
1.24
2.49
4.83
7.37
21.99
53.07
0.24
0.79
2.88
4.14
5.96
9.07
24.13
55.44
0.07
0.18
0.4
0.7
1.14
1.83
4.12
5.41
7.87
21.02
51.77
0.26
0.5
3.76
5.57
8.76
14.24
23.05
35.46
51.99
0.08
0.45
0.77
1.19
1.76
3.85
12.4
20.91
49.14
0.08
0.25
1.11
1.57
2.17
4.42
7.84
14.11
37.95
0.1
0.23
0.47
0.76
1.15
1.65
2.28
3.09
4.41
13.77
23.96
37.38
0.05
0.35
0.63
1.01
1.43
2.73
3.87
7.19
25.18
41.34
62.42
0.18
0.73
2.16
3.35
7.14
34.62
0.15
1.13
1.85
2.84
4.34
6.2
8.62
12.49
20.41
32.46
0.59
0.92
1.37
1.94
2.62
3.7
5.45
9.45
16.31
27.34
60.85
0.09
0.24
0.78
1.21
1.85
3.69
7.95
13.73
23.55
37.14
55.87
0.01
0.16
0.73
4.46
8.68
20.14
31.77
47.13
0.17
0.64
1.02
1.62
2.63
4.15
6.0
12.27
19.59
30.48
46.66
