0
0.47
0.78
1.82
2.61
4.99
7.16
11.93
49.49
0.04
0.17
0.66
1.59
3.29
4.61
11.99
21.09
35.01
0.09
0.29
0.56
1.31
1.99
2.94
4.21
5.54
8.25
13.08
21.4
33.14
0.2
0.35
0.93
1.37
1.97
2.83
3.99
5.19
8.03
21.51
50.36
0.35
0.65
0.93
1.37
1.97
2.83
3.99
12.86
50.36
0.12
0.26
0.43
0.69
1.67
2.46
4.62
6.86
11.56
20.63
34.5
54.23
0.28
0.7
2.23
3.09
4.09
12.8
47.29
0.2
0.38
1.36
1.98
2.91
4.35
12.15
19.18
30.09
44.38
0.15
1.24
1.76
2.49
3.45
4.83
12.76
21.99
0.11
0.24
0.49
0.79
1.28
1.96
5.96
9.07
38.12
0.4
0.7
1.14
1.83
2.77
4.12
5.41
7.87
12.71
0.08
0.26
0.5
0.83
1.28
1.9
2.68
3.76
5.57
14.24
51.99
0.08
0.45
1.19
1.76
2.59
3.85
5.27
7.74
12.4
49.14
0.08
0.25
0.46
0.75
1.57
2.17
2.98
14.11
24.14
55.17
0.23
0.47
0.76
1.15
1.65
3.09
4.41
7.51
13.77
23.96
37.38
56.46
0.17
0.35
0.63
1.01
1.43
2.73
25.18
41.34
0.03
0.18
0.4
1.3
2.16
3.35
10.36
15.25
23.15
34.62
51.5
0.06
0.15
0.34
1.13
1.85
2.84
4.34
6.2
8.62
12.49
32.46
50.94
0.16
0.92
1.37
3.7
9.45
16.31
60.85
0.09
0.24
1.21
1.85
2.62
3.69
5.07
37.14
55.87
0.01
0.39
0.73
1.24
1.96
3.04
4.46
6.31
8.68
12.39
31.77
47.13
0.17
0.64
1.02
1.62
2.63
6.0
19.59
30.48
46.66
